5.000000
36 36 36
125.999998 125.999998 125.999998
35.999996 35.999996 35.999996
10.835943 328.131552 138.337997
25208 8 16 19
0.818595 -0.323276 -0.474757 2.725096
22509 9 13 17
0.567954 0.583102 0.580879 2.143363
25101 9 13 19
-0.110874 -0.978787 0.172288 2.159398
22545 9 14 17
-0.538900 0.827778 -0.156110 2.640382
21321 9 16 16
0.946144 0.117991 -0.301480 2.937536
23770 10 12 18
-0.261823 -0.963836 -0.049696 2.933176
25066 10 12 19
-0.577395 -0.654342 -0.488314 2.529009
28990 10 13 22
-0.104678 0.967012 0.232228 2.075940
18658 10 14 14
0.915442 0.322954 0.240140 3.176657
31618 10 14 24
0.506428 0.082549 -0.858322 1.404659
26506 10 16 20
0.637695 0.760718 -0.121049 4.700526
29098 10 16 22
0.958235 -0.208569 -0.195664 4.562387
25246 10 17 19
0.934390 0.032987 0.354722 6.347187
26542 10 17 20
0.952147 0.049147 -0.301664 6.298516
20098 10 18 15
0.878013 -0.234748 0.417117 2.849767
23699 11 10 18
0.775560 0.558044 0.295117 4.140950
23735 11 11 18
0.835281 -0.541807 0.093542 4.382431
18623 11 13 14
0.805931 0.590455 0.042871 3.394833
19919 11 13 15
0.252864 -0.785923 -0.564256 3.013317
17363 11 14 13
0.445659 0.238783 0.862769 3.401461
17399 11 15 13
0.459652 -0.219590 0.860523 3.427556
29099 11 16 22
0.796615 0.386869 -0.464474 7.705120
18767 11 17 14
0.462773 0.881086 -0.097612 3.231056
25247 11 17 19
0.838127 -0.061574 0.541988 10.509269
26579 11 18 20
0.339118 -0.936568 -0.088540 7.951880
27875 11 18 21
0.506854 -0.806062 -0.305554 6.945134
21431 11 19 16
0.445619 -0.885281 -0.133048 3.447488
25535 11 25 19
0.619062 0.772810 0.139738 7.180509
25571 11 26 19
0.982334 -0.116125 0.146749 9.528940
26867 11 26 20
0.584489 -0.069370 -0.808431 7.052828
25607 11 27 19
0.782393 -0.610579 0.122695 6.517478
26939 11 28 20
0.845815 -0.415495 -0.334607 3.327232
28884 12 10 22
0.163313 -0.209839 -0.964000 2.111802
19848 12 11 15
0.392093 0.753086 0.528322 3.826487
21144 12 11 16
0.646781 0.743034 0.171975 4.842193
23736 12 11 18
0.839072 -0.464859 0.282604 6.663439
21180 12 12 16
0.839235 -0.543762 -0.002789 5.337028
31548 12 12 24
0.122095 0.825669 -0.550784 2.391907
17328 12 13 13
0.627772 0.396854 0.669634 3.799183
31584 12 13 24
0.326235 -0.210469 -0.921561 2.596588
23916 12 16 18
0.564256 0.202840 0.800294 8.837977
25212 12 16 19
0.696128 0.648960 0.307012 12.749266
27804 12 16 21
0.667183 0.689674 -0.281453 11.955996
25248 12 17 19
0.133889 -0.879380 0.456908 12.773533
27840 12 17 21
-0.300118 -0.934760 -0.190142 11.441799
29136 12 17 22
-0.185807 -0.600583 -0.777674 9.399283
30432 12 17 23
-0.013342 -0.432363 -0.901601 4.852481
25284 12 18 19
-0.222098 -0.969538 0.103285 7.497114
27876 12 18 21
-0.389998 -0.915518 -0.098639 7.039883
24024 12 19 18
-0.048106 -0.975365 -0.215286 3.342159
25464 12 23 19
0.416704 0.800816 0.430176 1.447482
26760 12 23 20
0.602960 0.763230 -0.232205 1.641926
25536 12 25 19
0.268343 0.962252 0.045417 9.827991
25572 12 26 19
0.939517 0.270065 -0.210650 14.818366
21792 12 29 16
0.706737 -0.607813 0.362058 5.169509
27553 13 9 21
0.375494 0.711372 -0.594100 4.185987
28849 13 9 22
0.348240 0.354466 -0.867803 2.358111
23701 13 10 18
0.643480 0.491524 0.586802 11.160943
24997 13 10 19
0.547273 0.785399 -0.289207 11.903847
26293 13 10 20
0.299561 0.615140 -0.729292 9.563794
26329 13 11 20
0.616207 -0.123471 -0.777846 10.520312
26365 13 12 20
0.949234 -0.096439 -0.299423 9.765950
23809 13 13 18
0.991341 0.042062 0.124394 10.243093
25141 13 14 19
0.959781 0.212205 -0.183818 11.032674
29029 13 14 22
0.814324 0.434337 -0.385004 7.706779
23881 13 15 18
0.809946 0.182283 0.557459 11.160585
26473 13 15 20
0.264313 0.961772 -0.071649 11.586599
30361 13 15 23
0.636257 0.053060 -0.769650 6.373809
16141 13 16 12
0.236448 0.044073 0.970644 3.451185
17437 13 16 13
0.966127 0.242413 0.088517 5.038917
23917 13 16 18
0.517050 0.209980 0.829800 12.137210
27805 13 16 21
0.167457 -0.279377 -0.945466 12.468389
29101 13 16 22
0.003249 -0.310097 -0.950699 9.699126
23953 13 17 18
0.623714 -0.527943 0.576418 11.514674
18877 13 20 14
0.274173 -0.928506 0.250413 1.920821
26797 13 24 20
0.671421 0.735332 -0.092089 6.968578
29425 13 25 22
0.591201 0.805492 0.040788 8.342497
30721 13 25 23
0.405321 0.910919 -0.077083 8.396713
32017 13 25 24
0.341269 0.841834 -0.418153 6.886737
25573 13 26 19
0.694227 0.680795 -0.233596 18.845943
29461 13 26 22
0.957767 0.205959 0.200659 12.790963
30757 13 26 23
0.944178 0.082244 -0.319004 12.641840
32053 13 26 24
0.655451 -0.187065 -0.731704 9.347664
33349 13 26 25
0.300535 -0.196615 -0.933285 4.445927
21721 13 27 16
0.776803 0.375703 0.505395 13.408737
23017 13 27 17
0.929190 0.221768 0.295676 16.295710
24313 13 27 18
0.879512 -0.447421 0.162090 18.008266
25609 13 27 19
0.644162 -0.695046 -0.319321 17.561296
29497 13 27 22
0.905950 -0.418256 0.065693 11.281109
21757 13 28 16
0.767760 -0.418201 0.485442 13.123750
23053 13 28 17
0.863413 -0.504281 -0.014748 14.856436
26941 13 28 20
0.600197 -0.646811 -0.470531 10.123323
23089 13 29 17
0.513638 -0.855115 -0.070379 9.278260
27554 14 9 21
-0.051755 0.769043 -0.637099 4.624166
23702 14 10 18
-0.214290 0.875304 0.433500 12.187161
27590 14 10 21
0.063096 0.180944 -0.981467 5.928532
21146 14 11 16
0.480445 0.799325 0.360905 11.258328
22442 14 11 17
0.420776 0.782834 0.458387 12.798028
23738 14 11 18
0.777059 0.092412 0.622607 14.560352
21182 14 12 16
0.131194 -0.630194 0.765274 11.380771
22478 14 12 17
0.490967 -0.690325 0.531415 13.723208
26366 14 12 20
0.509819 0.291022 -0.809562 12.492501
17330 14 13 13
0.776755 0.595387 0.205343 8.666784
23810 14 13 18
0.971962 -0.195231 -0.131056 13.035726
26402 14 13 20
0.814873 -0.574856 0.074313 12.591611
27698 14 13 21
0.451656 0.558348 -0.695884 11.532390
27734 14 14 21
0.791211 0.423062 0.441593 12.779409
29030 14 14 22
0.656527 0.615980 -0.435364 12.158318
32918 14 14 25
0.204792 0.047091 -0.977672 2.622608
23882 14 15 18
0.047727 -0.957427 -0.284702 12.647511
29066 14 15 22
0.860083 -0.127762 -0.493896 13.738341
31658 14 15 24
0.489312 -0.256122 -0.833652 5.579277
18770 14 17 14
0.792247 -0.545345 0.273757 6.522726
21362 14 17 16
0.726917 -0.415828 0.546515 9.831803
22658 14 17 17
0.680738 -0.515463 0.520475 12.493947
23954 14 17 18
0.121371 -0.973642 0.193106 13.752083
25250 14 17 19
-0.191144 -0.971684 -0.138900 13.707224
26546 14 17 20
0.163708 -0.947393 -0.275040 12.705452
27842 14 17 21
0.352255 -0.803947 -0.479152 10.574193
29174 14 18 22
0.712371 -0.368320 -0.597385 4.493908
20138 14 19 15
0.893980 -0.442704 0.069378 6.062536
26798 14 24 20
0.418836 0.908062 0.000147 10.668428
24242 14 25 18
0.209481 0.785549 0.582264 12.162737
26834 14 25 20
0.524312 0.851515 0.004410 16.607595
24278 14 26 18
-0.235316 0.697496 0.676850 17.950388
26870 14 26 20
0.646623 0.368210 -0.668058 19.702932
28166 14 26 21
0.960283 0.219829 -0.171850 18.435471
29462 14 26 22
0.638370 0.732885 -0.235294 17.899153
30758 14 26 23
0.068946 0.665801 -0.742937 15.588584
32054 14 26 24
-0.045446 0.171816 -0.984080 10.922289
21722 14 27 16
-0.338013 0.727583 0.596968 15.659411
23018 14 27 17
-0.485014 0.743168 0.460937 18.556850
24314 14 27 18
-0.924781 -0.115231 0.362632 19.887280
26906 14 27 20
0.440637 -0.760109 -0.477569 18.032980
29498 14 27 22
0.906967 -0.410959 -0.092320 18.267225
30794 14 27 23
0.511046 -0.436108 -0.740704 15.347900
20462 14 28 15
0.298057 -0.073312 0.951729 12.166386
23054 14 28 17
0.451114 -0.845365 0.286101 18.919563
25646 14 28 19
0.551070 -0.766109 -0.330756 16.298693
26942 14 28 20
0.567452 -0.739810 -0.361495 13.963787
29534 14 28 22
0.781231 -0.611644 -0.124777 14.328947
30830 14 28 23
0.612407 -0.578031 -0.539294 10.848551
20498 14 29 15
0.437103 -0.671175 0.598719 9.434246
24386 14 29 18
0.452357 -0.869539 -0.198179 12.376911
20534 14 30 15
0.302701 -0.887957 0.346273 4.307151
18519 15 10 14
0.419145 0.555757 0.717949 7.534451
24999 15 10 19
0.075089 0.995542 0.057069 11.680946
19851 15 11 15
-0.048036 -0.699972 0.712553 10.592865
25035 15 11 19
-0.355268 0.843867 -0.402086 14.629148
32811 15 11 25
0.176832 -0.073837 -0.981468 1.278377
25071 15 12 19
0.824757 0.162322 -0.541690 15.386962
17331 15 13 13
-0.386659 0.676688 0.626569 9.478014
25107 15 13 19
0.903190 -0.415997 -0.105805 14.881751
28995 15 13 22
0.291908 0.789744 -0.539532 10.600776
17367 15 14 13
-0.311425 -0.521456 0.794417 9.253008
18663 15 14 14
0.771996 0.297803 -0.561547 10.846332
22551 15 14 17
-0.163775 -0.238905 0.957132 11.963702
19995 15 15 15
0.782221 0.622963 -0.006814 11.574675
27771 15 15 21
-0.188912 0.468033 0.863283 14.386012
30363 15 15 23
0.109278 -0.368533 -0.923169 12.917915
31659 15 15 24
0.024908 -0.248814 -0.968231 7.130371
17439 15 16 13
-0.124532 -0.162570 0.978807 5.884644
18735 15 16 14
0.047175 -0.339048 0.939586 9.727179
20031 15 16 15
0.507268 -0.454996 0.731886 12.086307
30399 15 16 23
0.262232 -0.697757 -0.666610 8.987035
27843 15 17 21
0.264757 -0.857974 -0.440210 12.188236
23991 15 18 18
0.000481 -0.959888 -0.280382 7.956328
20139 15 19 15
0.725732 -0.617603 0.303117 8.257047
21435 15 19 16
0.465612 -0.649575 -0.601047 7.147547
29247 15 20 22
0.980924 -0.168820 -0.096370 6.583972
17619 15 21 13
0.397197 -0.839790 0.370118 1.616074
18915 15 21 14
0.327299 -0.936326 0.127154 2.038528
31911 15 22 24
0.777069 -0.421840 -0.467135 3.853435
25503 15 24 19
0.169251 0.879941 0.443912 11.541265
28095 15 24 21
0.084880 0.925894 -0.368126 10.681331
24243 15 25 18
-0.259914 0.513842 0.817564 11.861712
26835 15 25 20
-0.300165 0.929428 0.214626 17.425282
28131 15 25 21
-0.031574 0.961418 -0.273274 17.367638
29427 15 25 22
0.080091 0.796455 -0.599371 13.988926
25575 15 26 19
-0.737841 0.516516 0.434514 18.261314
28167 15 26 21
-0.838848 0.060610 0.540980 19.391554
29463 15 26 22
-0.299873 0.608491 -0.734721 18.648249
32055 15 26 24
0.110692 0.514776 -0.850149 10.783616
28203 15 27 21
-0.484808 -0.378641 0.788412 18.748913
29499 15 27 22
-0.794958 0.004709 -0.606646 19.623461
20463 15 28 15
-0.511448 0.272312 0.815026 10.963724
23055 15 28 17
-0.524318 0.726084 0.444852 18.637476
25647 15 28 19
0.234048 -0.846295 -0.478546 18.266293
29535 15 28 22
0.368099 -0.887439 -0.277408 18.481173
21795 15 29 16
0.245615 -0.829813 0.501082 14.928146
23091 15 29 17
0.358177 -0.933651 0.002197 16.499361
25683 15 29 19
0.574159 -0.818537 0.018401 14.888835
29571 15 29 22
0.705195 -0.637936 -0.309416 14.572339
21831 15 30 16
0.222917 -0.957675 0.182118 7.388616
27015 15 30 20
0.981529 -0.065766 0.179652 14.055495
27051 15 31 20
0.972191 -0.151932 0.178218 13.517798
28347 15 31 21
0.905900 -0.210778 -0.367313 12.680346
29643 15 31 22
0.708680 -0.311782 -0.632902 8.128983
27087 15 32 20
0.864631 -0.486902 0.123849 11.102041
23668 16 9 18
0.387645 0.761609 0.519310 7.014692
18520 16 10 14
-0.625976 0.430267 0.650403 7.022646
19816 16 10 15
-0.684604 0.726653 -0.057374 8.283472
25000 16 10 19
-0.259939 0.733484 0.628039 11.953554
26296 16 10 20
-0.374783 0.378044 -0.846534 11.064456
22444 16 11 17
-0.710757 0.587629 0.386674 13.076685
27628 16 11 21
-0.562023 0.286625 -0.775871 7.944442
23776 16 12 18
-0.962610 0.241797 -0.122135 14.181764
27664 16 12 21
-0.774772 0.339190 -0.533553 9.648375
21220 16 13 16
0.486885 -0.341072 0.804123 11.021760
22516 16 13 17
-0.430421 -0.744520 0.510322 12.761358
23812 16 13 18
-0.846791 -0.365180 0.386766 14.083573
26404 16 13 20
-0.738095 0.398891 -0.544151 13.844840
28996 16 13 22
-0.703481 0.541208 -0.460660 9.417914
30292 16 13 23
-0.501412 0.623642 -0.599714 6.190356
22552 16 14 17
-0.777486 -0.592671 0.210371 10.065291
23848 16 14 18
-0.719069 -0.487125 0.495629 11.955260
25144 16 14 19
-0.695213 -0.562130 0.447984 14.070951
26440 16 14 20
0.189485 -0.545429 -0.816457 14.498216
29032 16 14 22
-0.758224 0.547282 -0.354370 12.201451
30328 16 14 23
-0.669869 0.453634 -0.587786 9.654424
19996 16 15 15
-0.830774 0.411503 0.374807 11.194434
21292 16 15 16
-0.716115 0.582035 -0.385245 10.706260
25180 16 15 19
-0.700500 -0.133511 0.701053 12.887910
30364 16 15 23
-0.572389 0.018821 -0.819766 11.247585
21328 16 16 16
-0.712463 0.701389 -0.021235 12.656828
22624 16 16 17
-0.768947 0.619210 -0.159060 12.140094
25216 16 16 19
-0.794778 0.115815 0.595747 13.199287
16180 16 17 12
0.280308 0.378465 0.882152 3.574260
23956 16 17 18
-0.607838 -0.708838 -0.357885 12.120570
30436 16 17 23
0.608370 0.143692 -0.780537 9.861703
16216 16 18 12
0.449426 -0.128559 0.884018 3.929887
22696 16 18 17
0.224473 -0.840576 -0.492994 10.865207
26584 16 18 20
0.062005 -0.717717 0.693568 8.705757
27880 16 18 21
0.552496 -0.320961 0.769241 12.735250
29176 16 18 22
0.977002 0.105028 -0.185568 13.947079
30472 16 18 23
0.748576 0.139464 -0.648216 11.208461
30508 16 19 23
0.900554 -0.112538 -0.419926 11.024022
14992 16 20 11
0.457033 -0.337627 0.822878 1.840660
18880 16 20 14
0.212989 -0.633517 0.743836 5.011547
20176 16 20 15
0.368461 -0.914998 0.164363 7.171643
17620 16 21 13
0.372088 -0.886966 0.273574 2.069548
29284 16 21 22
0.832469 -0.394509 0.389047 10.231639
25468 16 23 19
-0.171406 0.895098 0.411605 5.204825
25504 16 24 19
-0.222013 0.843432 0.489217 11.127625
26800 16 24 20
-0.187471 0.974674 -0.121920 12.260456
25540 16 25 19
-0.160801 0.669433 0.725260 15.685362
28132 16 25 21
-0.428018 0.882331 -0.195684 16.043674
25576 16 26 19
-0.239090 0.536951 0.809024 17.195086
29464 16 26 22
-0.675635 0.412070 -0.611323 16.735016
25612 16 27 19
-0.842034 0.525843 -0.120286 17.935764
29500 16 27 22
-0.883814 0.250496 -0.395125 17.139301
33388 16 27 25
0.074797 -0.140549 -0.987244 6.770938
23056 16 28 17
-0.431491 0.799249 0.418350 16.129780
25648 16 28 19
-0.298742 -0.547466 -0.781686 17.949692
30832 16 28 23
-0.141582 -0.124686 -0.982043 16.259039
21796 16 29 16
-0.151133 -0.401202 0.903436 15.093973
23092 16 29 17
-0.143784 -0.979966 0.137814 17.546562
24388 16 29 18
0.425787 -0.877330 -0.221355 17.197289
26980 16 29 20
0.256274 -0.098306 0.961592 17.201071
28276 16 29 21
0.795108 0.195129 0.574219 18.283619
30868 16 29 23
0.463592 -0.419690 -0.780347 14.701292
27016 16 30 20
0.361097 0.182354 0.914525 17.259415
29608 16 30 22
0.660333 -0.362093 -0.657913 16.411425
24460 16 31 18
0.538783 -0.356657 0.763222 11.051783
25756 16 31 19
0.725017 -0.136719 0.675025 15.246223
28348 16 31 21
0.623611 -0.523869 -0.580233 17.661085
29644 16 31 22
0.518717 -0.539060 -0.663586 13.374525
27088 16 32 20
0.291232 -0.934652 0.203984 15.464136
28384 16 32 21
0.153236 -0.777099 -0.610439 13.405822
27124 16 33 20
-0.015474 -0.998751 0.047500 9.129019
23669 17 9 18
0.032661 0.672394 0.739473 8.281303
24965 17 9 19
0.246612 0.949399 0.194483 10.910324
26261 17 9 20
0.316012 0.373926 -0.871961 9.848457
27557 17 9 21
0.173170 -0.150499 -0.973325 6.066762
31445 17 9 24
0.151162 0.705924 -0.691969 1.450493
26297 17 10 20
-0.490534 -0.521641 -0.698045 8.581325
18557 17 11 14
-0.740662 0.633579 0.223602 5.151392
17297 17 12 13
-0.461211 0.475802 0.748930 6.377894
18593 17 12 14
-0.399593 0.894988 0.198297 8.540728
21185 17 12 16
-0.607340 0.652280 0.453509 10.670887
23777 17 12 18
-0.665951 0.461516 -0.586099 10.908879
17333 17 13 13
-0.309646 -0.157012 0.937799 7.054542
18629 17 13 14
-0.298819 0.194370 0.934306 10.732924
21221 17 13 16
-0.671521 -0.740686 -0.021058 10.675928
32921 17 14 25
-0.179218 -0.197236 -0.963835 1.872754
17405 17 15 13
0.213966 0.299736 0.929719 5.929917
27773 17 15 21
-0.852607 0.434971 -0.289587 14.081094
17441 17 16 13
0.245431 0.205239 0.947439 7.012743
29105 17 16 22
-0.740936 0.204746 -0.639604 13.658142
30401 17 16 23
-0.236725 0.280206 -0.930293 10.212670
17477 17 17 13
0.096659 -0.303727 0.947843 6.760794
18773 17 17 14
0.148461 -0.201615 0.968148 10.927539
20069 17 17 15
0.154139 0.366832 0.917429 13.715175
23957 17 17 18
-0.925220 0.084355 -0.369935 8.946685
26549 17 17 20
-0.382119 -0.655398 0.651490 11.745575
30437 17 17 23
0.105008 0.489516 -0.865649 11.996300
16217 17 18 12
0.635467 0.148124 0.757787 4.313926
29177 17 18 22
0.004302 0.934573 0.355746 16.291124
30473 17 18 23
0.478616 0.545428 -0.688066 14.782348
31769 17 18 24
0.604348 0.649282 -0.461732 11.418146
20141 17 19 15
0.276508 -0.630943 0.724882 11.705404
21437 17 19 16
0.473494 -0.699692 -0.535009 11.613523
29213 17 19 22
0.847563 -0.327013 0.417970 16.829226
33101 17 19 25
0.580918 0.199653 -0.789096 11.266725
20177 17 20 15
0.068231 -0.952261 0.297562 8.360237
22769 17 20 17
0.488669 -0.696351 -0.525640 5.682625
31841 17 20 24
0.778935 -0.457264 -0.429151 15.262389
33137 17 20 25
0.354461 -0.350623 -0.866845 10.341429
22805 17 21 17
0.442082 -0.831964 -0.335259 2.365682
29285 17 21 22
0.707361 -0.493695 0.505871 13.042144
31877 17 21 24
0.223717 -0.525905 -0.820594 12.891419
29321 17 22 22
0.825772 -0.355162 0.438133 11.958832
30617 17 22 23
0.811337 -0.584463 -0.011634 13.120718
33281 17 24 25
0.590757 0.021732 -0.806557 6.474770
24245 17 25 18
0.233614 0.490189 0.839726 10.869314
25541 17 25 19
0.025123 0.896900 0.441520 15.306060
28133 17 25 21
0.616368 0.785211 0.059453 16.022989
30725 17 25 23
0.714230 0.668984 -0.205758 14.303467
25577 17 26 19
0.371636 0.927824 0.032094 17.085821
26873 17 26 20
0.112804 -0.277502 -0.954080 15.896608
28169 17 26 21
0.418710 -0.160421 0.893838 16.168146
32057 17 26 24
0.039244 0.052586 -0.997845 12.878275
24317 17 27 18
0.223419 0.380745 0.897283 15.947104
28205 17 27 21
0.181338 0.831412 0.525233 16.803989
29501 17 27 22
0.610528 0.142596 -0.779052 16.783682
33389 17 27 25
-0.209428 -0.020387 -0.977612 6.075876
24353 17 28 18
-0.238157 0.323634 0.915719 17.615101
28241 17 28 21
-0.996050 -0.084561 -0.027100 17.561848
21797 17 29 16
-0.279329 0.143756 0.949373 14.028934
24389 17 29 18
-0.254478 -0.297168 0.920289 17.802021
25685 17 29 19
0.795544 -0.115349 -0.594815 18.222504
30869 17 29 23
0.822262 -0.186926 -0.537535 16.745693
20537 17 30 15
0.071550 -0.698717 0.711811 6.021827
21833 17 30 16
0.096161 -0.907125 0.409728 10.056494
23129 17 30 17
0.106967 -0.874927 0.472292 12.804233
24425 17 30 18
0.316000 -0.467133 0.825791 16.528564
25721 17 30 19
0.986035 0.019235 -0.165422 18.149673
29609 17 30 22
-0.640396 0.012096 -0.767949 17.373714
32201 17 30 24
0.461023 -0.456787 -0.760792 11.104873
27053 17 31 20
-0.177784 -0.541256 0.821849 18.767204
28349 17 31 21
-0.268633 -0.793924 -0.545454 18.551685
29645 17 31 22
0.195439 -0.721737 -0.664002 15.944627
30941 17 31 23
0.236290 -0.690220 -0.683932 11.929754
25793 17 32 19
-0.127637 -0.912028 0.389761 12.992413
27089 17 32 20
-0.333838 -0.942569 0.010789 14.732720
26226 18 8 20
-0.125045 0.991584 -0.033537 6.919773
28818 18 8 22
0.072878 0.644166 -0.761406 3.108143
24966 18 9 19
-0.607343 0.716646 0.342861 10.313974
26262 18 9 20
-0.509372 -0.230119 -0.829207 9.696260
27558 18 9 21
-0.179107 -0.410420 -0.894134 6.127647
23706 18 10 18
-0.376203 0.095362 0.921617 9.385852
25002 18 10 19
-0.404780 -0.593569 -0.695578 10.367584
25038 18 11 19
0.448162 -0.233877 -0.862816 8.830422
21186 18 12 16
-0.829779 0.448032 0.332768 7.114935
32850 18 12 25
-0.432584 0.147855 -0.889387 1.842774
23814 18 13 18
-0.634464 -0.762928 0.124079 9.584204
25146 18 14 19
-0.602243 -0.412052 0.683752 8.241671
32922 18 14 25
-0.347446 -0.138234 -0.927455 1.571231
17406 18 15 13
0.193808 0.545147 0.815631 6.495137
19998 18 15 15
-0.799660 0.512432 -0.312980 9.086608
26478 18 15 20
-0.480714 0.057535 0.874988 11.338288
17442 18 16 13
0.277367 0.126249 0.952433 7.664333
21330 18 16 16
-0.605955 0.541826 -0.582446 9.293420
21366 18 17 16
-0.852054 0.350423 -0.388855 11.785152
31734 18 17 24
0.214814 0.833113 -0.509685 9.117501
13626 18 18 10
0.424321 0.345367 0.837062 3.533666
20106 18 18 15
-0.864802 -0.289899 0.409970 12.768299
22698 18 18 17
-0.528391 0.337174 -0.779177 11.441613
23994 18 18 18
-0.117899 0.145622 -0.982290 7.735109
27882 18 18 21
-0.638411 0.000506 0.769695 11.480436
30474 18 18 23
-0.396269 0.917916 -0.020030 15.264814
31770 18 18 24
0.162899 0.919633 -0.357407 14.328372
16254 18 19 12
0.804290 -0.592341 0.047440 5.481965
21438 18 19 16
-0.275241 -0.960624 -0.037996 11.998447
29214 18 19 22
-0.591337 0.452208 0.667704 16.719957
30510 18 19 23
-0.111214 0.983788 0.140687 17.712107
33102 18 19 25
0.096476 0.004053 -0.995327 13.842959
29250 18 20 22
0.336093 -0.883744 0.325635 16.494644
26694 18 21 20
0.804853 0.199430 0.558963 11.364447
27990 18 21 21
0.876005 -0.128999 0.464730 14.145114
18954 18 22 14
0.660023 -0.747904 0.070773 3.852581
20250 18 22 15
0.702546 -0.653348 -0.282074 3.352216
29322 18 22 22
0.976843 -0.000728 0.213954 15.285546
30618 18 22 23
0.960244 -0.268938 -0.074852 15.441511
31950 18 23 24
0.759617 -0.288365 -0.582948 13.473339
25506 18 24 19
0.502003 0.770878 0.392098 11.963866
28098 18 24 21
0.581236 0.677705 0.450424 15.617977
30690 18 24 23
0.652961 0.752114 -0.089252 14.737822
31986 18 24 24
0.569264 0.461882 -0.680150 13.711067
26838 18 25 20
0.018408 0.945121 0.326203 15.809807
30726 18 25 23
0.809031 0.546246 -0.216989 18.402777
32022 18 25 24
0.440247 0.050849 -0.896436 15.285223
24282 18 26 18
0.210008 0.331827 0.919667 15.893480
25578 18 26 19
0.507650 0.654940 -0.559773 17.743826
28170 18 26 21
-0.633232 -0.642817 0.431050 16.226675
24318 18 27 18
0.045461 -0.057106 0.997333 16.578259
25614 18 27 19
0.004564 -0.520565 -0.853810 18.099211
26910 18 27 20
0.044771 0.326203 -0.944239 16.905489
28206 18 27 21
-0.965440 0.209868 -0.154537 16.076967
30834 18 28 23
0.778457 0.627684 0.004242 18.557980
32130 18 28 24
0.167122 0.362573 -0.916848 14.946353
21798 18 29 16
-0.324899 0.238839 0.915094 12.501224
23094 18 29 17
0.461056 0.409592 0.787186 15.800979
26982 18 29 20
-0.105957 0.199254 -0.974203 17.208065
32166 18 29 24
0.160596 -0.058103 -0.985309 16.601419
33462 18 29 25
-0.055038 -0.040482 -0.997663 7.756519
21834 18 30 16
-0.029659 -0.682045 0.730709 10.390129
25722 18 30 19
-0.378923 0.703189 -0.601616 19.342690
32202 18 30 24
0.059328 -0.655359 -0.752984 13.310507
25758 18 31 19
-0.401747 -0.914495 0.047936 17.497314
27054 18 31 20
-0.743953 -0.651888 -0.146888 16.834078
29646 18 31 22
-0.208155 -0.669265 -0.713271 15.919033
29682 18 32 22
-0.023764 -0.957892 -0.286143 10.273396
26263 19 9 20
-0.933634 -0.110590 -0.340731 6.877831
30151 19 9 23
-0.371826 0.101941 -0.922688 2.397173
25003 19 10 19
-0.971822 0.092719 -0.216712 7.493231
22447 19 11 17
-0.576829 0.379213 0.723510 4.027747
23743 19 11 18
-0.783290 0.128449 0.608242 7.339133
25039 19 11 19
-0.872183 0.224697 -0.434521 8.203270
25075 19 12 19
-0.980119 -0.185669 -0.069962 8.447546
26371 19 12 20
-0.382178 0.399136 -0.833445 6.553326
32851 19 12 25
-0.653629 0.004345 -0.756803 1.280260
26407 19 13 20
-0.913181 0.256897 -0.316393 7.665704
16075 19 14 12
0.503706 0.526070 0.685224 3.324290
27739 19 14 21
-0.444200 0.769352 -0.459113 8.280040
26479 19 15 20
-0.703598 0.053269 0.708599 8.458951
29071 19 15 22
-0.124326 0.729318 -0.672784 9.428463
26515 19 16 20
-0.676139 -0.103673 0.729444 8.410039
29107 19 16 22
-0.674790 -0.195873 -0.711542 11.087160
30403 19 16 23
-0.182681 0.496076 -0.848844 8.428734
20071 19 17 15
-0.781469 0.132095 -0.609800 9.585595
25255 19 17 19
-0.656101 0.117810 0.745421 3.912713
27847 19 17 21
-0.840721 -0.519257 0.153493 9.017557
30439 19 17 23
-0.876883 0.447953 -0.174396 10.110960
16219 19 18 12
0.866022 0.361852 0.345064 8.473730
20107 19 18 15
-0.684753 0.583591 -0.436503 10.722678
33067 19 18 25
-0.284358 0.850874 -0.441763 12.193992
34363 19 18 26
-0.089349 0.350000 -0.932479 9.223942
35659 19 18 27
-0.057884 0.001563 -0.998322 4.861936
16255 19 19 12
0.238010 -0.938771 0.249118 7.412924
18847 19 19 14
0.569924 -0.560876 0.600504 10.586464
34399 19 19 26
0.075879 -0.331150 -0.940522 8.279821
13699 19 20 10
0.170186 -0.726209 0.666076 3.360741
30547 19 20 23
0.249247 -0.586286 0.770808 18.127819
31843 19 20 24
0.519998 -0.417477 -0.745195 17.910774
27991 19 21 21
0.558554 0.821236 0.116569 16.343969
31879 19 21 24
-0.013991 -0.873219 -0.487128 16.088787
33175 19 21 25
0.529490 -0.245880 -0.811901 13.654066
18955 19 22 14
0.219055 -0.862560 0.456076 5.221323
25435 19 22 19
0.832987 0.215923 0.509422 15.316725
29323 19 22 22
-0.373948 -0.502114 -0.779773 16.163036
31915 19 22 24
-0.758632 -0.297974 -0.579386 15.077088
33211 19 22 25
0.130736 -0.341560 -0.930723 11.996134
18991 19 23 14
0.274550 -0.938344 0.210078 2.560014
28063 19 23 21
0.490383 -0.820477 0.293840 16.096710
31951 19 23 24
-0.428716 -0.654370 -0.622898 14.085087
33247 19 23 25
-0.121221 -0.335674 -0.934146 9.932261
29395 19 24 22
-0.114356 0.969437 0.217061 16.658918
25543 19 25 19
0.453633 0.884830 0.106273 16.490620
29431 19 25 22
-0.258978 -0.053344 0.964409 18.053925
30727 19 25 23
0.069608 0.908204 -0.412699 19.898396
32023 19 25 24
-0.216496 0.131203 -0.967427 15.833041
33319 19 25 25
-0.286992 -0.083792 -0.954261 8.023511
24283 19 26 18
0.202253 0.400973 0.893484 16.827866
26875 19 26 20
0.537900 0.401580 -0.741213 17.515789
30763 19 26 23
0.282595 -0.957212 0.062329 19.100958
32059 19 26 24
-0.034284 -0.244138 -0.969134 14.897497
25615 19 27 19
0.667889 -0.702535 -0.245702 18.822208
28207 19 27 21
0.268293 0.102142 -0.957907 15.064874
32095 19 27 24
0.010813 0.011882 -0.999871 13.745631
32131 19 28 24
-0.192483 0.146081 -0.970366 14.691951
23095 19 29 17
-0.063874 0.031972 0.997446 16.767063
28279 19 29 21
0.639222 0.139069 0.756343 17.289814
29575 19 29 22
0.456718 -0.086052 0.885440 19.212521
30871 19 29 23
-0.503079 -0.476633 -0.720925 20.819691
23131 19 30 17
-0.227809 -0.387912 0.893100 15.713135
27019 19 30 20
-0.586379 -0.663396 -0.464828 16.929893
30907 19 30 23
-0.142450 -0.953392 -0.265991 17.372021
32203 19 30 24
-0.218116 -0.566611 -0.794592 12.332580
23167 19 31 17
-0.145952 -0.786274 0.600392 11.685679
24463 19 31 18
-0.330535 -0.932757 0.143916 14.551779
25759 19 31 19
-0.485510 -0.866471 -0.116221 14.358397
28351 19 31 21
0.111966 -0.889322 0.443362 15.913330
29647 19 31 22
-0.367932 -0.647152 -0.667698 14.776234
29683 19 32 22
-0.192351 -0.878350 -0.437610 9.261899
28820 20 8 22
-0.638374 0.713168 -0.289603 1.581223
21152 20 11 16
-0.066820 0.877642 0.474637 1.450485
32816 20 11 25
-0.300299 0.092854 -0.949315 0.861361
16076 20 14 12
0.746692 0.271933 0.607045 5.586141
19964 20 14 15
0.162067 0.313809 -0.935552 3.959092
17408 20 15 13
0.618977 0.640111 0.455110 10.616788
18704 20 15 14
0.200645 0.481969 -0.852905 9.940955
18740 20 16 14
-0.238166 -0.004736 -0.971213 10.781806
16184 20 17 12
0.331284 -0.506706 0.795927 9.987064
17480 20 17 13
0.626436 -0.756132 0.189320 11.646599
18776 20 17 14
-0.069805 -0.079640 -0.994377 10.507242
13628 20 18 10
0.195023 0.362888 0.911196 5.429775
31772 20 18 24
-0.408725 0.910004 0.069544 10.530122
13664 20 19 10
-0.096312 -0.553685 0.827138 5.261642
14960 20 19 11
-0.607366 -0.791183 -0.071664 6.072626
17552 20 19 13
-0.546262 -0.654780 0.522361 8.074100
18848 20 19 14
-0.529029 -0.661213 0.531907 10.524829
20144 20 19 15
-0.967135 0.020454 0.253440 11.636960
21440 20 19 16
-0.464527 0.876620 0.125507 11.892996
22736 20 19 17
-0.290063 0.955389 -0.055631 12.204600
24032 20 19 18
-0.042406 0.750603 -0.659392 10.544841
30512 20 19 23
-0.327946 0.723232 0.607772 14.470211
31808 20 19 24
-0.130308 0.991407 0.011462 17.028275
33104 20 19 25
-0.097966 0.584067 -0.805772 14.331225
26660 20 20 20
-0.592276 0.804417 0.046056 10.233232
30548 20 20 23
-0.582996 -0.140303 0.800269 17.219002
33140 20 20 25
0.102551 -0.018174 -0.994562 16.444952
24104 20 21 18
0.676308 0.567140 0.470063 12.194775
26696 20 21 20
-0.708106 0.706074 0.006810 14.846983
27992 20 21 21
-0.812967 0.582114 -0.015126 14.669397
33176 20 21 25
-0.354686 -0.795202 -0.491784 14.233590
34472 20 21 26
-0.175098 -0.230477 -0.957194 9.437946
20252 20 22 15
0.202898 -0.212452 0.955875 7.951678
24140 20 22 18
0.524008 0.618925 0.585105 15.392497
25436 20 22 19
-0.111215 0.914460 0.389094 17.657986
28028 20 22 21
-0.886918 0.225474 -0.403160 16.425259
16400 20 23 12
0.205892 -0.805254 0.556034 0.877323
21584 20 23 16
0.520951 -0.689695 0.502923 8.490387
24176 20 23 18
0.726702 -0.156895 0.668797 16.484594
26768 20 23 20
0.619655 -0.024703 -0.784486 18.189526
28064 20 23 21
-0.061109 -0.328327 -0.942585 16.393013
31952 20 23 24
-0.312511 -0.327417 -0.891703 13.047132
25508 20 24 19
0.921590 -0.242511 0.303084 18.451273
29396 20 24 22
-0.275352 0.743264 0.609705 16.262733
24248 20 25 18
0.447067 0.381459 0.809086 15.870451
29432 20 25 22
-0.255487 0.040222 0.965975 17.150108
30728 20 25 23
-0.690984 0.458256 -0.559055 18.996254
24284 20 26 18
0.036322 0.317995 0.947396 17.910494
26876 20 26 20
0.059999 0.587258 -0.807173 18.661728
30764 20 26 23
-0.487751 -0.384776 -0.783611 19.270971
32060 20 26 24
-0.271287 -0.053267 -0.961024 13.354990
24320 20 27 18
-0.522563 -0.014310 0.852480 18.496801
25616 20 27 19
-0.536457 -0.841222 0.067523 19.966839
26912 20 27 20
0.461642 -0.257674 -0.848818 19.140591
32096 20 27 24
-0.230195 -0.090662 -0.968912 12.577518
23060 20 28 17
-0.549866 0.116648 0.827068 14.512463
24356 20 28 18
-0.868235 -0.452546 0.203396 17.735676
26948 20 28 20
0.839489 -0.503511 -0.204294 18.172237
28244 20 28 21
0.934115 0.336015 -0.120509 17.479387
29540 20 28 22
0.348805 0.711435 0.610078 18.257206
32132 20 28 24
-0.367470 -0.048617 -0.928764 11.782759
24392 20 29 18
-0.946521 -0.307698 0.097053 16.133827
29576 20 29 22
-0.614170 -0.408278 0.675355 19.098995
24428 20 30 18
-0.888603 -0.381111 0.255225 14.702394
27020 20 30 20
0.377863 -0.531744 0.757937 16.453053
29612 20 30 22
-0.379656 -0.901368 -0.208320 16.401020
30908 20 30 23
-0.453922 -0.812994 -0.364684 14.882668
32204 20 30 24
-0.321540 -0.490114 -0.810186 9.638312
28352 20 31 21
0.375432 -0.703400 -0.603555 16.596846
25005 21 10 19
-0.930588 0.166190 0.326168 1.793186
32817 21 11 25
-0.276109 0.328728 -0.903162 0.698490
32853 21 12 25
-0.150972 0.170098 -0.973794 0.894437
16041 21 13 12
0.604065 0.776810 0.177965 7.051367
18669 21 14 14
0.550490 0.592191 -0.588447 9.159456
30333 21 14 23
-0.742266 0.662754 0.098989 2.169704
17409 21 15 13
0.734006 0.499912 0.459700 12.490602
16149 21 16 12
-0.005195 -0.017111 0.999840 11.492497
17481 21 17 13
-0.521243 -0.729777 0.442415 11.265415
18777 21 17 14
0.273996 0.277390 -0.920859 10.800715
18813 21 18 14
-0.097166 -0.846004 0.524248 10.913112
13665 21 19 10
-0.375873 -0.750076 0.544156 4.471562
18849 21 19 14
-0.353612 -0.742914 0.568364 8.300161
22737 21 19 17
-0.322608 0.941977 -0.092755 10.112851
26625 21 19 20
-0.708669 0.413942 -0.571349 3.798724
31809 21 19 24
-0.801701 0.593641 0.069764 12.940623
33105 21 19 25
-0.681183 0.520386 -0.514964 10.748008
21477 21 20 16
0.305116 -0.142550 0.941586 11.838412
30549 21 20 23
-0.824227 0.152013 0.545473 13.408861
31845 21 20 24
-0.987860 -0.154054 0.020005 15.328859
33141 21 20 25
-0.823860 -0.074440 -0.561884 13.166127
34437 21 20 26
-0.541851 0.089111 -0.835737 6.718491
15033 21 21 11
-0.607062 -0.752137 0.256450 2.225101
22809 21 21 17
0.910498 0.224452 0.347297 13.346149
24105 21 21 18
-0.300587 0.833778 -0.463100 13.111806
25401 21 21 19
-0.676884 0.618351 -0.399337 11.588266
33177 21 21 25
-0.749564 -0.490786 -0.444166 10.350552
21549 21 22 16
-0.308951 0.046984 0.949917 12.034720
25437 21 22 19
-0.678903 0.692704 -0.243416 15.319257
26733 21 22 20
-0.779482 0.546267 -0.306594 13.141607
29325 21 22 22
-0.993042 0.094097 0.070812 11.520391
31917 21 22 24
-0.709129 -0.021084 -0.704763 11.819541
18993 21 23 14
-0.037605 -0.818484 0.573297 3.393396
21585 21 23 16
-0.209373 -0.644332 0.735527 9.738979
22881 21 23 17
-0.163024 -0.479311 0.862372 15.075815
24177 21 23 18
-0.466053 0.255768 0.846982 18.424456
29361 21 23 22
-0.914839 0.320949 -0.245074 12.430846
31953 21 23 24
-0.706805 -0.346997 -0.616458 10.916846
29397 21 24 22
-0.931566 0.313061 -0.184874 14.145205
30693 21 24 23
-0.903321 0.184250 -0.387380 12.797752
31989 21 24 24
-0.647245 -0.219675 -0.729943 8.688484
22953 21 25 17
-0.127605 0.043090 0.990889 11.472375
25545 21 25 19
-0.829468 -0.536486 0.155453 18.227064
30729 21 25 23
-0.870260 0.228878 -0.436191 14.280931
22989 21 26 17
-0.401839 -0.309584 0.861791 10.398758
24285 21 26 18
-0.761887 -0.336402 0.553500 15.719587
25581 21 26 19
-0.988573 -0.118049 0.093742 17.479980
26877 21 26 20
-0.918552 0.255643 -0.301511 17.009356
28173 21 26 21
-0.666228 0.714223 -0.214536 15.799387
29469 21 26 22
-0.699405 0.562446 0.441007 16.533312
30765 21 26 23
-0.804585 0.281903 -0.522660 16.263912
32061 21 26 24
-0.499551 0.096336 -0.860911 9.467982
30801 21 27 23
-0.547884 -0.050091 -0.835053 17.244495
26949 21 28 20
-0.927274 -0.094477 0.362266 18.323608
28245 21 28 21
0.824415 0.529685 0.199433 18.333696
29541 21 28 22
-0.552078 0.349002 -0.757237 18.601990
30837 21 28 23
-0.354824 -0.251263 -0.900537 16.058352
25689 21 29 19
-0.535476 -0.046070 0.843293 15.465877
26985 21 29 20
-0.384688 -0.762543 0.520137 17.772474
29577 21 29 22
-0.597764 -0.656659 -0.459866 17.985950
25725 21 30 19
-0.178020 -0.348713 0.920167 14.558054
32205 21 30 24
-0.438897 -0.456557 -0.773903 6.765478
27057 21 31 20
0.242688 -0.565743 0.788059 16.919285
28353 21 31 21
-0.124434 -0.477427 -0.869816 17.105900
28389 21 32 21
-0.164492 -0.911361 -0.377311 11.351650
14746 22 13 11
0.346694 0.591484 0.727976 7.128654
16042 22 13 12
0.626710 0.760377 0.170475 9.649064
21226 22 13 16
0.103161 -0.156523 -0.982272 2.384515
30298 22 13 23
-0.402845 0.362301 0.840508 1.628244
14782 22 14 11
0.506979 0.084076 0.857848 9.040608
18670 22 14 14
0.576080 0.410883 -0.706617 12.498847
18706 22 15 14
0.517278 -0.027516 -0.855375 13.468939
20002 22 15 15
0.256678 0.027759 -0.966098 7.135519
18742 22 16 14
0.714566 -0.138085 -0.685805 12.914321
14890 22 17 11
-0.249583 -0.954281 0.164487 7.858357
13630 22 18 10
-0.358024 -0.524878 0.772219 5.372971
14926 22 18 11
-0.233453 -0.827513 -0.510610 5.445549
20146 22 19 15
-0.599931 -0.386452 0.700526 9.379769
21442 22 19 16
0.130298 0.986522 0.098974 10.625455
21478 22 20 16
-0.217837 -0.030352 0.975513 12.300184
22810 22 21 17
0.635111 -0.467911 0.614567 14.392765
30586 22 21 23
-0.979204 0.021660 0.201719 7.659306
17662 22 22 13
-0.137832 0.325332 0.935501 2.452048
18958 22 22 14
-0.361918 0.351416 0.863436 3.519005
21550 22 22 16
-0.371602 -0.352315 0.858945 10.104876
20290 22 23 15
-0.339097 -0.767912 0.543438 4.206872
24178 22 23 18
-0.991687 -0.024553 0.126309 13.614261
25474 22 23 19
-0.941743 0.316429 -0.113983 13.518090
26806 22 24 20
-0.983383 0.072209 -0.166565 14.685467
28102 22 24 21
-0.831295 0.366151 -0.418189 12.342428
24250 22 25 18
-0.942843 -0.163126 0.290582 11.467929
26842 22 25 20
-0.926095 -0.376128 -0.029601 12.914940
28138 22 25 21
-0.945277 -0.300422 -0.127270 12.497709
25582 22 26 19
-0.979521 -0.178149 0.093813 11.150993
25618 22 27 19
-0.883499 -0.164190 0.438716 9.636052
29506 22 27 22
-0.675091 0.732189 -0.090284 16.342869
30802 22 27 23
-0.612781 0.261351 -0.745785 13.327032
28246 22 28 21
-0.630763 0.250579 0.734403 17.943453
30838 22 28 23
-0.480685 -0.259617 -0.837581 13.213794
26986 22 29 20
-0.777054 0.221553 0.589153 15.831100
25726 22 30 19
-0.511865 -0.025262 0.858695 12.131681
27022 22 30 20
-0.927825 0.024468 0.372213 16.659376
28318 22 30 21
-0.825067 -0.168621 -0.539287 15.615881
29614 22 30 22
-0.654872 -0.474254 -0.588410 10.921659
25762 22 31 19
-0.470326 -0.439597 0.765211 10.375418
27058 22 31 20
-0.770771 -0.554280 0.314143 14.935078
28354 22 31 21
-0.725376 -0.408524 -0.554020 13.541459
28390 22 32 21
-0.550205 -0.745287 -0.376592 7.910442
17303 23 12 13
0.307492 0.948136 -0.080540 9.196107
14747 23 13 11
-0.069483 0.440677 0.894973 8.060431
16043 23 13 12
0.444284 0.667141 0.597942 12.926165
18635 23 13 14
0.057497 0.612635 -0.788271 11.948606
14783 23 14 11
-0.243266 0.104219 0.964344 9.879088
18671 23 14 14
-0.042527 0.175349 -0.983587 13.946918
14819 23 15 11
-0.274250 -0.116900 0.954527 9.800831
16115 23 15 12
-0.124857 -0.177079 0.976245 15.654840
31667 23 15 24
-0.486290 -0.305328 -0.818716 0.851298
16151 23 16 12
-0.182499 -0.708358 0.681852 13.175959
17447 23 16 13
-0.027130 -0.960828 0.275816 15.658776
17483 23 17 13
-0.133481 -0.874227 0.466808 11.313633
20075 23 17 15
0.399575 -0.225334 -0.888574 10.812704
25259 23 17 19
0.215807 0.966000 0.142377 1.658226
18815 23 18 14
-0.470932 -0.855594 0.214901 8.386245
22739 23 19 17
0.230066 0.971607 0.055228 12.551678
14999 23 20 11
-0.368695 -0.852275 -0.371068 1.744609
16295 23 20 12
0.495292 -0.326565 -0.805010 1.395787
22775 23 20 17
-0.418089 0.073003 0.905468 14.253439
24071 23 20 18
0.236613 0.442652 -0.864912 13.891015
24107 23 21 18
-0.005646 -0.469193 -0.883078 14.058881
25403 23 21 19
-0.056007 -0.139781 -0.988597 7.880160
16367 23 22 12
0.022253 -0.292184 0.956103 1.810669
22847 23 22 17
-0.568529 -0.757780 0.320225 11.032012
17699 23 23 13
-0.241566 -0.842437 0.481608 1.764478
29435 23 25 22
-0.949292 0.252253 -0.187649 8.337725
29471 23 26 22
-0.961358 0.271018 -0.048367 8.971452
29507 23 27 22
-0.875325 0.449624 -0.177888 11.519436
28247 23 28 21
-0.957041 0.128161 0.260090 14.277767
29543 23 28 22
-0.886121 -0.129219 -0.445075 13.262961
30839 23 28 23
-0.685532 -0.196196 -0.701109 8.081378
29579 23 29 22
-0.683306 -0.583334 -0.439105 9.517540
27023 23 30 20
-0.965176 -0.248413 0.082013 10.764033
28932 24 11 22
-0.669448 0.694336 -0.264077 0.981036
17304 24 12 13
-0.565812 0.801464 -0.193682 7.919983
16044 24 13 12
-0.659548 0.418534 0.624360 11.985665
17340 24 13 13
-0.738905 0.618667 -0.266965 13.164824
16080 24 14 12
-0.666958 -0.032935 0.744367 13.093003
17376 24 14 13
-0.946596 0.293420 -0.133644 15.766891
29040 24 14 22
0.650317 -0.637184 0.413624 1.561315
17412 24 15 13
-0.915453 -0.354010 0.191372 15.607304
18708 24 15 14
-0.473265 0.041446 -0.879945 13.652091
14856 24 16 11
-0.639896 -0.175822 0.748077 4.965457
17448 24 16 13
-0.779033 -0.594746 0.198456 12.667710
20040 24 16 15
-0.538630 0.277575 -0.795506 9.829630
29112 24 16 22
-0.035565 0.290449 -0.956229 1.331916
17484 24 17 13
-0.679668 -0.700174 0.218650 8.300334
20076 24 17 15
-0.912375 -0.408391 -0.028071 9.718772
21372 24 17 16
-0.519700 0.412348 -0.748252 7.951105
21408 24 18 16
-0.967549 -0.193264 0.162782 8.445283
22704 24 18 17
-0.667415 0.576144 -0.471822 7.363677
22740 24 19 17
-0.962592 0.239233 0.127219 9.743134
24072 24 20 18
-0.890940 0.244088 -0.382944 11.289798
17628 24 21 13
-0.173896 0.930509 0.322356 1.910590
22812 24 21 17
-0.777729 -0.214862 0.590739 9.598575
24108 24 21 18
-0.858816 -0.387166 -0.335465 10.842456
25404 24 21 19
-0.462499 -0.267647 -0.845257 6.022428
20256 24 22 15
-0.593001 -0.038738 0.804269 3.581105
18996 24 23 14
-0.338805 -0.861612 0.377936 1.871463
29472 24 26 22
-0.996903 0.007687 0.078260 4.447508
27024 24 30 20
-0.934652 -0.343783 -0.090765 5.417434
19933 25 13 15
-0.434619 0.551207 -0.712234 4.041722
20005 25 15 15
-0.469698 0.094671 -0.877737 5.910974
26629 25 19 20
-0.448165 -0.364983 -0.816049 2.195206
26665 25 20 20
-0.373447 -0.368685 -0.851239 1.524455
18961 25 22 14
-0.216093 -0.609498 0.762769 2.405903
20257 25 22 15
-0.707940 -0.561945 0.427830 2.934325
22490 26 12 17
-0.113814 0.952426 -0.282720 2.059709
19934 26 13 15
-0.730718 0.651382 -0.204335 2.958289
18674 26 14 14
-0.924435 0.358735 0.129339 4.429802
21266 26 14 16
0.006955 -0.503278 -0.864096 2.183208
18710 26 15 14
-0.997625 -0.046060 0.051218 5.075691
26486 26 15 20
0.008246 0.709982 0.704172 1.931003
26522 26 16 20
0.230734 0.956764 -0.177098 2.166285
18782 26 17 14
-0.365285 -0.764522 -0.531106 2.800654
25262 26 17 19
0.177737 0.309304 0.934206 2.270679
17522 26 18 13
-0.582719 -0.443212 -0.681177 3.038909
14966 26 19 11
-0.706431 -0.375616 0.599890 1.472592
17558 26 19 13
-0.185559 -0.949525 -0.252924 2.443705
22778 26 20 17
-0.899373 0.416221 0.133746 3.442295
22814 26 21 17
-0.776625 -0.628337 -0.045229 2.971010
16370 26 22 12
-0.620951 -0.591997 0.513770 0.595334
25119 27 13 19
-0.848329 0.157402 -0.505532 1.520627
23859 27 14 18
-0.480412 -0.405906 -0.777460 1.982990
25263 27 17 19
-0.977976 -0.113257 0.175316 1.945941
21411 27 18 16
0.796591 0.297789 -0.526083 1.528929
17559 27 19 13
-0.879139 -0.454069 0.144696 1.708079
18855 27 19 14
-0.895823 -0.330977 -0.296574 1.606137
24039 27 19 18
-0.855921 0.008499 -0.517036 1.832239
23932 28 16 18
-0.979194 -0.185370 0.082566 1.193267
21376 28 17 16
-0.532456 -0.217357 -0.818075 1.764505
22744 28 19 17
-0.954082 -0.159627 -0.253470 1.411979
