5.000000
48 48 48
168.960007 168.960007 168.960007
48.960007 48.960007 48.960007
8.988211 337.667579 99.822511
75035 11 27 32
0.743518 0.663974 -0.079491 6.518975
75083 11 28 32
0.932503 -0.349917 0.089421 7.033919
70619 11 31 30
0.601369 0.774163 0.197553 8.364215
72923 11 31 31
0.667616 0.739362 0.087369 8.817811
75227 11 31 32
0.381573 0.615813 -0.689331 7.766164
70667 11 32 30
0.569193 -0.821170 0.041232 7.559232
75275 11 32 32
0.520710 -0.769200 -0.370395 7.533435
77579 11 32 33
0.563965 -0.237872 -0.790798 4.993502
68507 11 35 29
0.806528 0.221230 0.548242 7.054943
70907 11 37 30
0.394874 -0.627367 0.671182 5.508765
72732 12 27 31
0.634035 0.336941 0.696039 7.333889
75084 12 28 32
0.824260 -0.197427 -0.530677 9.818173
77388 12 28 33
0.133715 -0.204596 -0.969671 6.265537
75132 12 29 32
0.621675 -0.546191 -0.561423 8.228687
72876 12 30 31
0.790088 0.543067 0.284323 8.703541
68316 12 31 29
0.350039 0.881074 0.318089 8.857929
72924 12 31 31
0.952440 0.187668 0.240082 10.214921
68364 12 32 29
0.674413 -0.610780 0.414868 9.201288
77580 12 32 33
0.235368 0.276336 -0.931794 6.737012
79884 12 32 34
0.180984 0.231189 -0.955927 3.248428
70716 12 33 30
0.986745 -0.001751 0.162269 8.958289
73020 12 33 31
0.996027 0.029244 -0.084115 9.068769
70812 12 35 30
0.893012 0.366347 0.261380 11.293345
73116 12 35 31
0.974041 0.043618 -0.222131 11.177494
73164 12 36 31
0.608348 -0.718400 -0.337363 9.086398
73260 12 38 31
0.220099 -0.969978 -0.103432 5.686889
75564 12 38 32
0.170231 -0.159794 -0.972362 3.898239
73308 12 39 31
0.116137 -0.980616 0.157809 3.142436
74989 13 26 32
0.832414 0.554041 0.011208 11.528908
79645 13 27 34
0.691237 -0.423811 -0.585299 6.891298
72781 13 28 31
0.824908 -0.287939 0.486435 12.076837
75133 13 29 32
-0.130327 -0.566364 -0.813785 9.056522
70573 13 30 30
0.565847 0.549261 0.614922 8.570747
66013 13 31 28
0.553759 0.585608 0.591958 8.981575
72925 13 31 31
0.003281 0.941878 -0.335940 11.140882
66061 13 32 28
0.627145 -0.318201 0.710941 9.430675
68413 13 33 29
0.832640 0.203049 0.515249 11.631619
70717 13 33 30
0.842196 0.520286 0.141451 12.762163
73021 13 33 31
0.758894 0.600029 -0.253070 12.712535
75325 13 33 32
0.331581 0.521459 -0.786215 11.332833
77629 13 33 33
-0.014644 0.191430 -0.981397 7.868415
63853 13 34 27
0.488803 0.467254 0.736712 7.067460
68461 13 34 29
0.931705 -0.025476 0.362322 11.882166
70765 13 34 30
0.614639 -0.787731 0.041216 12.310880
75373 13 34 32
0.604238 0.478712 -0.636971 12.685480
63901 13 35 27
0.314347 -0.294399 0.902505 7.641967
66205 13 35 28
0.328077 -0.062416 0.942587 11.005591
68509 13 35 29
0.740624 0.671883 -0.007082 12.296075
70813 13 35 30
-0.845677 0.182418 -0.501552 11.685055
75421 13 35 32
0.836872 -0.492977 -0.237946 13.612462
77725 13 35 33
0.601514 0.104679 -0.791974 10.989204
61645 13 36 26
0.384479 -0.692928 0.609939 3.149740
66253 13 36 28
0.054210 -0.695847 0.716142 8.901196
68557 13 36 29
0.240695 -0.845866 0.476000 11.823168
68605 13 37 29
0.173442 -0.860453 0.479102 7.604890
70909 13 37 30
0.441323 -0.887090 0.135296 9.500330
73213 13 37 31
0.611763 -0.589850 -0.527090 8.733279
70382 14 26 30
0.421505 0.526144 0.738584 11.139134
72686 14 26 31
0.432680 0.743021 0.510596 15.735602
74990 14 26 32
0.505220 0.862344 -0.033399 17.510998
77294 14 26 33
0.396929 0.702578 -0.590620 15.633896
79598 14 26 34
0.255557 0.529626 -0.808818 11.172389
72734 14 27 31
0.549728 -0.439057 0.710654 17.210239
75038 14 27 32
0.388993 -0.852523 -0.349125 17.653177
77342 14 27 33
0.264820 -0.801930 -0.535518 14.641675
79646 14 27 34
0.218075 -0.694973 -0.685169 10.364717
81950 14 27 35
0.248489 -0.497418 -0.831161 5.406943
70478 14 28 30
0.328711 -0.402877 0.854189 11.621974
72782 14 28 31
-0.122114 -0.992507 0.004221 13.789845
75134 14 29 32
-0.370298 -0.683259 -0.629315 7.903966
68270 14 30 29
0.245145 0.906228 0.344463 9.276494
77486 14 30 33
-0.101647 -0.345421 -0.932927 3.193924
66014 14 31 28
0.443682 0.753890 0.484558 11.299206
72926 14 31 31
-0.384028 0.705296 -0.595886 10.269464
79838 14 31 34
-0.232383 0.296589 -0.926301 1.099880
66062 14 32 28
0.618600 -0.351469 0.702712 11.608919
72974 14 32 31
-0.113769 0.462377 -0.879354 11.846894
68414 14 33 29
-0.186400 0.982229 -0.021919 13.279099
70718 14 33 30
-0.842668 0.416141 -0.341667 12.707665
75326 14 33 32
-0.377548 0.472529 -0.796350 10.654705
68462 14 34 29
-0.122625 -0.986174 -0.111463 13.316944
75374 14 34 32
-0.888134 -0.003038 -0.459574 11.573511
61598 14 35 26
-0.316228 -0.219981 0.922826 4.222901
63902 14 35 27
-0.401516 -0.590359 0.700186 7.183488
70814 14 35 30
-0.406810 -0.462768 -0.787624 10.490476
77726 14 35 33
-0.817676 0.245377 -0.520764 10.501097
80030 14 35 34
-0.332355 0.282377 -0.899891 6.163016
77774 14 36 33
-0.534157 -0.653432 -0.536379 9.809005
80078 14 36 34
-0.196716 -0.378357 -0.904516 5.970860
70910 14 37 30
-0.730423 -0.510004 0.454289 8.775224
73214 14 37 31
-0.872921 -0.369269 -0.318826 9.446460
75518 14 37 32
0.102426 -0.796400 -0.596034 8.313658
77822 14 37 33
0.084599 -0.832282 -0.547859 6.088228
73310 14 39 31
0.372947 -0.919550 0.123848 4.939319
75614 14 39 32
0.202071 -0.718376 -0.665660 3.691502
77199 15 24 33
0.019843 0.930358 -0.366115 5.446112
74943 15 25 32
-0.091654 0.966674 0.239040 11.620260
77247 15 25 33
-0.181266 0.797122 -0.575967 10.533894
79551 15 25 34
-0.156998 0.704075 -0.692554 6.380971
68079 15 26 29
-0.323894 0.615928 0.718140 6.465924
70383 15 26 30
-0.475524 0.621528 0.622559 10.548692
72687 15 26 31
-0.544046 0.664433 0.512390 14.860598
77295 15 26 33
-0.555129 0.532358 -0.639082 14.681943
68127 15 27 29
-0.171892 0.146965 0.974092 8.563413
75039 15 27 32
-0.597927 -0.780478 -0.182585 16.849628
77343 15 27 33
-0.253786 -0.727013 -0.638001 14.620867
81951 15 27 35
-0.053435 -0.466727 -0.882786 5.761609
70479 15 28 30
-0.555988 -0.739448 0.379598 10.890328
72783 15 28 31
-0.479192 -0.876680 -0.042503 11.579747
77439 15 29 33
-0.079609 -0.721832 -0.687475 4.395862
68271 15 30 29
-0.622584 0.771675 0.130028 8.028595
72879 15 30 31
-0.305160 0.827306 -0.471637 6.789745
75183 15 30 32
-0.053834 -0.124970 -0.990699 5.243711
63711 15 31 27
0.106911 0.654803 0.748200 9.505460
68319 15 31 29
-0.722043 0.689587 0.055896 11.216910
70623 15 31 30
-0.251181 0.944517 -0.211652 11.101991
63759 15 32 27
0.372120 -0.165840 0.913249 10.345284
72975 15 32 31
0.038525 0.434110 -0.900036 11.765409
66111 15 33 28
-0.446610 0.887419 0.114139 12.581816
68415 15 33 29
-0.824849 0.460295 -0.328259 11.870406
75327 15 33 32
-0.231267 0.215613 -0.948697 9.409577
66159 15 34 28
-0.129553 -0.851556 0.508004 12.311186
73071 15 34 31
-0.181944 -0.884978 -0.428615 10.913073
68511 15 35 29
-0.077336 -0.957122 0.279173 11.139784
70815 15 35 30
-0.021253 -0.758610 -0.651198 10.135411
75471 15 36 32
-0.988006 0.151650 0.029106 6.155457
75519 15 37 32
-0.898540 -0.053610 -0.435604 6.566155
77823 15 37 33
-0.695593 -0.466835 -0.546091 4.520308
73263 15 38 31
-0.651960 -0.651283 -0.388302 8.432683
73311 15 39 31
-0.180561 -0.983289 -0.023235 5.455564
75615 15 39 32
-0.265094 -0.673454 -0.690061 3.573491
74944 16 25 32
-0.439279 0.858843 0.263481 10.010711
77248 16 25 33
-0.299338 0.712227 -0.634925 8.793032
81904 16 26 35
-0.135426 0.412706 -0.900741 5.083739
65824 16 27 28
-0.131222 0.019721 0.991157 3.555492
68128 16 27 29
-0.674564 0.196102 0.711693 6.296432
72736 16 27 31
-0.891220 -0.218264 0.397602 11.993657
77344 16 27 33
-0.835788 -0.363531 -0.411466 12.626430
79648 16 27 34
-0.022855 -0.075260 -0.996902 10.209592
63664 16 30 27
-0.263349 0.929504 0.258206 3.704991
75184 16 30 32
0.689804 0.085596 -0.718919 6.378853
68320 16 31 29
-0.349625 0.931002 0.104873 9.187778
63760 16 32 27
0.078139 0.109807 0.990877 11.081049
70672 16 32 30
-0.415831 0.653202 0.632781 12.561735
72976 16 32 31
-0.190222 0.414639 -0.889882 11.648172
63808 16 33 27
-0.198171 -0.199277 0.959696 10.902282
73024 16 33 31
-0.372638 -0.320925 -0.870717 11.952152
77632 16 33 33
-0.273370 -0.209358 -0.938849 4.673848
63856 16 34 27
-0.345588 -0.749235 0.564991 8.789304
66160 16 34 28
-0.749648 -0.589240 0.301370 10.685375
68512 16 35 29
-0.402032 -0.838870 0.366970 10.267838
70816 16 35 30
-0.258647 -0.768548 -0.585181 9.506594
70960 16 38 30
-0.217269 -0.509201 0.832771 6.064416
73264 16 38 31
-0.737742 -0.341202 -0.582510 6.589981
56417 17 23 24
0.835995 -0.093406 -0.540728 3.347597
58817 17 25 25
0.974037 0.111977 0.196756 3.595578
65729 17 25 28
0.929870 0.358821 -0.081177 4.686007
74945 17 25 32
-0.169287 0.928776 0.329723 8.595488
81953 17 27 35
0.049498 0.070419 -0.996289 6.274138
70481 17 28 30
-0.029101 -0.412833 0.910342 6.067737
82001 17 28 35
0.193339 -0.398845 -0.896405 5.387455
70529 17 29 30
0.388063 0.154016 0.908673 5.561452
77441 17 29 33
0.824233 -0.291700 -0.485336 7.364177
75185 17 30 32
0.621276 -0.181302 -0.762329 8.831408
77489 17 30 33
0.713566 -0.427078 -0.555363 6.330747
59105 17 31 25
0.089733 0.513557 0.853351 2.499113
68321 17 31 29
0.193977 0.956879 0.216230 9.247352
63761 17 32 27
-0.385967 0.557487 0.735009 10.793336
66065 17 32 28
0.570004 0.782082 0.251881 11.822955
75281 17 32 32
-0.113093 -0.182960 -0.976594 8.055170
70721 17 33 30
-0.223906 -0.052288 -0.973207 12.478712
73025 17 33 31
-0.466536 -0.300229 -0.831989 10.263291
61553 17 34 26
-0.118099 -0.776351 0.619138 4.589673
68465 17 34 29
-0.017907 -0.566569 0.823820 11.299540
68513 17 35 29
-0.399179 -0.810801 0.428087 8.224861
70817 17 35 30
-0.336213 -0.791387 -0.510557 7.990344
70913 17 37 30
-0.796196 0.497853 0.343824 5.729053
73217 17 37 31
-0.472177 0.307527 -0.826121 4.034998
49554 18 24 21
-0.031328 -0.392945 0.919028 1.336620
65682 18 24 28
0.628874 0.764552 -0.141344 5.304207
67986 18 24 29
0.445630 0.884394 -0.138783 4.631943
70290 18 24 30
0.500043 0.855203 -0.136323 4.207040
72594 18 24 31
0.406313 0.911832 -0.058926 3.891178
54210 18 25 23
0.300908 0.018706 0.953470 2.433861
77250 18 25 33
0.321363 0.944294 -0.070950 9.581722
58866 18 26 25
0.992747 -0.095011 0.073658 7.491396
68082 18 26 29
0.959794 -0.102723 -0.261234 7.968626
77298 18 26 33
0.621399 0.656816 -0.427149 12.029857
79602 18 26 34
0.124434 0.300079 -0.945764 10.287004
81906 18 26 35
0.179148 0.106788 -0.978009 6.298023
56610 18 27 24
0.712241 -0.361349 0.601781 4.829714
63522 18 27 27
0.706810 -0.706893 0.026873 7.876165
68130 18 27 29
0.601360 -0.748459 0.279599 6.698009
70434 18 27 30
0.574567 -0.369032 0.730540 8.689947
72738 18 27 31
0.831497 -0.169093 0.529169 11.069358
77346 18 27 33
0.979451 -0.104796 -0.172320 12.378184
79650 18 27 34
0.266751 0.004343 -0.963756 10.799704
63570 18 28 27
0.658066 -0.741707 -0.129692 4.785468
72786 18 28 31
0.603731 -0.013319 0.797077 10.628722
75090 18 28 32
0.947577 -0.307962 -0.085192 11.656887
72834 18 29 31
0.468249 0.164562 0.868137 10.849647
75138 18 29 32
0.411585 -0.444596 -0.795570 10.764451
65970 18 30 28
0.009682 0.845881 0.533284 2.889918
82098 18 30 35
0.392332 -0.511518 -0.764477 5.490033
59106 18 31 25
-0.449622 0.478960 0.753948 2.079917
70626 18 31 30
0.678613 0.494789 0.542834 12.006729
72930 18 31 31
0.653294 -0.380890 -0.654316 11.507268
68370 18 32 29
-0.310893 0.890148 0.333139 12.624498
61506 18 33 26
-0.589447 -0.260098 0.764788 5.774617
63810 18 33 27
-0.604995 -0.432398 0.668590 8.982905
66114 18 33 28
-0.434507 -0.614543 0.658438 11.530642
68418 18 33 29
-0.551383 -0.777834 0.301580 12.932774
63858 18 34 27
-0.337259 -0.856620 0.390460 5.531107
66162 18 34 28
-0.285370 -0.832356 0.475128 7.882302
68466 18 34 29
-0.520239 -0.801422 0.295083 10.240062
70770 18 34 30
-0.558304 -0.671376 -0.487391 9.735437
70914 18 37 30
-0.748712 -0.423848 -0.509690 4.352280
60547 19 13 26
0.977834 0.207343 0.029139 9.555373
62851 19 13 27
0.950046 0.033863 -0.310268 9.074710
65155 19 13 28
0.625713 -0.200674 -0.753799 6.658010
60595 19 14 26
0.607478 -0.788159 0.098872 7.771245
56035 19 15 24
0.769615 -0.631551 0.094003 2.687078
54067 19 22 23
0.026244 0.755017 0.655179 2.743674
56371 19 22 24
0.298053 0.768749 0.565853 3.582222
72595 19 24 31
0.034505 0.996917 0.070465 4.707184
81811 19 24 35
0.769938 0.414865 -0.484853 5.862596
56515 19 25 24
0.093882 0.295602 0.950687 6.646548
58819 19 25 25
0.294106 0.565076 0.770838 9.793600
63427 19 25 27
0.941344 0.131301 0.310857 12.356153
77251 19 25 33
0.547671 0.829491 -0.109555 11.458269
79555 19 25 34
0.597877 0.205265 -0.774861 9.873408
84163 19 25 36
0.351696 0.007672 -0.936083 3.262341
58867 19 26 25
0.249380 -0.546052 0.799773 10.104259
72691 19 26 31
-0.517382 0.528756 0.672854 11.485618
74995 19 26 32
-0.919853 0.284823 0.269717 12.767318
63523 19 27 27
0.698827 -0.665896 -0.261198 9.678169
65875 19 28 28
0.828353 -0.520253 -0.207769 7.104312
72787 19 28 31
-0.132106 -0.066563 0.988998 11.425003
75091 19 28 32
-0.307056 -0.635399 0.708509 12.721212
77395 19 28 33
0.627712 -0.724969 0.283546 13.393085
79699 19 28 34
0.479413 0.120503 -0.869277 12.469769
82003 19 28 35
0.483148 0.098839 -0.869942 8.864314
72835 19 29 31
0.361308 -0.038366 0.931657 11.230972
70579 19 30 30
0.262672 0.553589 0.790280 11.361571
79795 19 30 34
0.313784 -0.713600 -0.626350 10.465320
82099 19 30 35
0.003951 -0.576700 -0.816947 6.503850
70627 19 31 30
-0.362855 0.004791 0.931833 12.275863
75235 19 31 32
0.522641 -0.640708 -0.562441 11.846146
77539 19 31 33
0.256450 -0.771054 -0.582846 9.845865
79843 19 31 34
0.103610 -0.778724 -0.618751 6.349696
63763 19 32 27
-0.194573 0.175069 0.965138 6.863104
66067 19 32 28
-0.066612 0.576074 0.814679 9.952432
70675 19 32 30
-0.595084 -0.578319 -0.558051 11.880154
75283 19 32 32
0.019736 -0.893608 -0.448413 7.819139
70723 19 33 30
-0.488202 -0.696442 -0.525954 10.001746
68563 19 36 29
0.811183 -0.069815 0.580610 5.342872
62804 20 12 27
0.818155 0.572446 -0.054110 12.342204
65108 20 12 28
0.157031 0.250276 -0.955355 9.685009
67412 20 12 29
-0.069085 0.031892 -0.997101 4.485315
55940 20 13 24
0.557321 -0.241386 0.794435 9.974238
58244 20 13 25
0.852685 -0.124890 0.507277 12.352138
60548 20 13 26
0.929616 -0.348418 -0.120083 12.510250
65156 20 13 28
-0.030148 -0.534413 -0.844685 8.215918
51380 20 14 22
0.306672 -0.035942 0.951136 2.649202
53684 20 14 23
0.531365 -0.391888 0.751049 4.994049
53732 20 15 23
0.394636 -0.809594 0.434535 3.510839
58388 20 16 25
0.310206 -0.950603 0.011267 1.756842
58580 20 20 25
0.669022 0.448210 0.592889 4.380630
63236 20 21 27
0.924492 0.339244 0.173862 11.004246
65540 20 21 28
0.742929 -0.165507 -0.648586 10.281444
58676 20 22 25
0.467903 -0.100129 0.878090 7.165235
60980 20 22 26
0.678401 -0.289341 0.675317 9.904838
63284 20 22 27
0.855349 -0.469967 -0.217966 10.551415
65588 20 22 28
0.623192 -0.343808 -0.702444 8.808128
54164 20 24 23
0.130435 0.072403 0.988810 3.172806
63380 20 24 27
0.363576 0.847530 0.386660 12.764331
65684 20 24 28
0.353684 0.517615 -0.779091 11.383913
79508 20 24 34
0.014745 0.991177 0.131724 9.899684
81812 20 24 35
0.185610 0.581305 -0.792233 8.700290
84116 20 24 36
0.141302 0.192906 -0.970990 4.666706
63428 20 25 27
-0.271693 -0.927946 0.255144 13.048933
68036 20 25 29
0.563658 -0.028925 -0.825502 8.835643
77252 20 25 33
-0.608108 0.622605 0.492512 11.573268
79556 20 25 34
0.088005 -0.439237 -0.894050 11.202814
61172 20 26 26
-0.448777 -0.559164 0.697090 10.456161
68084 20 26 29
0.528090 -0.045636 -0.847961 8.389460
65828 20 27 28
0.570083 0.651528 -0.500516 10.143666
68132 20 27 29
0.490486 0.590111 -0.641243 9.060286
81956 20 27 35
0.363414 0.396638 -0.842976 10.006846
84260 20 27 36
0.151803 0.290257 -0.944832 6.171112
58964 20 28 25
0.435545 -0.519406 0.735199 9.937546
63572 20 28 27
0.899041 -0.361762 -0.246685 11.618778
70484 20 28 30
0.610600 0.645369 0.458984 9.887302
77396 20 28 33
-0.932468 0.275891 0.233211 12.385715
84308 20 28 36
0.036099 -0.293340 -0.955326 6.189867
61316 20 29 26
0.336328 -0.918084 0.209774 8.633971
65924 20 29 28
0.859092 -0.511209 -0.025009 8.518107
75140 20 29 32
0.070276 -0.949377 0.306176 11.225336
77444 20 29 33
-0.416538 -0.417944 0.807353 12.361577
79748 20 29 34
-0.516739 -0.213482 -0.829100 12.162057
82052 20 29 35
-0.183468 -0.383915 -0.904958 8.624266
84356 20 29 36
-0.081014 -0.511902 -0.855215 4.119223
70580 20 30 30
-0.035094 -0.325499 0.944891 11.716896
72884 20 30 31
-0.416611 0.395942 -0.818331 11.570683
75236 20 31 32
-0.319859 -0.680254 -0.659504 11.630899
77540 20 31 33
-0.249071 -0.775431 -0.580233 9.367051
63764 20 32 27
-0.085968 -0.264144 0.960644 6.529633
66068 20 32 28
-0.254580 0.147425 0.955748 9.874459
68372 20 32 29
-0.020338 0.908075 0.418312 11.694296
72980 20 32 31
-0.067658 -0.901934 -0.426541 9.805569
66260 20 36 28
0.223304 -0.350359 0.909606 4.007447
68564 20 36 29
-0.271623 -0.806754 -0.524755 5.490670
53589 21 12 23
0.333754 0.302225 0.892899 7.953257
55893 21 12 24
-0.196947 0.858468 0.473544 9.767895
60501 21 12 26
0.084195 0.846647 0.525453 13.575391
62805 21 12 27
-0.619924 0.339262 -0.707528 12.640051
65109 21 12 28
-0.587176 0.114858 -0.801269 7.562267
62853 21 13 27
-0.417261 -0.523245 -0.743039 11.457392
58293 21 14 25
0.042176 -0.909609 0.413318 11.770641
60597 21 14 26
-0.002341 -0.878688 -0.477391 11.629229
62901 21 14 27
-0.018966 -0.548626 -0.835852 9.123780
58341 21 15 25
0.145028 -0.980097 0.135559 7.398503
60645 21 15 26
0.172549 -0.973649 -0.149111 7.385092
51477 21 16 22
-0.092341 -0.810604 0.578268 1.327446
72213 21 16 31
0.958829 -0.125417 -0.254788 2.995462
63093 21 18 27
0.693392 0.677544 0.245240 8.714053
63141 21 19 27
0.912213 0.401793 -0.080181 10.422498
67749 21 19 29
0.371998 0.408768 -0.833382 8.477276
60885 21 20 26
0.708376 0.466617 0.529596 11.271029
65493 21 20 28
0.716794 0.696967 -0.021069 11.176296
67797 21 20 29
0.241597 0.073408 -0.967596 9.458922
70101 21 20 30
0.204422 -0.024032 -0.978588 4.578330
60933 21 21 26
0.716900 -0.533463 0.448857 11.831997
63333 21 23 27
-0.666306 0.615794 0.420517 11.080973
67941 21 23 29
0.445043 0.171514 -0.878931 7.381678
54165 21 24 23
-0.229378 0.287380 0.929946 3.049286
67989 21 24 29
0.394076 0.675988 -0.622691 9.817121
79509 21 24 34
-0.485970 0.873570 -0.026615 8.255546
58821 21 25 25
0.247189 -0.050499 0.967650 10.176398
63429 21 25 27
-0.586850 -0.723841 0.362852 12.226860
68037 21 25 29
0.810190 -0.105860 -0.576529 11.583852
70341 21 25 30
0.813332 0.152255 -0.561525 9.115335
81861 21 25 35
-0.362696 -0.043543 -0.930890 8.118036
84165 21 25 36
-0.182793 -0.041069 -0.982293 4.239147
56565 21 26 24
0.192797 0.522278 0.830696 9.492495
68085 21 26 29
0.776493 -0.481439 -0.406541 10.129301
54309 21 27 23
0.245622 -0.234916 0.940470 6.283029
56613 21 27 24
0.154699 -0.338025 0.928336 9.877810
58917 21 27 25
-0.002107 0.970737 -0.240134 10.618950
77349 21 27 33
0.166213 -0.826972 0.537113 11.886499
79653 21 27 34
-0.597163 -0.286507 -0.749207 11.818023
81957 21 27 35
-0.462599 0.110029 -0.879714 9.500950
63573 21 28 27
-0.675289 -0.610245 0.414230 12.128873
82005 21 28 35
-0.358997 -0.239116 -0.902189 9.069607
63621 21 29 27
0.007888 -0.843385 0.537252 10.198672
68229 21 29 29
0.964706 0.105935 0.241082 12.796005
70533 21 29 30
0.922557 -0.143732 -0.358091 12.923965
72837 21 29 31
0.022554 -0.648254 -0.761090 12.071309
75141 21 29 32
-0.449787 -0.791448 -0.413886 11.138981
77445 21 29 33
-0.906509 0.151262 0.394160 11.388620
79797 21 30 34
-0.262031 -0.742566 -0.616389 9.143214
82101 21 30 35
-0.104278 -0.637928 -0.763004 5.235677
75237 21 31 32
-0.062747 -0.671115 -0.738693 11.560046
61461 21 32 26
0.250073 -0.480100 0.840813 4.037315
63765 21 32 27
-0.060722 -0.684955 0.726050 6.248595
68421 21 33 29
-0.399766 -0.722964 0.563481 9.807818
70725 21 33 30
-0.170070 -0.830193 -0.530900 10.108017
73029 21 33 31
-0.007052 -0.627121 -0.778890 6.477341
68517 21 35 29
0.168968 0.164106 -0.971864 5.863663
66261 21 36 28
0.061656 -0.776514 0.627077 4.562081
51286 22 12 22
0.073249 -0.203515 0.976328 5.470492
53590 22 12 23
-0.680464 0.348363 0.644679 7.708583
58198 22 12 25
-0.352662 0.675642 0.647409 11.287169
60502 22 12 26
-0.805081 0.454075 -0.381654 11.512466
53686 22 14 23
0.217317 -0.522297 0.824608 7.713410
55990 22 14 24
-0.385110 -0.765067 0.516104 9.879534
69814 22 14 30
0.790228 0.599709 -0.126050 5.636705
62950 22 15 27
0.624177 -0.733440 -0.269202 7.643064
72166 22 15 31
0.812146 0.404461 -0.420511 6.639434
74470 22 15 32
0.526475 0.377868 -0.761603 4.155806
72214 22 16 31
0.901630 -0.116209 -0.416605 7.343469
65350 22 17 28
0.320527 0.776829 0.542033 8.977598
67654 22 17 29
0.927826 0.294269 -0.229225 9.775995
69958 22 17 30
0.796417 -0.315899 -0.515682 8.205550
65398 22 18 28
0.779902 0.614020 -0.121375 10.759748
67702 22 18 29
0.460471 -0.281117 -0.841985 9.400961
67750 22 19 29
0.069833 0.090030 -0.993488 9.114444
72358 22 19 31
0.591685 -0.415738 -0.690703 3.055732
58582 22 20 25
0.161911 0.362274 0.917901 9.481495
56374 22 22 24
0.304734 -0.278240 0.910890 7.476007
58678 22 22 25
0.273432 -0.816862 0.507909 10.310013
65590 22 22 28
0.089491 -0.834834 0.543179 11.698439
67894 22 22 29
-0.034748 -0.381178 -0.923848 9.672963
74806 22 22 32
0.452061 0.810400 -0.372682 1.724091
61030 22 23 26
-0.742063 -0.501577 0.444705 8.726327
63334 22 23 27
-0.716033 0.007895 0.698022 9.654996
65638 22 23 28
-0.704344 -0.625967 -0.334761 10.427676
74854 22 23 32
0.382783 0.921177 -0.070077 3.955007
61078 22 24 26
-0.722288 0.500070 0.477735 9.315559
63382 22 24 27
-0.751569 0.556991 0.353420 10.448414
70294 22 24 30
0.220235 0.920042 -0.324067 8.758876
72598 22 24 31
0.438728 0.882158 -0.171219 7.623971
77206 22 24 33
0.214328 0.975190 -0.055390 7.887673
56518 22 25 24
-0.662404 0.390359 0.639407 6.428864
65734 22 25 28
-0.635377 -0.123064 0.762332 12.206722
68038 22 25 29
-0.340091 0.531230 -0.775972 12.955677
77254 22 25 33
0.520379 0.830777 -0.197524 10.288294
79558 22 25 34
-0.535351 0.344527 -0.771168 8.953212
61174 22 26 26
0.931273 -0.018356 -0.363858 10.088756
70390 22 26 30
0.731356 -0.681892 0.011891 11.244910
72694 22 26 31
0.872072 0.430847 0.232081 11.550848
74998 22 26 32
0.654290 0.754913 0.044855 11.837751
81910 22 26 35
-0.430647 0.196756 -0.880812 7.399080
63526 22 27 27
0.030404 0.907954 0.417965 11.141549
68134 22 27 29
-0.107648 0.969584 -0.219814 11.017085
72742 22 27 31
0.827059 0.429331 0.362834 12.256071
84262 22 27 36
-0.262152 -0.146712 -0.953809 3.874149
56662 22 28 24
0.495719 -0.577823 0.648370 9.330655
58966 22 28 25
0.361156 -0.931328 0.046843 10.282043
63574 22 28 27
-0.164085 -0.768327 0.618668 11.441381
70486 22 28 30
0.377404 0.864241 0.332647 12.938578
72790 22 28 31
0.348127 -0.214318 -0.912620 12.743514
79702 22 28 34
-0.611643 -0.353968 -0.707531 10.620450
82006 22 28 35
-0.442538 -0.101925 -0.890938 7.425601
56710 22 29 24
0.308335 -0.830422 0.464035 6.696198
63622 22 29 27
-0.036650 -0.745258 0.665768 9.919339
70534 22 29 30
-0.476355 -0.509314 -0.716718 13.097075
72838 22 29 31
-0.448849 -0.567255 -0.690475 11.657904
75142 22 29 32
-0.779921 -0.423917 -0.460455 10.138495
79750 22 29 34
-0.834482 -0.467438 -0.291791 9.280066
82054 22 29 35
-0.533485 -0.335209 -0.776549 6.381724
61366 22 30 26
-0.099477 -0.875999 0.471943 6.280068
68278 22 30 29
-0.707741 -0.695358 0.124820 12.917570
70582 22 30 30
-0.563715 -0.611309 -0.555452 12.033406
75190 22 30 32
-0.922596 0.124825 -0.365013 9.981482
79798 22 30 34
-0.689618 -0.574202 -0.441270 6.630424
68326 22 31 29
-0.635636 -0.771612 0.024113 10.718362
72934 22 31 31
-0.867878 -0.496610 0.012888 10.204105
75238 22 31 32
-0.819333 -0.458746 -0.343868 9.270393
77542 22 31 33
-0.644486 -0.529013 -0.552071 6.674071
63766 22 32 27
-0.485024 -0.783727 0.387973 5.677490
66070 22 32 28
-0.526410 -0.660060 0.535923 7.102591
68374 22 32 29
-0.873896 -0.449662 0.184691 8.740464
72982 22 32 31
-0.791584 -0.537956 -0.289826 7.222159
70726 22 33 30
-0.866868 -0.448835 -0.216996 7.084386
73030 22 33 31
-0.630581 -0.484784 -0.606095 4.665895
66214 22 35 28
-0.083197 0.116542 0.989695 6.332070
68518 22 35 29
-0.406937 -0.066305 -0.911046 5.318789
51239 23 11 22
-0.650734 0.499760 0.571651 4.697397
55895 23 12 24
-0.438279 0.672788 0.596043 7.958205
58199 23 12 25
-0.743537 0.664191 -0.077471 9.055895
51335 23 13 22
0.086725 0.249106 0.964585 5.762403
58247 23 13 25
-0.864385 0.223332 0.450512 10.427068
62855 23 13 27
-0.041668 0.874922 -0.482467 8.553077
51383 23 14 22
0.033138 -0.608990 0.792485 5.036608
53687 23 14 23
-0.422802 -0.749564 0.509306 7.430059
60599 23 14 26
0.433974 -0.498084 0.750719 11.529869
62903 23 14 27
0.675501 0.506718 -0.535663 11.305992
69815 23 14 30
0.687889 0.668942 -0.281646 9.274210
65255 23 15 28
0.708647 -0.667543 0.228486 10.743469
67559 23 15 29
0.905346 -0.385150 0.178909 11.332911
72215 23 16 31
0.663727 -0.025737 -0.747532 11.257114
74567 23 17 32
0.568888 -0.355594 -0.741565 5.970795
60791 23 18 26
0.462154 0.688142 0.559351 10.134259
65399 23 18 28
0.558558 0.537471 -0.631774 11.622541
58535 23 19 25
0.200172 0.275356 0.940271 8.872159
60839 23 19 26
0.137955 0.470896 0.871336 12.350190
63143 23 19 27
0.054912 0.399064 -0.915277 12.905935
70055 23 19 30
0.519955 -0.564691 -0.640915 7.212335
60887 23 20 26
-0.383861 -0.139404 0.912807 12.687016
63191 23 20 27
-0.510163 -0.075236 -0.856781 13.017505
60935 23 21 26
-0.216185 -0.665951 0.713984 12.048943
63239 23 21 27
0.389319 -0.900701 0.192791 12.514818
65543 23 21 28
-0.513820 0.182015 -0.838367 12.361277
67847 23 21 29
-0.374684 0.043879 -0.926114 9.241193
56375 23 22 24
-0.295127 -0.270210 0.916454 7.478445
58679 23 22 25
-0.423932 -0.602348 0.676357 10.157076
60983 23 22 26
0.160474 -0.984719 -0.067650 10.635427
67895 23 22 29
-0.166299 -0.202227 -0.965116 8.815369
58727 23 23 25
-0.162219 -0.910888 0.379431 7.344886
74855 23 23 32
0.227706 0.949145 -0.217424 5.010781
77207 23 24 33
0.080839 0.929792 -0.359100 8.606293
61127 23 25 26
-0.590769 0.504679 0.629517 8.769549
63431 23 25 27
-0.333232 0.224754 0.915665 10.105153
68039 23 25 29
-0.791270 0.418655 0.445668 12.322424
70343 23 25 30
-0.541452 0.442872 -0.714629 11.940527
72647 23 25 31
0.110518 0.993852 -0.006570 11.373124
77255 23 25 33
0.089696 0.250402 -0.963978 10.997815
61175 23 26 26
-0.581497 0.772518 0.255104 9.954044
65783 23 26 28
0.056574 -0.132390 0.989582 10.939069
54311 23 27 23
0.204588 0.952920 -0.223800 8.947149
63527 23 27 27
0.254327 0.908488 0.331614 11.324112
65831 23 27 28
0.347991 0.644652 -0.680681 11.348211
77351 23 27 33
-0.821345 -0.255603 -0.509960 11.456727
79655 23 27 34
-0.718376 0.004773 -0.695639 8.728343
52055 23 28 22
0.937676 -0.341733 -0.063104 10.466216
54359 23 28 23
0.684544 -0.607366 -0.403122 9.763161
63575 23 28 27
0.758699 -0.642912 0.105067 11.817028
65879 23 28 28
0.086275 -0.506394 -0.857975 11.306170
75095 23 28 32
-0.622597 -0.697688 -0.354408 10.197469
47495 23 29 20
0.856734 0.123685 0.500709 6.966639
52103 23 29 22
0.774098 -0.614955 -0.150345 8.625576
54407 23 29 23
0.639642 -0.718188 -0.273980 7.766475
61319 23 29 26
0.078796 -0.911285 0.404168 9.195100
63623 23 29 27
0.195041 -0.932089 0.305236 10.304137
70535 23 29 30
-0.641027 -0.667821 -0.378284 11.648156
75143 23 29 32
-0.778013 -0.494856 -0.387057 7.240631
47543 23 30 20
0.923616 -0.338180 0.180466 6.388605
49847 23 30 21
0.844707 -0.534971 -0.016604 6.607691
52151 23 30 22
0.866959 -0.491908 -0.080058 6.482048
63671 23 30 27
-0.155090 -0.876016 0.456665 7.250997
66215 23 35 28
-0.697795 -0.714651 -0.048539 5.648623
53544 24 11 23
-0.768970 0.616868 0.167809 3.164705
51336 24 13 22
-0.764807 0.309701 0.564939 4.926750
67464 24 13 29
0.363954 0.931414 0.002322 8.567127
51384 24 14 22
-0.546832 -0.683564 0.483441 4.093045
58296 24 14 25
-0.506180 -0.232700 0.830441 9.970572
60600 24 14 26
-0.940600 -0.179404 0.288245 11.267713
65208 24 14 28
-0.224496 0.828331 0.513293 11.921290
72120 24 14 31
0.403154 0.215491 -0.889399 9.820062
58344 24 15 25
-0.261767 -0.846293 0.463968 7.615317
62952 24 15 27
-0.321443 -0.852044 0.413153 10.108468
65256 24 15 28
-0.369642 -0.913019 0.172515 11.012584
69864 24 15 30
-0.968209 -0.153165 0.197767 11.573971
56088 24 16 24
-0.149481 -0.694899 0.703400 2.738308
69912 24 16 30
-0.799427 -0.140211 0.584172 11.489947
72216 24 16 31
-0.707785 -0.035602 -0.705530 11.418901
76824 24 16 33
0.112602 0.149747 -0.982292 3.762047
65352 24 17 28
0.119844 0.992544 0.022219 10.135618
72312 24 18 31
0.132383 -0.699617 -0.702147 8.807981
74616 24 18 32
0.063520 -0.388616 -0.919208 6.494011
67752 24 19 29
0.090934 -0.732852 -0.674284 10.293492
56280 24 20 24
0.491560 0.029267 0.870352 6.745597
54024 24 21 23
0.065088 -0.033151 0.997329 3.636655
44856 24 22 19
0.691453 0.673418 -0.261537 3.514139
60984 24 22 26
-0.182239 -0.964321 0.192026 10.478504
65592 24 22 28
-0.634470 -0.320977 -0.703151 11.131521
67896 24 22 29
-0.263430 0.252595 -0.931021 8.089499
58728 24 23 25
-0.106049 -0.882764 0.457691 6.692400
61032 24 23 26
-0.148502 -0.964489 0.218422 7.787405
63336 24 23 27
-0.171216 -0.633332 0.754703 9.062848
67944 24 23 29
0.016341 0.717705 -0.696156 9.762222
70248 24 23 30
0.003718 0.930386 -0.366562 7.934885
72552 24 23 31
-0.016658 0.971314 -0.237217 6.986239
74856 24 23 32
-0.099914 0.904709 -0.414148 5.511587
42648 24 24 18
0.963303 0.229329 0.139483 8.599257
44952 24 24 19
0.598137 -0.149337 -0.787357 6.646346
65688 24 24 28
0.131439 0.639035 0.757864 11.519749
67992 24 24 29
-0.295223 0.591657 -0.750190 11.410858
70296 24 24 30
-0.595212 0.642299 -0.482882 10.175638
42696 24 25 18
0.732298 -0.623644 -0.273510 7.217739
65736 24 25 28
-0.407563 -0.852345 0.327720 11.702293
68040 24 25 29
-0.890504 -0.348843 -0.292081 11.397738
74952 24 25 32
-0.998169 -0.059104 -0.012851 10.964145
77256 24 25 33
-0.783139 -0.079387 -0.616758 9.639030
81864 24 25 35
-0.192690 0.092121 -0.976926 3.699184
54264 24 26 23
0.257693 0.959485 -0.113946 5.656991
68088 24 26 29
-0.976867 -0.168290 -0.131947 10.493511
70392 24 26 30
-0.960684 -0.164321 -0.223795 9.989285
72696 24 26 31
-0.969038 -0.240737 0.054876 9.742593
49704 24 27 21
0.199293 0.927466 0.316369 10.624396
52008 24 27 22
0.022246 0.946207 -0.322796 10.640803
58920 24 27 25
0.000369 0.790649 0.612270 10.276726
65832 24 27 28
-0.639078 0.614905 -0.462030 11.309639
68136 24 27 29
-0.847975 0.529971 -0.008319 10.952682
72744 24 27 31
-0.956479 0.103967 -0.272651 9.716503
49752 24 28 21
0.543263 -0.780796 0.308581 11.566798
58968 24 28 25
0.172241 -0.743261 0.646449 10.866676
61272 24 28 26
-0.055720 -0.876948 0.477345 11.922052
63576 24 28 27
-0.400497 -0.858168 -0.321169 12.177480
70488 24 28 30
-0.911498 -0.338962 -0.232970 11.184620
72792 24 28 31
-0.793961 -0.399328 -0.458435 9.046585
75096 24 28 32
-0.760789 -0.522022 -0.385607 6.600893
45192 24 29 19
0.595630 0.288997 0.749470 7.829387
59016 24 29 25
0.135561 -0.989290 0.054112 8.012334
75144 24 29 32
-0.725105 -0.577618 -0.374940 3.671676
45240 24 30 19
0.664580 -0.059775 0.744823 8.415664
47544 24 30 20
0.924756 -0.362655 0.115361 10.579859
54456 24 30 23
0.828259 -0.248637 -0.502162 8.873197
65976 24 30 28
-0.566717 -0.810834 0.146220 7.502221
68280 24 30 29
-0.652874 -0.683899 -0.325634 6.886332
47592 24 31 20
0.863588 -0.504007 -0.013873 8.623977
54552 24 32 23
0.631329 -0.764462 0.130466 5.463690
63768 24 32 27
-0.566836 -0.774345 -0.281224 2.369674
66216 24 35 28
-0.082188 -0.824812 -0.559402 5.044758
58153 25 11 25
-0.578970 0.672040 -0.461689 1.519487
51337 25 13 22
-0.952745 0.093840 0.288912 2.680656
67465 25 13 29
-0.222270 0.970317 0.095290 9.152946
69769 25 13 30
-0.286541 0.951424 -0.112632 9.240749
72073 25 13 31
-0.315590 0.721518 -0.616292 7.211127
55993 25 14 24
-0.792220 -0.332154 0.511919 4.988344
60601 25 14 26
-0.909740 -0.151062 0.386722 9.156282
62905 25 14 27
-0.928081 -0.024695 0.371558 9.968575
65209 25 14 28
-0.826631 0.092573 0.555078 10.961146
67513 25 14 29
-0.938273 -0.340054 -0.063303 11.296406
69817 25 14 30
-0.935721 -0.329667 -0.125481 11.242462
72121 25 14 31
-0.467132 0.177333 -0.866222 9.587906
74425 25 14 32
-0.183824 0.346917 -0.919705 5.096993
63001 25 16 27
-0.606171 -0.105138 0.788354 7.367689
67609 25 16 29
0.903723 0.413138 0.112257 10.387280
60745 25 17 26
-0.503922 0.818276 0.276563 7.769780
65353 25 17 28
-0.131079 0.805025 0.578578 10.294411
74569 25 17 32
-0.532210 -0.257698 -0.806440 6.334453
58489 25 18 25
-0.469893 0.567152 0.676417 9.101372
60793 25 18 26
-0.632066 0.687676 0.357204 11.030536
65401 25 18 28
-0.810732 0.249526 -0.529576 11.526266
56233 25 19 24
-0.351793 0.203770 0.913630 7.017560
58537 25 19 25
-0.593639 0.081314 0.800613 10.386415
67753 25 19 29
-0.637109 -0.466762 -0.613373 9.306460
56281 25 20 24
-0.453361 -0.147597 0.879022 7.076284
58585 25 20 25
-0.317329 -0.080832 0.944864 10.259535
60889 25 20 26
0.518940 -0.095781 0.849428 12.082455
67801 25 20 29
-0.376940 -0.311907 -0.872141 7.722242
60937 25 21 26
-0.179305 -0.963244 0.200029 11.736517
42553 25 22 18
0.588268 0.716138 0.375616 5.554554
44857 25 22 19
0.806693 0.579028 -0.118205 6.287961
58681 25 22 25
-0.264969 -0.509144 0.818880 9.071621
67945 25 23 29
-0.882957 0.229531 -0.409515 7.075084
42649 25 24 18
0.376075 0.629550 -0.679878 10.374734
44953 25 24 19
0.074259 -0.342930 -0.936421 7.947330
67993 25 24 29
-0.961234 -0.005665 -0.275676 7.780559
74905 25 24 32
-0.941552 0.273313 -0.196925 5.882056
40393 25 25 17
0.371344 -0.459113 0.807043 9.367466
42697 25 25 18
-0.081404 -0.795906 -0.599922 8.963799
63433 25 25 27
-0.917845 0.152923 0.366299 7.949002
65737 25 25 28
-0.967300 -0.202386 -0.152876 8.389771
70345 25 25 30
-0.996687 -0.069804 -0.041732 6.330440
72649 25 25 31
-0.994289 -0.106338 0.009064 6.297829
74953 25 25 32
-0.985427 -0.144121 -0.090348 6.131444
40441 25 26 17
0.169136 -0.985077 0.031882 6.042995
56569 25 26 24
0.534234 0.808191 -0.247832 7.383529
63481 25 26 27
-0.994118 0.099287 -0.043252 8.296771
47401 25 27 20
-0.048269 0.940242 0.337069 9.261871
52009 25 27 22
-0.057641 0.969315 0.238967 10.612404
65833 25 27 28
-0.886273 0.390941 -0.248364 8.755272
70441 25 27 30
-0.953003 0.114396 -0.280534 6.164841
77353 25 27 33
-0.861468 -0.502436 -0.073699 3.786482
52057 25 28 22
-0.085714 -0.957859 -0.274151 11.286926
54361 25 28 23
0.633875 -0.658226 -0.406130 10.990232
63577 25 28 27
-0.894155 -0.441952 -0.071869 9.670259
70489 25 28 30
-0.907611 -0.276091 -0.316254 5.810339
47497 25 29 20
0.637830 0.198641 0.744120 12.775472
54409 25 29 23
0.456495 -0.208712 -0.864900 10.416411
56761 25 30 24
0.874666 0.147368 -0.461781 9.924773
42985 25 31 18
0.436956 0.023142 0.899185 8.156622
59113 25 31 25
0.342281 -0.109289 -0.933220 7.093620
59161 25 32 25
0.462075 -0.379397 -0.801589 6.107065
63913 25 35 27
0.300363 -0.873022 0.384206 5.692743
60554 26 13 26
-0.624879 0.626157 0.466320 4.943655
65162 26 13 28
-0.329179 0.942544 0.057032 7.134753
65210 26 14 28
-0.875165 0.067087 0.479152 9.233582
67514 26 14 29
-0.926321 0.327168 -0.186791 9.300231
69818 26 14 30
-0.845036 0.505698 -0.173733 9.012326
67562 26 15 29
-0.225111 0.959543 0.169123 9.969959
72170 26 15 31
-0.032063 0.524524 -0.850792 9.560718
65306 26 16 28
-0.189125 0.035417 0.981314 9.154879
67610 26 16 29
0.295173 0.730829 0.615437 11.467182
74522 26 16 32
-0.288796 -0.380398 -0.878575 6.002056
67658 26 17 29
-0.234771 -0.610577 0.756359 11.462786
69962 26 17 30
-0.236374 -0.303747 -0.922966 11.530392
65402 26 18 28
-0.971057 -0.238841 -0.001726 8.957797
70010 26 18 30
-0.273707 -0.933981 -0.229706 9.512546
72314 26 18 31
-0.243337 -0.544962 -0.802374 7.111926
63146 26 19 27
-0.988546 -0.024612 -0.148901 9.300828
60890 26 20 26
-0.975810 -0.021436 0.217567 9.063801
63194 26 20 27
-0.978921 -0.015750 -0.203631 9.000487
44810 26 21 19
0.786533 0.598736 0.151268 7.649215
47114 26 21 20
0.533544 0.606378 -0.589607 6.603637
63242 26 21 27
-0.998413 0.051866 0.021940 9.241839
65546 26 21 28
-0.847111 0.065641 -0.527347 8.050045
40250 26 22 17
0.672308 0.634089 0.382012 6.726473
63290 26 22 27
-0.882175 -0.461061 0.095862 8.556674
65594 26 22 28
-0.697032 -0.377305 -0.609743 7.265511
40298 26 23 17
0.653248 0.396248 0.645178 9.301591
42602 26 23 18
0.753146 0.584989 0.300932 11.141176
44906 26 23 19
0.885262 -0.136411 -0.444639 10.803604
47210 26 23 20
0.891115 -0.176577 -0.418013 9.220123
49514 26 23 21
0.916289 -0.007559 -0.400447 7.605864
63338 26 23 27
-0.672397 -0.739533 0.031204 5.574489
40346 26 24 17
0.524338 0.052198 0.849909 10.261995
49562 26 24 21
0.857463 -0.483729 -0.175394 6.440741
54170 26 24 23
0.948644 0.314292 -0.035982 6.919424
45002 26 25 19
0.291523 -0.692806 -0.659571 6.271370
45050 26 26 19
0.419102 0.047921 -0.906674 5.194119
54266 26 26 23
0.234534 0.938318 0.254072 9.643335
56570 26 26 24
-0.070800 0.729511 -0.680295 8.535023
58874 26 26 25
-0.401437 0.620283 -0.673867 5.183624
52010 26 27 22
-0.169067 0.680227 0.713237 10.139462
56618 26 27 24
-0.159367 0.653299 -0.740137 11.092092
79658 26 27 34
-0.808639 -0.549882 -0.209126 1.579810
45146 26 28 19
-0.363285 0.303381 0.880900 8.578486
58970 26 28 25
-0.429983 0.082516 -0.899058 9.205575
47498 26 29 20
-0.751919 -0.097028 0.652077 12.171355
49802 26 29 21
-0.950840 0.157818 -0.266452 12.687904
52106 26 29 22
0.172790 0.170889 -0.970021 11.785141
56714 26 29 24
0.684014 -0.591696 -0.426639 11.145145
59018 26 29 25
-0.203775 -0.133802 -0.969831 8.975503
52154 26 30 22
-0.804650 0.362317 -0.470389 12.142455
56762 26 30 24
0.053488 0.364016 -0.929856 11.332891
59066 26 30 25
-0.045273 -0.114123 -0.992435 8.428418
42986 26 31 18
-0.363434 -0.134769 0.921821 8.150826
45290 26 31 19
-0.834156 -0.075320 0.546361 11.050668
47594 26 31 20
-0.982991 0.022993 0.182209 12.006371
52202 26 31 22
-0.632734 -0.711150 -0.306453 11.925453
54506 26 31 23
-0.376502 -0.925646 0.037771 11.435240
56810 26 31 24
0.029077 -0.464074 -0.885319 11.208687
45338 26 32 19
-0.453203 -0.845767 0.281577 7.795218
47642 26 32 20
-0.444763 -0.895095 0.031481 8.844909
56906 26 33 24
0.789317 -0.598630 0.136456 8.474358
63914 26 35 27
0.117669 -0.988904 0.090676 6.601604
62859 27 13 27
-0.176446 0.809484 0.560002 5.250445
72171 27 15 31
-0.234899 0.599645 -0.765015 9.031352
69915 27 16 30
-0.085672 0.002434 -0.996320 12.057520
72219 27 16 31
0.025532 -0.325682 -0.945134 9.457896
70011 27 18 30
0.407547 -0.867726 -0.284528 9.301863
72363 27 19 31
0.729581 -0.600562 -0.327167 5.320426
74667 27 19 32
0.920482 -0.257158 -0.294250 4.121649
42459 27 20 18
0.615085 0.757408 0.219099 6.123360
44811 27 21 19
0.289510 0.852539 -0.435157 10.338965
47115 27 21 20
-0.169111 0.588526 -0.790594 7.313592
49419 27 21 21
-0.125728 0.799160 -0.587823 4.054759
37947 27 22 16
0.386870 0.554749 0.736604 6.985704
40251 27 22 17
0.604604 0.649816 0.460644 9.409115
54075 27 22 23
-0.133636 0.720248 -0.680723 3.826534
37995 27 23 16
0.487072 0.067547 0.870746 8.614495
44907 27 23 19
0.940587 -0.337510 -0.037203 12.318173
47211 27 23 20
0.696102 -0.230199 -0.680037 11.615818
49515 27 23 21
0.503384 -0.197642 -0.841155 10.055953
42651 27 24 18
-0.124774 -0.956318 -0.264361 11.226477
51867 27 24 22
-0.173288 -0.393917 0.902663 8.065875
54171 27 24 23
-0.219360 0.956275 -0.193438 8.796079
58779 27 24 25
-0.168794 0.025606 -0.985319 2.799357
40395 27 25 17
-0.345592 -0.924751 0.159381 8.428738
42699 27 25 18
-0.165038 -0.946779 -0.276354 7.962235
49611 27 25 21
0.700010 -0.680609 -0.216235 6.889276
38139 27 26 16
-0.350669 -0.792744 0.498586 3.562400
51963 27 26 22
0.061024 0.523537 0.849815 8.293849
56619 27 27 24
-0.281411 0.522233 -0.805034 10.045597
49755 27 28 21
-0.053706 0.695098 0.716906 10.785528
52059 27 28 22
0.638706 0.546587 0.541570 12.126141
54363 27 28 23
0.980334 -0.189817 -0.053986 12.408063
47499 27 29 20
-0.763837 0.349122 0.542832 10.382554
49803 27 29 21
-0.816350 -0.464953 0.342624 11.256179
52107 27 29 22
-0.355947 -0.934052 -0.029140 11.526304
45243 27 30 19
-0.182660 0.006711 0.983153 9.845888
54459 27 30 23
-0.841069 -0.500870 0.204284 10.198472
49899 27 31 21
-0.741956 -0.669540 -0.034905 9.570932
52203 27 31 22
-0.842793 -0.507968 -0.177959 8.925278
63723 27 31 27
0.592765 0.613077 -0.522271 4.532254
56907 27 33 24
0.722407 -0.109192 0.682792 11.413886
59211 27 33 25
0.873861 -0.128976 -0.468757 11.275189
61515 27 33 26
0.928219 0.166250 -0.332822 9.806958
54651 27 34 23
0.431960 -0.655661 0.619289 6.672007
56955 27 34 24
0.592526 -0.762147 0.260855 9.243638
63867 27 34 27
0.894220 -0.443168 -0.063028 10.719492
66171 27 34 28
0.246295 -0.432754 -0.867216 8.644869
68475 27 34 29
0.192886 -0.603462 -0.773711 5.187695
61611 27 35 26
0.160046 -0.952952 0.257425 6.041323
63915 27 35 27
-0.031660 -0.995290 -0.091621 6.812598
62860 28 13 27
0.310161 0.799731 0.514033 5.530077
74380 28 13 32
0.689257 0.370026 -0.622901 2.767956
67516 28 14 29
0.490277 0.562711 -0.665571 10.704714
69820 28 14 30
0.314990 0.579406 -0.751711 8.102339
65260 28 15 28
0.325192 -0.287224 0.900973 11.177854
67564 28 15 29
-0.295403 -0.051786 -0.953968 11.001997
76828 28 16 33
0.385020 0.082898 -0.919178 4.844452
65356 28 17 28
0.084120 -0.521885 0.848858 11.082493
67660 28 17 29
-0.489471 -0.853706 -0.177779 11.992482
74572 28 17 32
0.777943 0.117878 -0.617179 8.676007
70012 28 18 30
0.729428 -0.684016 -0.007504 10.671192
72316 28 18 31
0.950018 -0.188725 -0.248694 10.127967
76924 28 18 33
0.553449 0.226965 -0.801362 6.083561
47020 28 19 20
-0.023975 0.681300 -0.731611 1.536008
70060 28 19 30
0.566522 -0.784607 0.251883 8.731426
40156 28 20 17
0.404388 0.858694 0.314824 7.110747
42460 28 20 18
-0.015362 0.995158 -0.097077 7.725148
74716 28 20 32
0.772094 -0.588129 -0.240781 6.453249
42508 28 21 18
0.291993 0.952809 -0.083039 11.919334
44812 28 21 19
-0.291576 0.606935 -0.739333 9.785912
42556 28 22 18
0.690126 -0.708316 0.148375 12.318939
37996 28 23 16
0.102831 0.197526 0.974889 9.793344
44908 28 23 19
-0.250403 -0.497171 0.830735 12.484056
47212 28 23 20
-0.192389 -0.394074 -0.898717 12.084138
49516 28 23 21
-0.217815 -0.303450 -0.927618 10.106982
51820 28 23 22
-0.433983 0.054067 -0.899297 7.321680
38044 28 24 16
0.141926 -0.575727 0.805230 9.019918
40348 28 24 17
-0.296690 -0.940141 0.167658 10.502953
42652 28 24 18
-0.309301 -0.950947 0.005666 10.589849
47308 28 25 20
0.524403 -0.847309 -0.084077 8.642237
54220 28 25 23
-0.994903 0.066360 0.075922 8.204618
54316 28 27 23
-0.717425 0.686431 -0.118803 10.463534
63532 28 27 27
0.849602 -0.271382 -0.452249 5.287916
49756 28 28 21
-0.126731 0.276836 0.952523 10.708744
56668 28 28 24
0.155959 0.476769 -0.865083 11.001516
61324 28 29 26
0.666253 -0.093181 -0.739881 5.639152
49852 28 30 21
0.054578 -0.766584 -0.639821 10.177396
49900 28 31 21
-0.396733 -0.901611 -0.172338 7.932529
56812 28 31 24
0.284922 0.405306 0.868646 9.765409
59116 28 31 25
0.545626 0.769208 -0.332583 10.241520
63724 28 31 27
0.188157 0.713992 -0.674398 6.276661
54604 28 33 23
0.142480 -0.024915 0.989484 9.661613
66124 28 33 28
0.232771 0.809233 -0.539406 9.153293
68428 28 33 29
0.093169 0.340994 -0.935437 6.789220
54652 28 34 23
-0.105505 -0.726715 0.678789 7.563826
59260 28 34 25
0.141012 -0.969417 -0.200865 11.092763
63868 28 34 27
-0.266254 -0.883864 -0.384569 11.004267
68476 28 34 29
-0.101403 -0.707781 -0.699117 5.354620
74333 29 12 32
0.663523 0.732087 0.154230 3.086500
60557 29 13 26
0.679946 0.387901 0.622259 5.213689
67469 29 13 29
0.496935 0.828954 -0.256692 9.388975
72173 29 15 31
0.873964 0.471990 -0.115807 10.303768
74573 29 17 32
-0.521576 0.118815 -0.844892 9.380723
65405 29 18 28
0.474395 -0.657231 0.585659 8.819634
72317 29 18 31
-0.840570 0.515702 -0.165809 11.090283
74621 29 18 32
-0.634336 0.341158 -0.693707 10.268251
76925 29 18 33
-0.373151 0.285953 -0.882604 6.547511
42413 29 19 18
-0.532422 0.842697 -0.079923 2.532552
76973 29 19 33
-0.279231 -0.222571 -0.934073 6.838192
37853 29 20 16
0.022646 0.981474 0.190252 7.356333
70109 29 20 30
0.353902 -0.802486 0.480385 7.487365
74717 29 20 32
0.191945 -0.667157 -0.719763 8.800969
35597 29 21 15
0.490811 0.253575 0.833549 7.740153
37901 29 21 16
0.518365 0.438014 0.734466 10.517461
42509 29 21 18
-0.098436 0.870878 -0.481540 11.934053
74765 29 21 32
0.636301 -0.647072 -0.420022 6.569135
35645 29 22 15
0.612139 -0.120077 0.781580 7.873991
44909 29 23 19
-0.217542 -0.954361 -0.204626 12.125895
47213 29 23 20
-0.423231 -0.589456 -0.688054 11.380062
49517 29 23 21
0.040673 -0.087169 -0.995363 9.705158
51821 29 23 22
0.303530 0.288265 -0.908170 6.904253
38045 29 24 16
-0.045323 -0.701123 0.711599 9.089082
51869 29 24 22
0.849087 0.190229 -0.492812 7.742620
38093 29 25 16
-0.088638 -0.920281 0.381086 6.108865
40397 29 25 17
-0.278970 -0.959625 -0.036003 6.703774
61133 29 25 26
0.876053 0.480672 -0.038536 10.522655
63437 29 25 27
0.616956 0.413799 -0.669429 8.209248
47357 29 26 20
-0.122844 -0.971954 0.200538 7.261106
61181 29 26 26
0.988296 0.099979 -0.115216 12.108220
65789 29 26 28
0.487869 0.179811 -0.854197 5.633737
52013 29 27 22
-0.723643 0.681949 -0.106241 8.074026
61229 29 27 26
0.794979 -0.533998 -0.287845 11.075267
63533 29 27 27
0.574839 -0.524332 -0.628201 9.036638
49757 29 28 21
-0.773938 0.279035 0.568471 9.418155
47501 29 29 20
-0.639918 0.270092 0.719413 7.923916
54413 29 29 23
-0.530449 -0.673047 0.515395 12.436801
59021 29 29 25
0.716334 -0.305120 -0.627509 11.809352
61325 29 29 26
0.517175 -0.190972 -0.834302 8.704271
47549 29 30 20
-0.806300 -0.354976 0.473151 7.850439
49853 29 30 21
-0.797333 -0.595124 0.100441 8.890142
52157 29 30 22
-0.253643 -0.928631 0.270757 9.507377
56813 29 31 24
0.658708 0.444076 0.607372 11.246141
59117 29 31 25
0.609483 0.460554 -0.645306 11.540553
61421 29 31 26
-0.080166 0.671210 -0.736920 9.456285
63725 29 31 27
-0.214652 0.664102 -0.716166 6.201229
56861 29 32 24
0.970982 -0.100596 0.216966 11.952201
63773 29 32 27
-0.142758 0.570480 -0.808809 9.449741
54605 29 33 23
-0.355095 -0.535224 0.766448 9.199900
66125 29 33 28
-0.617155 0.341618 -0.708814 8.745921
68429 29 33 29
-0.377842 0.127210 -0.917089 6.149213
59261 29 34 25
-0.043747 -0.995235 0.087136 11.439073
63869 29 34 27
-0.456880 -0.704086 -0.543620 9.756765
78942 30 12 34
0.343735 0.547924 -0.762644 5.506503
60558 30 13 26
0.875363 0.424444 0.231488 7.567844
65166 30 13 28
0.510154 0.693577 0.508620 11.606377
67470 30 13 29
0.480879 0.836924 -0.261371 11.824495
53694 30 14 23
0.609456 0.299873 0.733921 5.709936
55998 30 14 24
0.912483 0.275597 0.302358 8.600391
65214 30 14 28
0.308835 -0.367927 0.877069 12.267833
67518 30 14 29
0.944829 -0.325954 -0.032444 13.005580
69822 30 14 30
0.990873 0.014524 -0.134011 12.688010
58350 30 15 25
0.931552 -0.343644 0.118824 8.731748
67566 30 15 29
0.927092 -0.356992 0.114267 12.248768
79086 30 15 34
0.220174 -0.376693 -0.899792 3.203145
60702 30 16 26
0.776251 -0.445872 0.445682 7.876759
72222 30 16 31
-0.160905 -0.765732 -0.622707 11.428378
74526 30 16 32
-0.184246 -0.513478 -0.838089 8.859167
69966 30 17 30
-0.372343 -0.094816 -0.923239 11.491040
67710 30 18 29
0.701476 0.370711 0.608691 12.955713
63150 30 19 27
0.731588 -0.354290 0.582459 6.936565
65454 30 19 28
0.612542 -0.624996 0.483914 9.779804
67758 30 19 29
0.232259 -0.962504 0.140149 11.274034
74670 30 19 32
-0.613825 0.137513 -0.777373 8.270366
72414 30 20 31
-0.515144 -0.847833 0.125721 9.294950
35598 30 21 15
-0.520363 0.460792 0.718953 7.264009
40206 30 21 17
-0.310669 0.946804 0.083944 12.056648
42510 30 21 18
-0.227710 0.917674 -0.325611 11.082716
44814 30 21 19
-0.093559 0.927006 -0.363189 9.010889
47118 30 21 20
0.087370 0.949767 -0.300515 7.212485
56334 30 21 24
0.885041 0.435587 -0.164215 6.749189
58638 30 21 25
0.868636 0.369572 -0.329983 5.732903
60942 30 21 26
0.805276 0.021226 -0.592520 3.934966
35646 30 22 15
-0.383660 0.002961 0.923470 8.266513
40254 30 22 17
-0.635081 0.190074 0.748695 14.525291
44862 30 22 19
-0.056155 0.569101 -0.820348 12.453477
47166 30 22 20
-0.239662 0.652343 -0.719034 10.306769
49470 30 22 21
0.708128 0.645875 -0.285309 9.252644
72510 30 22 31
-0.125958 -0.877190 0.463327 4.260633
35694 30 23 15
-0.171765 -0.343734 0.923224 7.535903
40302 30 23 17
0.145156 -0.966977 0.209486 13.458072
47262 30 24 20
0.827831 -0.446714 0.339327 11.325542
49566 30 24 21
0.903684 -0.107889 -0.414386 11.495332
51870 30 24 22
0.633823 0.008572 -0.773430 9.980993
56478 30 24 24
0.861985 0.352447 0.364367 11.184018
58782 30 24 25
0.725572 0.681571 -0.094904 11.599248
61086 30 24 26
0.311819 0.838686 -0.446514 10.363730
63390 30 24 27
0.132064 0.731763 -0.668642 7.108346
67998 30 24 29
0.093464 0.711316 -0.696631 2.131416
42702 30 25 18
-0.336269 -0.904550 0.262129 5.508465
51918 30 25 22
-0.137052 -0.979677 -0.146459 7.963136
54222 30 25 23
0.129338 -0.598971 0.790256 8.828700
56526 30 25 24
0.665916 -0.132173 0.734225 11.416553
61134 30 25 26
0.412477 0.553934 -0.723202 13.103518
63438 30 25 27
0.180838 0.384000 -0.905451 10.106777
68046 30 25 29
0.395983 0.266900 -0.878614 3.335417
47358 30 26 20
-0.650995 -0.755683 0.071750 5.743752
56574 30 26 24
0.292628 -0.142625 0.945530 10.901330
61182 30 26 26
-0.317338 -0.465202 -0.826368 13.206511
56622 30 27 24
-0.217227 0.122648 0.968385 10.715717
58926 30 27 25
-0.864859 -0.470777 0.174324 12.501843
61230 30 27 26
-0.130637 -0.944482 -0.301475 12.289533
56670 30 28 24
-0.641943 0.458124 0.614843 11.827562
58974 30 28 25
-0.887744 0.107454 -0.447621 12.151934
52110 30 29 22
-0.824470 -0.000024 0.565905 8.995353
54414 30 29 23
-0.821490 -0.045252 0.568425 10.798623
56718 30 29 24
-0.798227 -0.389145 0.459782 12.164365
47550 30 30 20
-0.849089 -0.346359 0.398852 3.792337
59070 30 30 25
-0.494900 -0.393283 -0.774857 11.655698
59118 30 31 25
-0.712653 -0.054188 -0.699420 11.260657
54558 30 32 23
-0.544218 -0.179498 0.819517 9.096704
56862 30 32 24
-0.882894 -0.424655 0.200415 11.867585
61518 30 33 26
-0.965133 -0.034858 -0.259427 10.850315
66126 30 33 28
-0.925147 0.080478 -0.370981 6.002378
56958 30 34 24
-0.706889 -0.469273 0.529236 6.836821
59262 30 34 25
-0.802848 -0.577284 0.148925 8.998055
61566 30 34 26
-0.759178 -0.612707 -0.219634 8.711639
63918 30 35 27
-0.553382 -0.782147 -0.286381 3.280862
58207 31 12 25
0.433468 0.817581 0.379033 7.539365
60511 31 12 26
0.614146 0.759355 0.214952 8.647193
65119 31 12 28
0.396150 0.904655 0.157053 10.337659
67423 31 12 29
0.449667 0.880917 -0.147600 10.140280
72031 31 12 31
0.423963 0.904848 -0.038788 11.158971
78943 31 12 34
-0.276989 0.603824 -0.747444 5.336757
55951 31 13 24
0.404962 0.676637 0.614955 9.018034
72079 31 13 31
0.856913 0.514811 -0.025869 15.581125
74383 31 13 32
0.666719 0.339360 -0.663567 14.041518
76687 31 13 33
0.525271 0.063535 -0.848560 11.311413
55999 31 14 24
0.364962 0.333612 0.869199 11.197983
62911 31 14 27
0.994338 -0.089983 0.056515 13.154240
72127 31 14 31
-0.038919 -0.980932 -0.190416 13.908748
74431 31 14 32
0.383798 -0.744840 -0.545813 12.515271
53743 31 15 23
0.252981 -0.634006 0.730779 7.247917
62959 31 15 27
0.808276 -0.587416 -0.040398 12.136229
69871 31 15 30
-0.752769 -0.315592 -0.577702 12.665912
58399 31 16 25
0.027123 -0.866185 0.498987 7.190764
60703 31 16 26
0.067990 -0.715852 0.694934 9.663157
67615 31 16 29
0.181789 -0.245043 -0.952317 13.112618
69919 31 16 30
-0.000305 -0.620939 -0.783858 12.362855
65359 31 17 28
0.262748 -0.880357 -0.394885 13.413299
65455 31 19 28
-0.837878 -0.542790 0.057786 9.490191
67759 31 19 29
-0.847848 -0.509747 -0.145986 9.026518
70063 31 19 30
-0.927693 -0.373193 0.010557 8.586662
72367 31 19 31
-0.935013 0.080335 -0.345393 8.310651
60895 31 20 26
0.010738 -0.024994 0.999630 5.522425
63199 31 20 27
-0.227678 -0.972942 0.039329 6.096919
65503 31 20 28
-0.358739 -0.918917 -0.164002 5.715077
72415 31 20 31
-0.770189 -0.626923 0.117372 7.066146
74719 31 20 32
-0.783687 -0.192467 -0.590586 6.187068
77023 31 20 33
-0.584231 0.149503 -0.797699 3.716715
37903 31 21 16
-0.116364 0.735990 0.666917 8.964363
40207 31 21 17
-0.277520 0.958623 -0.063437 10.509113
51727 31 21 22
0.491852 0.870098 0.031781 10.911207
56335 31 21 24
0.437488 0.860021 -0.262620 9.451556
58639 31 21 25
0.392557 0.817564 -0.421294 8.236669
72463 31 21 31
-0.769649 -0.542210 0.337118 4.720386
77071 31 21 33
-0.716817 -0.257191 -0.648094 3.574837
33343 31 22 14
-0.543327 0.138487 0.828020 2.915326
44863 31 22 19
-0.628080 0.582847 -0.515562 10.998816
51775 31 22 22
0.768281 -0.629965 0.113522 11.968845
58687 31 22 25
0.766695 0.157706 -0.622340 10.055923
60991 31 22 26
0.319881 0.019001 -0.947267 6.466756
33391 31 23 14
-0.506963 -0.241728 0.827379 2.716600
42607 31 23 18
-0.789331 -0.550973 0.270898 12.933161
44911 31 23 19
-0.760655 0.159669 -0.629214 12.537552
54127 31 23 23
0.929098 0.079182 0.361257 11.702117
38047 31 24 16
-0.394999 -0.838722 0.374861 7.944458
44959 31 24 19
-0.358519 -0.898031 0.254959 10.534203
47263 31 24 20
-0.736896 -0.672385 0.069875 11.401815
49567 31 24 21
-0.793012 -0.491898 -0.359400 10.761224
58783 31 24 25
-0.536350 0.772358 -0.340281 11.886868
61135 31 25 26
0.201439 0.836872 -0.508987 13.691484
63439 31 25 27
0.323634 0.590274 -0.739485 11.298642
68047 31 25 29
-0.037281 0.433767 -0.900254 3.892257
56575 31 26 24
-0.241504 -0.300528 0.922691 10.694521
61183 31 26 26
0.652933 -0.750285 0.103690 13.707695
63487 31 26 27
0.473903 0.080629 -0.876878 12.660703
65791 31 26 28
0.081311 -0.010139 -0.996637 8.695393
68095 31 26 29
-0.001961 -0.156222 -0.987720 4.468981
54319 31 27 23
-0.302002 0.121257 0.945564 5.526970
63535 31 27 27
-0.123988 -0.533312 -0.836783 11.986796
61279 31 28 26
-0.795223 -0.573634 0.196377 10.994891
63583 31 28 27
-0.310712 -0.613860 -0.725695 9.338902
49807 31 29 21
-0.709055 -0.222842 0.669016 4.213339
63631 31 29 27
-0.346090 -0.585722 -0.732906 5.789913
56767 31 30 24
-0.831054 -0.449985 0.326898 8.639029
59071 31 30 25
-0.806941 -0.554085 -0.204540 9.130226
56863 31 32 24
-0.977898 -0.198909 0.064426 6.651661
60512 32 12 26
-0.001966 0.899527 0.436861 9.509629
62816 32 12 27
-0.026164 0.982301 0.185473 10.576030
67424 32 12 29
-0.325048 0.944401 0.049495 10.877772
69728 32 12 30
-0.318079 0.941423 0.112024 11.464991
72032 32 12 31
-0.513046 0.815749 -0.267092 10.999845
55952 32 13 24
-0.216313 0.488511 0.845320 9.390239
58256 32 13 25
-0.188850 0.925991 0.326920 10.943237
60560 32 13 26
-0.052021 0.867744 0.494281 11.953586
65168 32 13 28
-0.826269 0.551941 -0.112426 13.183029
72080 32 13 31
-0.945806 0.210415 -0.247339 14.369907
76688 32 13 33
-0.460134 0.379145 -0.802823 11.235598
56000 32 14 24
-0.194314 0.534165 0.822745 11.145951
62912 32 14 27
-0.897032 -0.428200 -0.109444 13.835884
69824 32 14 30
0.010222 -0.975214 -0.221029 13.451725
53744 32 15 23
0.013592 -0.524985 0.851003 7.912539
56048 32 15 24
0.320803 -0.819298 0.475222 10.706873
67568 32 15 29
0.619220 -0.561312 -0.549086 12.965049
74480 32 15 32
0.230084 -0.712502 -0.662875 11.108091
76784 32 15 33
-0.126896 -0.524353 -0.841993 7.556715
58400 32 16 25
0.304354 -0.904256 0.299481 7.838163
65360 32 17 28
-0.596293 -0.704644 -0.384593 12.239409
67664 32 17 29
-0.482257 -0.842021 -0.241721 10.563116
69968 32 17 30
-0.225141 -0.943982 -0.241267 9.819232
42464 32 20 18
0.630379 0.470620 -0.617364 7.088220
49424 32 21 21
0.227484 0.859945 0.456888 11.751228
56336 32 21 24
0.651416 0.705572 -0.278971 11.496706
37952 32 22 16
-0.506521 -0.129068 0.852513 9.921843
49472 32 22 21
0.626303 -0.430171 0.650152 12.566793
58688 32 22 25
0.197069 0.101609 -0.975110 11.656217
60992 32 22 26
-0.047038 0.007835 -0.998862 7.093742
38000 32 23 16
-0.658604 -0.591698 0.464902 8.516370
47216 32 23 20
-0.644288 -0.425436 0.635529 9.586658
38048 32 24 16
-0.609899 -0.753895 0.244267 5.505510
42656 32 24 18
-0.438009 -0.890844 0.120603 7.085388
61136 32 25 26
-0.346669 0.936885 -0.045475 13.377390
63440 32 25 27
-0.148090 0.734052 -0.662750 11.945806
61184 32 26 26
-0.455205 -0.835916 0.306647 14.128719
68096 32 26 29
-0.483060 -0.206732 -0.850832 3.431984
56624 32 27 24
-0.216073 -0.308247 0.926443 8.540408
56672 32 28 24
-0.675555 0.052528 0.735436 8.243063
54416 32 29 23
-0.779416 -0.340311 0.526022 5.520288
56720 32 29 24
-0.806827 -0.481753 0.341972 7.456294
59024 32 29 25
-0.827980 -0.556961 -0.065139 8.261860
55905 33 12 24
0.286639 0.466860 0.836588 8.237567
58209 33 12 25
0.488423 0.871534 0.043262 9.479283
62817 33 12 27
-0.523807 0.827001 -0.204195 9.527469
65121 33 12 28
-0.706593 0.640290 -0.301256 8.273524
60609 33 14 26
-0.866686 -0.432764 -0.248136 12.441836
67521 33 14 29
-0.893897 0.366580 0.258007 12.955070
72129 33 14 31
-0.937911 0.257724 -0.232165 11.956933
74433 33 14 32
-0.893326 -0.025465 -0.448686 11.161905
35313 33 15 15
0.557714 0.345377 0.754765 3.790785
37617 33 15 16
0.909334 0.343764 0.234388 5.633713
39921 33 15 17
0.914418 0.203714 -0.349772 5.217053
53745 33 15 23
-0.138186 -0.367793 0.919583 7.438460
56049 33 15 24
-0.199104 -0.623467 0.756073 10.989462
58353 33 15 25
-0.540957 -0.828144 -0.146775 11.862259
60657 33 15 26
-0.677129 -0.675032 -0.292964 11.215282
65265 33 15 28
-0.914447 0.100214 0.392102 12.576811
67569 33 15 29
-0.897984 -0.425634 -0.111626 12.903686
74481 33 15 32
-0.630436 -0.400086 -0.665193 9.882263
56097 33 16 24
0.270460 -0.780392 0.563773 7.766963
58401 33 16 25
0.342940 -0.919805 0.190660 9.421091
63009 33 16 27
-0.822154 -0.072885 0.564580 11.917391
65313 33 16 28
-0.784945 -0.579427 -0.219377 12.112321
69921 33 16 30
-0.318023 -0.945232 -0.073477 12.547600
72225 33 16 31
-0.395843 -0.638276 -0.660237 10.821100
37713 33 17 16
0.880763 -0.087443 0.465414 7.481804
40017 33 17 17
0.857111 0.155736 -0.491026 7.182725
42321 33 17 18
0.596952 0.172087 -0.783603 4.036870
63057 33 17 27
-0.583138 -0.803391 0.120468 10.053911
63105 33 18 27
-0.440495 -0.894230 -0.079475 5.587069
37809 33 19 16
0.468200 0.022042 0.883348 7.831677
40113 33 19 17
0.946435 0.322890 0.001293 10.375173
42417 33 19 18
0.561429 0.382978 -0.733571 8.275760
53985 33 20 23
0.201379 0.976849 -0.072192 10.208507
37905 33 21 16
0.074742 0.196270 0.977697 9.465434
40209 33 21 17
-0.389717 -0.482823 -0.784221 10.450848
44817 33 21 19
0.418171 0.550930 0.722225 8.861959
47121 33 21 20
-0.167327 0.863169 0.476383 9.988723
51729 33 21 22
0.329573 0.650830 0.683960 13.337927
54033 33 21 23
0.945031 -0.031101 -0.325499 13.780622
56337 33 21 24
-0.264847 0.455154 -0.850113 12.709761
58641 33 21 25
-0.296765 0.478194 -0.826596 9.462091
38001 33 23 16
-0.648078 -0.676916 0.348969 5.563541
42609 33 23 18
-0.741446 -0.669605 -0.043432 7.774905
49521 33 23 21
-0.072919 -0.847703 0.525435 12.030353
51825 33 23 22
0.263035 -0.963248 -0.054467 12.965033
42657 33 24 18
-0.516989 -0.854475 -0.050937 4.837253
54177 33 24 23
-0.119286 -0.707977 0.696088 11.658883
56481 33 24 24
-0.971972 -0.059776 -0.227370 12.814982
58785 33 24 25
-0.096025 0.484668 -0.869411 11.444367
54225 33 25 23
0.212250 -0.598787 0.772272 8.612070
63441 33 25 27
-0.648562 0.552238 -0.523833 9.802165
61185 33 26 26
-0.889267 -0.453912 -0.056286 12.304659
63489 33 26 27
-0.600048 -0.358044 -0.715365 10.267633
56625 33 27 24
-0.429742 -0.548593 0.717195 7.317884
58929 33 27 25
-0.608448 -0.731489 0.307757 9.119555
61281 33 28 26
-0.695315 -0.617400 -0.367905 5.988386
55858 34 11 24
-0.375306 0.880101 0.290804 5.193173
55906 34 12 24
-0.413335 0.519196 0.748057 8.158503
58210 34 12 25
-0.552113 0.832647 -0.043248 9.437578
60514 34 12 26
-0.566051 0.773424 -0.285310 8.586343
62818 34 12 27
-0.669364 0.634699 -0.386146 6.942281
62866 34 13 27
-0.487281 0.637633 -0.596642 9.881732
67474 34 13 29
-0.660581 0.750431 -0.022048 7.418334
56002 34 14 24
0.323176 0.247258 0.913466 11.259704
69826 34 14 30
-0.939429 0.296182 -0.172478 9.676207
72130 34 14 31
-0.914908 0.261821 -0.307235 8.456973
74434 34 14 32
-0.887721 0.049504 -0.457712 6.296485
37618 34 15 16
-0.042338 0.443243 0.895401 7.324929
39922 34 15 17
0.480782 0.550332 -0.682630 7.969362
42226 34 15 18
0.245991 0.163485 -0.955385 5.374490
53746 34 15 23
-0.011829 -0.287468 0.957717 7.078412
56050 34 15 24
-0.116734 -0.744925 0.656856 10.433376
72178 34 15 31
-0.891246 -0.146678 -0.429146 8.442751
58402 34 16 25
0.434934 -0.861399 0.262345 10.181305
60706 34 16 26
0.451616 -0.891155 -0.043437 10.187307
67618 34 16 29
-0.993345 -0.109595 0.035432 10.835399
69922 34 16 30
-0.889186 -0.245974 -0.385805 10.047126
72226 34 16 31
-0.742726 -0.357319 -0.566287 6.917947
37714 34 17 16
0.211626 -0.099815 0.972240 9.346635
40018 34 17 17
0.601781 0.140960 -0.786124 9.841570
42322 34 17 18
0.281229 0.086645 -0.955721 6.231217
58450 34 17 25
0.709386 -0.702736 -0.054165 8.315006
67666 34 17 29
-0.172949 -0.974449 -0.143311 8.151482
37810 34 19 16
-0.000918 -0.030456 0.999536 9.069463
40114 34 19 17
-0.832185 -0.505928 -0.226948 11.176878
42418 34 19 18
-0.204663 0.170370 -0.963892 9.350593
44722 34 19 19
0.006843 0.528107 -0.849150 6.107562
44770 34 20 19
-0.461273 0.404492 -0.789692 7.321769
37906 34 21 16
-0.626610 0.021044 0.779048 8.776488
40210 34 21 17
-0.845261 -0.227081 -0.483702 8.831569
44818 34 21 19
-0.865019 0.485995 -0.124703 8.230010
51730 34 21 22
-0.470759 0.483903 0.737715 13.149054
60946 34 21 26
0.225818 -0.031439 -0.973662 4.625712
37954 34 22 16
-0.456640 -0.826851 0.328324 7.024724
44866 34 22 19
-0.738937 -0.673581 0.016126 7.943033
49474 34 22 21
-0.808421 -0.145561 0.570322 12.000645
42610 34 23 18
-0.669066 -0.737826 0.089236 5.567776
51826 34 23 22
-0.668169 -0.661769 0.340018 11.713728
54130 34 23 23
-0.550346 -0.834168 -0.035816 12.599577
56530 34 25 24
-0.946451 -0.118902 0.300153 10.785411
58834 34 25 25
-0.919434 0.140701 -0.367213 10.457488
61138 34 25 26
-0.808629 0.333997 -0.484320 8.058050
54274 34 26 23
-0.128397 -0.565040 0.815012 5.985613
56578 34 26 24
-0.475184 -0.739641 0.476583 9.158715
58882 34 26 25
-0.814339 -0.572526 -0.095213 9.791567
61186 34 26 26
-0.908680 -0.213571 -0.358730 8.702072
63490 34 26 27
-0.795997 -0.187967 -0.575376 5.976055
55907 35 12 24
-0.748521 0.553351 0.365403 5.100610
55955 35 13 24
-0.549548 0.564030 0.616334 8.371151
60563 35 13 26
-0.390308 0.872089 -0.295162 9.942719
56003 35 14 24
-0.506851 0.208824 0.836358 10.790200
58307 35 14 25
-0.314513 -0.147073 0.937791 12.817495
60611 35 14 26
0.443539 0.815709 -0.371338 13.229234
62915 35 14 27
-0.234140 0.649976 -0.722987 11.540457
37619 35 15 16
-0.432799 0.276193 0.858139 6.425371
53747 35 15 23
-0.019317 0.005354 0.999799 6.995201
56051 35 15 24
-0.187041 -0.622567 0.759885 10.138554
60659 35 15 26
0.806687 -0.519925 0.280953 12.656937
62963 35 15 27
0.350881 -0.451505 -0.820381 12.067759
65267 35 15 28
-0.399247 0.047152 -0.915630 9.713506
58403 35 16 25
0.047483 -0.415101 0.908535 10.411687
60707 35 16 26
0.763708 -0.619341 0.182116 11.446664
35411 35 17 15
-0.512488 -0.129873 0.848816 4.961053
37715 35 17 16
-0.679296 0.036457 0.732958 8.311652
40019 35 17 17
-0.906236 0.077624 -0.415584 9.470474
42323 35 17 18
-0.269486 0.013122 -0.962915 6.361134
56147 35 17 24
0.733129 0.131267 0.667301 10.220061
63059 35 17 27
0.681860 -0.635009 -0.363084 9.540419
65363 35 17 28
-0.237055 -0.822249 -0.517409 8.321709
67667 35 17 29
-0.534104 -0.613725 -0.581442 6.350149
53891 35 18 23
0.458385 0.216603 0.861955 7.615606
58499 35 18 25
0.777700 0.553921 -0.297244 10.860619
37811 35 19 16
-0.677552 0.032916 0.734738 7.570295
40115 35 19 17
-0.980347 -0.131176 -0.147349 8.908870
49331 35 19 21
-0.170916 0.787873 0.591645 4.922359
51635 35 19 22
0.101898 0.819175 0.564419 7.145046
58547 35 19 25
0.814830 -0.002205 -0.579696 12.034264
60851 35 19 26
0.877020 -0.175117 -0.447403 9.934571
63155 35 19 27
0.868968 -0.087720 -0.487032 7.740258
37859 35 20 16
-0.710874 -0.275784 0.646994 7.093606
56291 35 20 24
0.743142 -0.296625 -0.599794 12.884608
58595 35 20 25
0.557543 -0.503733 -0.659848 10.723976
42515 35 21 18
-0.830537 -0.270370 0.486939 7.717870
44819 35 21 19
-0.693895 0.041277 -0.718892 6.794761
49427 35 21 21
-0.659080 0.067406 0.749046 8.808130
51731 35 21 22
-0.542927 -0.291860 0.787431 11.988869
54035 35 21 23
-0.191670 -0.965901 -0.174062 13.151777
37955 35 22 16
-0.737625 -0.642452 0.207764 4.457135
42563 35 22 18
-0.593501 -0.783635 0.183498 6.058779
44867 35 22 19
-0.704279 -0.636145 -0.315136 5.516709
49475 35 22 21
-0.799642 -0.403853 0.444381 7.652792
54131 35 23 23
-0.808943 -0.483176 0.334890 9.973204
56435 35 23 24
-0.734662 -0.606580 -0.303862 10.297614
58739 35 23 25
-0.334915 -0.363528 -0.869298 7.941090
60612 36 14 26
-0.830082 0.520446 -0.200248 10.939285
35316 36 15 15
-0.369935 -0.003956 0.929049 2.966421
37620 36 15 16
-0.773324 0.166463 0.611768 5.204950
39924 36 15 17
-0.741994 0.434549 -0.510502 5.148545
58356 36 15 25
-0.357030 -0.279003 0.891452 11.508576
67572 36 15 29
-0.522503 0.417566 -0.743391 5.006906
53796 36 16 23
-0.289272 -0.073990 0.954383 7.144887
60708 36 16 26
-0.529941 -0.574027 0.624225 12.395458
67620 36 16 29
-0.466054 -0.148035 -0.872284 5.512065
63108 36 18 27
0.532779 0.234737 -0.813047 10.772854
53940 36 19 23
0.021217 0.343091 0.939063 10.671634
56244 36 19 24
-0.446984 -0.040740 0.893614 13.525889
58548 36 19 25
-0.445773 0.005951 -0.895126 12.596236
65460 36 19 28
0.864059 0.020542 -0.502971 9.582993
67764 36 19 29
0.660020 -0.152420 -0.735624 6.262743
42516 36 21 18
-0.966560 -0.253393 0.039419 5.476184
51732 36 21 22
-0.275418 -0.343844 0.897728 10.295884
58644 36 21 25
0.967998 0.220222 0.120339 12.714828
60948 36 21 26
0.947668 -0.290827 -0.131702 12.772796
63252 36 21 27
0.526744 -0.565681 -0.634465 11.261643
65556 36 21 28
0.237544 -0.509894 -0.826790 7.793206
67860 36 21 29
0.262492 -0.438582 -0.859502 3.871125
63300 36 22 27
0.088376 -0.917433 -0.387953 6.655872
51828 36 23 22
-0.538631 -0.599546 0.591964 4.588321
53749 37 15 23
-0.586535 0.096000 0.804214 5.700593
56053 37 15 24
-0.873847 0.167890 0.456293 8.492690
58357 37 15 25
-0.936869 0.349104 -0.020068 9.246862
63013 37 16 27
-0.774092 0.352817 -0.525645 7.657659
65317 37 16 28
-0.827212 0.367846 -0.424746 5.581514
58453 37 17 25
0.200011 0.531988 0.822791 11.398962
60757 37 17 26
-0.740457 0.481717 -0.468692 11.981167
65365 37 17 28
-0.128134 0.852645 -0.506535 7.243351
56197 37 18 24
0.138775 0.943794 0.299991 12.229932
65413 37 18 28
0.350152 0.928359 -0.124672 10.785177
67717 37 18 29
0.361732 0.535640 -0.763047 8.498078
56245 37 19 24
-0.467284 -0.869881 0.157966 12.903152
63157 37 19 27
0.251485 0.953653 -0.165229 13.704704
65461 37 19 28
0.729661 -0.040045 -0.682636 12.985585
67765 37 19 29
0.365042 -0.219304 -0.904793 9.439397
56293 37 20 24
-0.317603 -0.946684 0.054010 11.500089
60901 37 20 26
0.477050 -0.188518 0.858420 14.783326
63205 37 20 27
0.052507 -0.573954 -0.817203 14.033559
65509 37 20 28
0.132322 -0.673907 -0.726870 11.013980
51733 37 21 22
-0.002322 -0.348720 0.937224 9.994123
60949 37 21 26
-0.622667 -0.763225 -0.172548 12.796466
63253 37 21 27
-0.413419 -0.761203 -0.499654 10.665355
67861 37 21 29
0.032292 -0.751380 -0.659079 4.435233
54085 37 22 23
-0.318545 -0.855794 0.407611 9.375308
56389 37 22 24
-0.658820 -0.743728 0.113248 10.699294
58693 37 22 25
-0.600928 -0.744149 -0.291765 9.966485
58358 38 15 25
-0.887057 0.441338 -0.135466 4.605724
58406 38 16 25
-0.695212 0.718502 -0.020879 7.438161
56150 38 17 24
-0.172361 0.808353 0.562901 9.594827
58454 38 17 25
-0.531631 0.845431 0.051129 10.826701
67718 38 18 29
-0.390215 0.563372 -0.728248 8.563118
70022 38 18 30
-0.269002 0.316179 -0.909763 4.008244
60854 38 19 26
-0.353402 0.919471 -0.172276 14.036488
65462 38 19 28
-0.963711 -0.016784 -0.266421 12.349853
67766 38 19 29
-0.387584 -0.224558 -0.894065 9.547301
53990 38 20 23
-0.902379 0.302026 0.307396 11.152987
56294 38 20 24
-0.733193 -0.678725 -0.041959 11.092713
60902 38 20 26
-0.683446 -0.712865 0.157244 13.730573
51734 38 21 22
-0.599726 -0.336947 0.725807 8.609977
51782 38 22 22
-0.396146 -0.776874 0.489423 5.410686
54086 38 22 23
-0.642781 -0.761437 0.083947 6.794004
58455 39 17 25
-0.748309 0.663295 0.008602 7.963714
53895 39 18 23
-0.637413 -0.005589 0.770502 6.040749
56199 39 18 24
-0.931879 -0.028364 0.361659 9.196053
58503 39 18 25
-0.970349 0.182484 0.158498 10.292581
60807 39 18 26
-0.936464 0.283578 -0.206444 10.463232
63111 39 18 27
-0.818642 0.247085 -0.518435 8.427544
67719 39 18 29
-0.778643 0.396677 -0.486172 4.955790
58551 39 19 25
-0.940873 -0.192490 0.278757 10.014256
60855 39 19 26
-0.995876 -0.055610 -0.071688 10.891487
65463 39 19 28
-0.959598 0.143012 -0.242320 8.254728
67767 39 19 29
-0.789184 -0.069753 -0.610183 5.901044
53991 39 20 23
-0.953867 0.081780 0.288876 6.673447
60903 39 20 26
-0.860767 -0.491119 0.133726 9.225315
63207 39 20 27
-0.887702 -0.437540 -0.143332 9.383113
65511 39 20 28
-0.751958 -0.424221 -0.504574 7.675004
56343 39 21 24
-0.836914 -0.546951 -0.020506 6.109021
58647 39 21 25
-0.744802 -0.636864 -0.199185 5.484412
65559 39 21 28
-0.443965 -0.831299 -0.334421 4.186539
63208 40 20 27
-0.974354 -0.225014 0.001965 4.256557
58648 40 21 25
-0.914944 -0.365685 -0.170739 2.144654
