5.000000
36 36 36
118.080002 118.080002 118.080002
28.080002 28.080002 28.080002
11.755250 308.325768 89.485533
26609 5 19 20
0.941927 0.335816 -0.001295 2.140440
26645 5 20 20
0.997640 0.029492 0.062009 2.612930
25314 6 19 19
0.994319 0.106125 0.008168 5.480991
29202 6 19 22
0.794912 0.359417 -0.488809 4.120235
24054 6 20 18
0.894501 -0.074899 0.440748 4.591641
29238 6 20 22
0.765532 -0.240500 -0.596758 4.196230
26682 6 21 20
0.956997 -0.264659 0.118793 5.392884
26539 7 17 20
0.651010 0.744832 -0.146322 5.441584
27835 7 17 21
0.480515 0.591754 -0.647250 4.255182
26575 7 18 20
0.735475 0.541169 -0.407691 7.133044
25315 7 19 19
0.998723 0.043971 -0.024865 8.726799
26611 7 19 20
0.928437 0.063027 -0.366105 7.980154
29203 7 19 22
0.274790 0.404231 -0.872403 5.752744
24091 7 21 18
0.574090 -0.640728 0.509792 5.883884
26683 7 21 20
0.940272 -0.048179 0.336999 7.926341
27979 7 21 21
0.762829 -0.379682 -0.523387 7.646939
29275 7 21 22
0.486449 -0.249697 -0.837269 5.352455
23984 8 18 18
0.640366 0.550787 0.535318 8.086159
25352 8 20 19
0.867403 -0.488673 -0.093862 9.954180
22796 8 21 17
0.548201 -0.474299 0.688851 5.422719
27980 8 21 21
-0.062695 -0.017137 -0.997886 8.530465
28052 8 23 21
0.640107 -0.766717 0.049070 5.735601
20097 9 18 15
0.906042 -0.099994 0.411205 7.924700
21393 9 18 16
0.918017 0.394444 -0.040718 8.663026
23985 9 18 18
0.686768 0.630567 0.361573 11.632916
25281 9 18 19
0.850006 0.511394 -0.126353 12.187695
27873 9 18 21
0.924263 0.090722 -0.370820 10.282542
29169 9 18 22
0.834272 0.139484 -0.533417 8.734213
30465 9 18 23
0.394274 0.002265 -0.918990 6.175858
25317 9 19 19
0.870029 -0.096374 -0.483490 13.074604
29205 9 19 22
0.368405 -0.656715 -0.658029 7.806702
22761 9 20 17
0.477707 -0.473909 0.739734 10.023470
24093 9 21 18
0.758798 -0.456331 0.464744 10.510428
25389 9 21 19
0.925615 -0.355208 -0.130630 11.305015
27981 9 21 21
-0.196987 0.614485 -0.763940 8.042726
27730 10 14 21
0.741497 0.553269 -0.379573 9.073596
16102 10 15 12
0.881684 0.220694 0.417047 8.531811
17398 10 15 13
0.945384 0.314795 -0.084578 9.641724
26470 10 15 20
0.991197 0.068997 0.112994 11.912519
29062 10 15 22
0.655257 0.377951 -0.654058 8.103267
25210 10 16 19
0.826084 0.163214 0.539394 9.401255
20062 10 17 15
0.786710 0.582184 -0.205302 10.907694
26542 10 17 20
0.908635 0.412024 0.067965 12.829730
20098 10 18 15
0.886455 -0.229820 0.401722 12.749614
25282 10 18 19
0.788546 0.531013 -0.310193 15.000142
26578 10 18 20
0.630030 0.004095 -0.776560 13.565125
24022 10 19 18
-0.410321 -0.736684 0.537526 14.345026
26614 10 19 20
0.065882 -0.791950 -0.607021 12.010942
29206 10 19 22
0.339024 -0.775158 -0.533098 8.919508
25390 10 21 19
-0.107420 0.513614 -0.851271 12.056794
22834 10 22 17
-0.030985 -0.462028 0.886324 7.361234
25426 10 22 19
0.705544 -0.615009 -0.352096 11.974350
29314 10 22 22
0.313710 0.110525 -0.943064 9.880124
25462 10 23 19
0.273823 -0.961660 -0.015189 8.604899
29350 10 23 22
0.151795 -0.576198 -0.803091 8.482119
16067 11 14 12
0.767703 0.585007 0.261532 10.728000
23843 11 14 18
0.798843 0.375135 0.470238 12.188231
16103 11 15 12
0.742769 0.253078 0.619876 12.866196
18695 11 15 14
0.710677 0.571704 -0.409992 12.848765
25175 11 15 19
0.870373 -0.237467 0.431346 15.719023
26471 11 15 20
0.690283 -0.135330 -0.710771 15.943635
17435 11 16 13
0.956816 -0.222086 0.187564 13.730500
23915 11 16 18
0.840185 0.159808 0.518219 11.680334
25211 11 16 19
0.903276 -0.057843 0.425144 14.453230
29099 11 16 22
-0.017350 0.613275 -0.789679 12.140820
14879 11 17 11
0.636884 -0.288514 0.714940 8.127903
18767 11 17 14
0.821815 -0.039322 0.568396 14.639091
26543 11 17 20
0.924532 0.098525 -0.368149 15.266390
20099 11 18 15
0.486321 -0.680445 0.548166 15.923029
21395 11 18 16
0.496912 0.037404 -0.866995 15.245182
22691 11 18 17
0.833947 -0.540326 0.112160 13.626905
23987 11 18 18
-0.036652 -0.592194 0.804962 15.207880
25283 11 18 19
0.419355 -0.892004 -0.168729 16.299902
21431 11 19 16
0.037934 -0.995508 -0.086744 12.983291
24023 11 19 18
-0.506543 -0.761154 0.405041 12.566554
25319 11 19 19
-0.164704 -0.985603 0.038195 13.647721
29207 11 19 22
0.524947 -0.675030 -0.518425 10.876775
25391 11 21 19
0.091774 0.972598 -0.213614 11.919158
25427 11 22 19
0.965179 -0.212069 -0.153155 13.723501
28019 11 22 21
0.414211 0.629328 -0.657552 11.894772
24167 11 23 18
0.129929 -0.845993 0.517121 8.423996
28055 11 23 21
0.174936 -0.966852 -0.185999 11.104306
29387 11 24 22
0.069119 -0.775884 -0.627078 5.450125
18660 12 14 14
0.462921 0.693636 -0.551882 12.102549
22548 12 14 17
0.345608 0.380313 0.857856 11.605371
23844 12 14 18
0.053671 0.717482 0.694506 14.805313
27732 12 14 21
-0.410755 0.277405 -0.868520 11.691804
13512 12 15 10
-0.000446 -0.198711 0.980058 7.258496
17400 12 15 13
0.558839 0.751616 0.350388 14.871384
22620 12 16 17
0.647200 0.400098 0.648886 12.672162
14880 12 17 11
0.284057 -0.278515 0.917464 11.028730
17472 12 17 13
0.884405 -0.420682 0.202126 16.170122
21360 12 17 16
0.257627 0.827543 -0.498800 15.427260
23952 12 17 18
-0.689015 0.306642 0.656681 15.890250
27840 12 17 21
-0.429329 0.598400 -0.676457 15.364089
29136 12 17 22
-0.258135 0.404031 -0.877568 13.340933
31728 12 17 24
0.160429 -0.428844 -0.889019 7.262461
16212 12 18 12
0.261119 -0.902939 0.341348 10.459036
17508 12 18 13
0.428037 -0.845670 0.318790 12.645544
26580 12 18 20
-0.824948 -0.560479 -0.072968 15.820297
22728 12 19 17
-0.374569 -0.842516 -0.387123 10.836639
26616 12 19 20
-0.127505 -0.987872 -0.088613 13.917668
29244 12 20 22
0.063336 -0.159687 -0.985134 9.793182
29280 12 21 22
0.187003 0.224058 -0.956466 10.360252
28020 12 22 21
0.231997 -0.244428 -0.941505 12.105706
24168 12 23 18
-0.255165 -0.778575 0.573334 8.082062
25464 12 23 19
-0.163277 -0.961773 0.219847 10.766797
29388 12 24 22
-0.104776 -0.805562 -0.583174 5.469748
13405 13 12 10
0.334370 0.797175 0.502702 5.779677
15997 13 12 12
-0.104377 0.967321 -0.231075 7.850808
16033 13 13 12
-0.041170 0.995550 0.084765 12.519141
13477 13 14 10
0.239795 -0.082161 0.967341 7.992800
17365 13 14 13
-0.220946 0.944486 0.243167 14.717796
19957 13 14 15
0.632626 0.641407 -0.434030 11.853821
16105 13 15 12
-0.109553 0.736048 0.668005 14.006668
18697 13 15 14
0.723478 0.171504 -0.668705 15.152576
23881 13 15 18
-0.811164 -0.520763 0.266120 14.848973
14845 13 16 11
0.021567 0.049715 0.998531 11.909292
16141 13 16 12
0.039229 0.588649 0.807436 16.057035
27805 13 16 21
-0.570050 0.334951 -0.750233 11.329370
14881 13 17 11
0.088408 -0.147930 0.985038 11.955952
21361 13 17 16
-0.356702 0.867819 -0.345909 14.841462
23953 13 17 18
-0.954051 -0.043475 -0.296472 12.944015
25249 13 17 19
-0.987378 -0.151389 0.046542 12.318588
29137 13 17 22
-0.795171 0.449072 -0.407477 11.032394
21397 13 18 16
-0.064468 -0.790365 -0.609234 15.232144
26617 13 19 20
-0.988329 -0.091601 -0.121717 12.218376
29209 13 19 22
-0.531944 -0.612472 -0.584733 10.632570
27985 13 21 21
0.357567 0.197693 -0.912723 13.217796
23738 14 11 18
0.515595 0.854842 -0.058369 11.863495
13406 14 12 10
-0.652907 0.689046 0.314527 4.921622
19886 14 12 15
0.767819 0.219360 0.601943 10.507718
23774 14 12 18
0.731442 0.665842 0.147131 17.162636
16034 14 13 12
-0.708617 0.697603 0.105889 10.604732
23810 14 13 18
0.435383 -0.641618 0.631481 17.066210
26402 14 13 20
0.239321 0.244332 -0.939695 13.678043
14774 14 14 11
-0.869170 0.098543 0.484596 10.470917
17366 14 14 13
-0.712425 0.563200 0.418635 13.531846
14810 14 15 11
-0.412588 0.320631 0.852624 11.166194
17402 14 15 13
-0.308574 0.668289 0.676884 14.756321
19994 14 15 15
0.537049 0.340615 -0.771725 14.932523
21290 14 15 16
0.939282 -0.145249 -0.310889 13.786921
23882 14 15 18
0.099613 -0.977011 -0.188483 14.390661
25178 14 15 19
0.426914 -0.875317 0.227079 14.342637
27806 14 16 21
0.028740 -0.586535 -0.809414 9.944962
31694 14 16 24
0.852850 0.521501 -0.026143 11.460759
32990 14 16 25
0.482517 0.482762 -0.730834 9.816729
17474 14 17 13
0.936592 -0.045893 0.347404 19.426104
18770 14 17 14
0.349191 0.482666 -0.803181 18.863239
30434 14 17 23
0.158702 -0.969637 0.186057 9.324741
34322 14 17 26
0.173632 -0.393581 -0.902744 6.199187
14918 14 18 11
0.538710 -0.677499 0.500786 11.263322
16214 14 18 12
0.358421 -0.815501 0.454414 13.745675
21398 14 18 16
0.287366 -0.324298 -0.901250 15.783044
26582 14 18 20
-0.964581 0.236210 0.117424 8.160311
29174 14 18 22
-0.985312 0.097908 -0.139910 8.307114
33062 14 18 25
0.100550 -0.994923 -0.004170 4.449394
21434 14 19 16
0.325696 -0.833924 -0.445526 12.978190
29210 14 19 22
-0.908950 0.139519 -0.392867 8.715723
27950 14 20 21
-0.605200 0.676045 -0.420353 10.940531
25394 14 21 19
-0.139866 0.363283 0.921120 12.329034
26690 14 21 20
-0.940001 -0.069911 -0.333932 13.453613
27986 14 21 21
-0.847497 -0.103450 -0.520622 12.184311
11174 14 22 8
0.919793 -0.294267 0.259590 6.547076
25430 14 22 19
0.074152 -0.418056 0.905390 12.655355
29318 14 22 22
-0.583789 -0.450774 -0.675273 7.695461
25466 14 23 19
0.305680 -0.886488 0.347416 9.930469
28058 14 23 21
-0.537147 -0.635189 -0.554985 7.904036
22443 15 11 17
0.514371 0.853454 0.083893 15.073349
25035 15 11 19
0.137466 0.842231 -0.521297 12.220222
26331 15 11 20
0.159671 0.739364 -0.654100 8.566708
19887 15 12 15
0.608511 0.256238 0.751037 13.650342
26367 15 12 20
-0.024410 0.433127 -0.901002 12.477178
22515 15 13 17
0.505429 -0.535144 0.676877 15.848827
26403 15 13 20
-0.213161 0.099610 -0.971926 13.677129
17367 15 14 13
-0.283654 0.545934 0.788351 11.894316
22587 15 15 17
0.409888 -0.829322 0.379758 14.885180
25179 15 15 19
0.589094 -0.670655 0.450766 16.039762
14847 15 16 11
0.357842 0.573368 0.737020 13.886218
16143 15 16 12
-0.016837 0.928222 0.371647 16.491764
21327 15 16 16
0.285750 -0.005375 -0.958289 14.317078
26511 15 16 20
0.130055 -0.979855 -0.151557 13.237050
31695 15 16 24
-0.639835 0.185636 -0.745755 12.286215
32991 15 16 25
-0.558881 0.351242 -0.751186 9.252557
20067 15 17 15
-0.397104 0.266394 -0.878261 17.045736
30435 15 17 23
-0.153793 -0.984771 0.081079 9.408316
33027 15 17 25
-0.585150 -0.726582 -0.360108 8.074540
17511 15 18 13
0.336845 -0.781440 0.525250 19.227194
14955 15 19 11
0.939152 -0.340059 -0.048505 11.940877
18843 15 19 14
0.494488 -0.681074 -0.540019 17.436672
21435 15 19 16
-0.255707 -0.803295 -0.537895 13.456882
22731 15 19 17
-0.102172 -0.338870 -0.935269 10.028701
13695 15 20 10
0.944458 0.062603 0.322613 10.428456
16287 15 20 12
0.918210 0.261907 0.297147 13.926927
17583 15 20 13
0.959185 -0.248770 0.134456 15.069142
18879 15 20 14
0.869336 -0.482334 -0.107747 15.457275
20175 15 20 15
0.758223 -0.276032 -0.590681 13.778145
22767 15 20 17
0.409522 0.132681 -0.902600 9.070420
12435 15 21 9
0.626166 0.668362 0.401509 11.359635
26691 15 21 20
-0.512125 0.542160 -0.666176 11.459981
9879 15 22 7
-0.092734 -0.091735 0.991456 5.023745
11175 15 22 8
0.079791 -0.376119 0.923129 9.423035
12471 15 22 9
0.554757 -0.645304 0.525192 12.167262
13767 15 22 10
0.657756 -0.721583 0.216044 13.587249
15063 15 22 11
0.524573 -0.828030 -0.197964 13.534942
24135 15 22 18
0.963963 0.250468 0.089675 13.809813
22875 15 23 17
0.756190 -0.493469 0.429727 11.220150
24171 15 23 18
0.872271 -0.485364 0.059703 12.627271
21112 16 10 16
0.034069 0.923384 0.382362 12.165273
22408 16 10 17
0.244849 0.968597 0.043238 13.527522
23704 16 10 18
0.353778 0.837991 -0.415466 12.332439
22444 16 11 17
0.266317 0.924608 -0.272350 16.432764
21184 16 12 16
-0.175286 -0.786925 0.591629 16.324795
22516 16 13 17
-0.188341 -0.018808 0.981923 16.606874
23812 16 13 18
-0.966603 -0.024638 -0.255092 17.080633
25108 16 13 19
-0.756429 0.165188 -0.632872 15.419905
17368 16 14 13
-0.118070 0.536467 0.835621 11.216575
18664 16 14 14
0.207208 0.795250 0.569774 14.600428
21256 16 14 16
0.720025 0.023341 0.693556 15.588003
19996 16 15 15
0.799384 0.513693 -0.311617 16.584736
22588 16 15 17
-0.262140 -0.962362 0.071701 15.180853
23884 16 15 18
-0.762063 -0.624528 0.170954 15.437186
29068 16 15 22
-0.526468 0.685206 -0.503314 12.104512
30364 16 15 23
-0.603995 0.663980 -0.440818 9.362556
13552 16 16 10
0.247400 0.665949 0.703779 11.545765
14848 16 16 11
-0.256375 0.941530 0.218615 14.215244
16144 16 16 12
-0.513003 0.850390 0.116898 14.882742
20032 16 16 15
0.749995 0.018644 -0.661181 17.186192
22624 16 16 17
0.031009 -0.901171 -0.432353 13.472795
25216 16 16 19
-0.463595 -0.885787 -0.021452 12.745048
26512 16 16 20
-0.492074 -0.857415 -0.150674 12.035588
29104 16 16 22
-0.516438 -0.855118 0.045442 11.873984
12328 16 18 9
0.313604 0.030265 0.949071 10.377977
26620 16 19 20
-0.822995 0.480857 -0.302416 3.414907
18880 16 20 14
0.506689 0.337471 -0.793334 18.300520
20176 16 20 15
0.168697 0.557589 -0.812795 15.610785
21472 16 20 16
-0.163540 0.558111 -0.813490 12.318295
12436 16 21 9
-0.639624 0.132902 0.757111 10.972124
16324 16 21 12
-0.637039 -0.505857 0.581627 15.873020
21508 16 21 16
0.516523 0.503892 -0.692312 14.374266
22804 16 21 17
0.095019 0.933352 -0.346158 13.110720
16360 16 22 12
-0.496190 -0.867381 -0.038016 12.598071
17656 16 22 13
-0.040077 -0.996191 -0.077447 12.238640
18952 16 22 14
0.185390 -0.974847 -0.123705 11.447864
20248 16 22 15
0.270843 -0.955404 0.117678 11.045482
25432 16 22 19
-0.418635 0.886790 -0.195825 14.705269
26728 16 22 20
0.074417 0.444889 -0.892489 13.308497
28024 16 22 21
0.287604 -0.041386 -0.956855 9.532802
12508 16 23 9
-0.594834 -0.791463 0.140568 5.683357
24208 16 24 18
0.690848 -0.706660 0.152843 13.783470
22409 17 10 17
-0.406916 0.890898 0.201795 12.310690
23705 17 10 18
-0.297581 0.932032 -0.206789 12.337021
25001 17 10 19
-0.029815 0.909193 -0.415306 10.271857
22445 17 11 17
-0.779795 0.624751 -0.040085 16.033583
23741 17 11 18
-0.201114 -0.229430 -0.952321 14.801105
26333 17 11 20
0.384468 0.609243 -0.693547 11.544471
21185 17 12 16
-0.808894 -0.218917 0.545679 14.667847
26369 17 12 20
0.314867 -0.501397 -0.805891 12.298336
18665 17 14 14
-0.145571 0.862788 0.484154 14.691358
22553 17 14 17
-0.000083 -0.795906 -0.605420 16.092642
26441 17 14 20
-0.914944 0.110985 -0.388019 10.125003
17405 17 15 13
0.168674 0.226930 0.959193 13.623487
21293 17 15 16
0.146354 -0.224123 -0.963509 16.477980
27773 17 15 21
-0.984003 0.039581 -0.173698 9.772077
23921 17 16 18
-0.736200 -0.568032 -0.367897 9.820728
21365 17 17 16
-0.603070 -0.580100 -0.547532 11.047047
18809 17 18 14
-0.935990 -0.023111 -0.351266 14.952417
22697 17 18 17
-0.760199 -0.301188 -0.575658 5.184678
14957 17 19 11
0.530008 -0.042665 0.846919 16.723049
16253 17 19 12
-0.795079 0.509956 0.328321 17.577396
18845 17 19 14
-0.791180 0.262873 -0.552206 15.279694
17585 17 20 13
-0.967909 0.174699 0.180644 18.370785
20177 17 20 15
-0.058356 0.726608 -0.684570 15.529494
17621 17 21 13
-0.302163 -0.737261 0.604271 16.754604
22841 17 22 17
0.430390 0.576311 -0.694716 15.450636
25469 17 23 19
-0.515206 0.751284 -0.412475 15.634302
28097 17 24 21
0.089716 -0.331110 -0.939317 10.527792
24245 17 25 18
0.587702 -0.795529 0.147448 13.353642
26837 17 25 20
0.209036 -0.781496 -0.587851 10.663531
28133 17 25 21
0.158197 -0.754017 -0.637520 7.135736
23742 18 11 18
-0.259673 0.595003 -0.760619 14.448448
26334 18 11 20
-0.238100 0.757884 -0.607387 11.761124
4338 18 12 3
0.630792 0.427791 0.647377 0.150229
27666 18 12 21
0.307039 -0.045017 -0.950632 9.554640
23814 18 13 18
0.436004 0.041070 -0.899007 15.708085
29034 18 14 22
0.283958 -0.039794 -0.958011 3.772585
17406 18 15 13
0.290875 0.494213 0.819235 14.989560
18702 18 15 14
0.352209 0.608296 0.711284 18.004335
22590 18 15 17
-0.175056 -0.799517 -0.574568 13.437593
13554 18 16 10
0.207296 0.975835 0.069094 14.003792
20034 18 16 15
-0.268826 -0.860277 -0.433193 16.012238
10998 18 17 8
-0.009434 -0.186527 0.982404 7.705497
13590 18 17 10
0.326356 -0.775231 0.540841 15.087736
16182 18 17 12
0.664794 0.150847 -0.731638 15.782726
16254 18 19 12
-0.653204 -0.146239 -0.742926 15.797121
12402 18 20 9
-0.038135 -0.721581 0.691278 11.772591
13698 18 20 10
-0.196834 -0.977456 0.076395 13.990735
14994 18 20 11
-0.274262 -0.957488 -0.089421 13.493902
20178 18 20 15
0.268359 0.859845 -0.434338 15.986821
20214 18 21 15
0.488232 -0.444121 -0.751256 18.013189
22806 18 21 17
0.176565 0.800757 -0.572375 13.467748
21546 18 22 16
0.251422 -0.711820 0.655819 16.409101
24174 18 23 18
-0.408594 -0.044252 -0.911643 15.733837
25470 18 23 19
-0.586094 0.422388 -0.691435 13.893561
28062 18 23 21
-0.491258 0.488479 -0.721148 7.740173
24210 18 24 18
-0.491941 -0.504979 -0.709218 14.673842
28098 18 24 21
-0.299917 0.041586 -0.953059 9.498076
24246 18 25 18
0.271794 -0.602006 -0.750811 14.466731
26838 18 25 20
0.238633 -0.753309 -0.612846 11.738875
26874 18 26 20
0.165123 -0.870995 -0.462712 6.801188
23743 19 11 18
-0.579915 0.801325 0.146889 13.372441
26335 19 11 20
-0.210969 0.783963 -0.583861 10.687758
27667 19 12 21
-0.094907 0.331451 -0.938687 10.590546
22519 19 13 17
-0.625817 0.580372 0.521077 15.337270
23815 19 13 18
-0.704905 -0.562308 0.432341 15.575217
25111 19 13 19
0.542416 -0.734860 -0.407143 15.672713
26407 19 13 20
0.526783 -0.426844 -0.735054 13.775332
28999 19 13 22
-0.000771 -0.162960 -0.986632 5.888421
14779 19 14 11
0.884550 0.464924 0.037639 6.906822
13519 19 15 10
0.649663 0.749032 0.129958 9.821063
18703 19 15 14
0.106075 0.994095 0.022886 18.604012
25183 19 15 19
0.593224 -0.743790 -0.307995 7.524421
14851 19 16 11
-0.022161 0.986517 0.162150 14.393880
20035 19 16 15
0.057536 -0.727382 -0.683817 15.550268
14887 19 17 11
-0.519450 0.047847 0.853160 16.772661
16183 19 17 12
0.812031 -0.494912 0.309301 17.606901
16219 19 18 12
0.840965 -0.262070 -0.473389 16.868729
18811 19 18 14
0.936093 0.022847 -0.351010 14.983883
16255 19 19 12
0.541116 -0.665359 -0.514287 15.924083
12403 19 20 9
-0.502337 -0.599099 0.623488 9.857558
13735 19 21 10
-0.072452 -0.990999 0.112565 6.912185
17623 19 21 13
-0.169579 -0.229757 0.958360 13.626702
21511 19 21 16
-0.159816 0.239088 -0.957755 16.471008
27991 19 21 21
0.983624 -0.045165 -0.174483 9.872689
29287 19 21 22
0.796674 -0.348138 -0.494076 7.564303
22843 19 22 17
-0.030901 0.792421 -0.609192 16.120911
20287 19 23 15
0.701880 -0.509705 0.497560 12.817408
20323 19 24 15
0.778687 -0.140454 0.611490 11.658954
21619 19 24 16
0.811161 0.219062 0.542244 14.682249
26803 19 24 20
-0.313024 0.482414 -0.818103 12.303092
24247 19 25 18
0.201602 0.212826 -0.956066 14.832104
25543 19 25 19
-0.392880 -0.201041 -0.897345 13.282274
25579 19 26 19
0.029942 -0.910617 -0.412164 10.254527
25040 20 11 19
-0.717218 0.674838 -0.173759 11.160499
21188 20 12 16
-0.408005 0.384679 0.827981 7.078055
22484 20 12 17
-0.560244 0.553206 0.616515 12.111412
16040 20 13 12
0.221291 0.972174 -0.076859 6.443502
26408 20 13 20
-0.633081 0.193536 -0.749502 13.377857
16076 20 14 12
0.503429 0.863145 -0.039236 12.623425
26444 20 14 20
-0.069044 -0.455540 -0.887534 13.332786
13520 20 15 10
0.889858 -0.312539 0.332375 13.213726
18704 20 15 14
-0.692293 0.710794 -0.124506 17.533264
20000 20 15 15
-0.622567 0.589598 -0.514572 16.126902
21296 20 15 16
-0.519764 -0.497993 -0.694153 14.357046
22592 20 15 17
-0.100783 -0.934555 -0.341246 13.078164
26480 20 15 20
0.384340 -0.890578 -0.243215 10.164708
27776 20 15 21
0.136973 -0.723014 -0.677118 8.031925
18740 20 16 14
-0.508540 -0.343331 -0.789627 18.319935
21332 20 16 16
0.159119 -0.551823 -0.818641 12.302480
13592 20 17 10
-0.653667 0.367603 0.661503 14.312184
21404 20 18 16
0.810114 0.280406 -0.514866 12.619396
13664 20 19 10
-0.386149 -0.361554 0.848627 14.533657
14960 20 19 11
-0.358537 -0.500225 0.788179 17.136814
24032 20 19 18
0.192551 0.924341 -0.329420 8.370133
13700 20 20 10
-0.254357 -0.669097 0.698291 11.566905
22772 20 20 17
-0.040207 0.912479 -0.407143 13.501516
25364 20 20 19
0.461426 0.886897 -0.022357 12.822462
29252 20 20 22
0.511969 0.858161 0.038050 11.943705
25400 20 21 19
0.919665 0.372598 0.124043 15.936934
29288 20 21 22
0.518709 -0.687278 -0.508517 12.158546
17660 20 22 13
0.122539 -0.537690 0.834190 11.230272
18956 20 22 14
-0.213455 -0.804534 0.554222 14.567479
22844 20 22 17
-0.339979 0.846761 0.409157 16.157648
25436 20 22 19
0.918410 -0.186070 -0.349143 15.969324
22880 20 23 17
0.161410 0.020827 0.986668 16.572771
25472 20 23 19
0.756920 -0.168348 -0.631452 15.423758
20324 20 24 15
0.232508 -0.084154 0.968947 14.722993
21620 20 24 16
0.159286 0.817715 0.553145 16.341539
24212 20 24 18
0.843919 -0.346112 -0.409887 16.285576
28100 20 24 21
-0.160521 -0.118795 -0.979857 6.785923
21656 20 25 16
-0.173778 -0.769069 0.615089 15.855937
22952 20 25 17
-0.274784 -0.922949 -0.269553 16.471846
24248 20 25 18
0.077958 -0.472149 -0.878065 15.217134
22988 20 26 17
-0.238007 -0.970375 0.041545 13.525368
24284 20 26 18
-0.347415 -0.841833 -0.413062 12.324180
23024 20 27 17
-0.087118 -0.995949 0.022295 6.779596
23781 21 12 18
-0.857000 0.491267 0.155587 9.752656
25077 21 12 19
-0.847196 0.493581 -0.196562 9.729605
13449 21 13 10
-0.127467 0.990989 -0.041149 7.897218
22521 21 13 17
-0.756786 0.489479 0.433226 11.253267
23817 21 13 18
-0.873777 0.482697 0.059297 12.677229
9597 21 14 7
0.093913 0.092033 0.991317 5.025023
10893 21 14 8
-0.076808 0.376392 0.923271 9.418679
12189 21 14 9
-0.553091 0.642535 0.530320 12.165446
13485 21 14 10
-0.657959 0.718146 0.226621 13.614558
21261 21 14 16
-0.759907 0.381746 0.526129 10.180243
22557 21 14 17
-0.941569 -0.080211 0.327131 13.006577
23853 21 14 18
-0.961118 -0.260768 0.090844 13.831043
25149 21 14 19
-0.954883 -0.104626 -0.277944 13.895044
12225 21 15 9
-0.622787 -0.671299 0.401864 11.350144
14817 21 15 11
-0.772567 -0.539267 0.335159 14.372332
16113 21 15 12
-0.957084 0.146419 -0.250103 14.591497
21297 21 15 16
-0.995346 0.049155 -0.082886 11.444332
22593 21 15 17
-0.799020 -0.587596 -0.127665 10.906406
16149 21 16 12
-0.917971 -0.262176 0.297646 13.903546
17445 21 16 13
-0.958243 0.249884 0.139027 15.071915
20037 21 16 15
-0.755053 0.277940 -0.593839 13.785570
21333 21 16 16
-0.639958 0.249845 -0.726658 11.602774
25221 21 16 19
0.419848 -0.796121 0.435796 8.955589
29109 21 16 22
0.872080 -0.163015 -0.461414 5.843103
13593 21 17 10
-0.846159 0.255677 0.467594 11.401734
18777 21 17 14
-0.493629 0.680415 -0.541633 17.461369
22665 21 17 17
0.102912 0.341558 -0.934209 10.032761
26553 21 17 20
0.807328 -0.583427 -0.088514 6.606777
17517 21 18 13
-0.344023 0.778855 0.524436 19.273434
18813 21 18 14
0.054993 0.330714 -0.942127 18.842176
21405 21 18 16
0.620735 0.257262 -0.740611 15.462993
22701 21 18 17
0.217023 0.092446 -0.971779 11.415888
16257 21 19 12
-0.210091 0.111750 0.971274 18.731401
17553 21 19 13
0.447786 -0.801925 -0.395480 20.208725
20145 21 19 15
0.390561 -0.275302 -0.878448 17.055130
30513 21 19 23
0.147712 0.985899 0.078644 9.416127
33105 21 19 25
0.585504 0.726312 -0.360078 8.070936
14997 21 20 11
-0.366054 -0.573244 0.733073 13.826060
16293 21 20 12
0.008254 -0.925815 0.377886 16.453772
17589 21 20 13
0.237451 -0.970116 0.049920 17.506018
21477 21 20 16
-0.291003 0.002217 -0.956719 14.271029
24069 21 20 18
-0.398060 0.915227 -0.062511 11.593943
26661 21 20 20
-0.136280 0.979052 -0.151278 13.272870
30549 21 20 23
-0.767355 0.262520 0.585020 12.808949
33141 21 20 25
0.555526 -0.355702 -0.751577 9.232691
17625 21 21 13
0.132834 -0.737492 0.662164 13.958687
22809 21 21 17
-0.421402 0.810308 0.407212 14.885509
27993 21 21 21
-0.569100 -0.185127 -0.801158 14.308578
29289 21 21 22
-0.768856 -0.501558 -0.396611 11.392451
30585 21 21 23
-0.452018 -0.867500 -0.207662 9.952018
29325 21 22 22
-0.270485 -0.831191 -0.485757 6.931551
20289 21 23 15
-0.755153 -0.109330 0.646367 13.991948
22881 21 23 17
-0.509223 0.534603 0.674457 15.798241
26769 21 23 20
0.212728 -0.106005 -0.971344 13.701214
20325 21 24 15
-0.619405 -0.236728 0.748530 13.642740
24213 21 24 18
0.301973 -0.927040 -0.222283 18.370398
25545 21 25 19
-0.140612 -0.840806 -0.522756 12.206214
26841 21 25 20
-0.159761 -0.739556 -0.653860 8.551783
26410 22 13 20
0.168277 0.941443 -0.292177 10.239798
9598 22 14 7
-0.523296 0.149384 0.838955 4.107672
10894 22 14 8
-0.919370 0.295893 0.259242 6.552625
26446 22 14 20
0.584468 0.489372 -0.647234 12.687379
10930 22 15 8
-0.771781 -0.550256 0.318704 5.621940
16114 22 15 12
-0.960480 0.060002 -0.271804 7.756911
27778 22 15 21
0.844660 0.084761 -0.528551 12.188468
29074 22 15 22
0.511271 0.098255 -0.853784 9.388478
16150 22 16 12
-0.993609 -0.067277 0.090638 7.384605
22630 22 16 17
-0.534469 0.512364 -0.672180 7.339019
26518 22 16 20
0.573585 -0.810127 -0.121223 12.171895
13594 22 17 10
-0.844267 0.332055 0.420658 6.369468
29146 22 17 22
0.913027 -0.129832 -0.386685 8.668879
14926 22 18 11
-0.540521 0.675528 0.501497 11.213987
16222 22 18 12
-0.360154 0.812593 0.458237 13.710005
21406 22 18 16
-0.295411 0.310375 -0.903548 15.780807
22702 22 18 17
0.115144 0.305612 -0.945169 12.080323
26590 22 18 20
0.963345 -0.239218 0.121413 8.121371
14962 22 19 11
-0.271735 -0.014472 0.962263 12.712154
24034 22 19 18
0.712420 0.247128 -0.656800 9.088038
30514 22 19 23
-0.164768 0.968563 0.186382 9.307302
34402 22 19 26
-0.170968 0.391290 -0.904246 6.215569
17590 22 20 13
-0.169874 -0.961150 0.217563 17.554520
20182 22 20 15
-0.486743 -0.404578 -0.774207 15.677697
21478 22 20 16
-0.578331 -0.069052 -0.812875 13.286361
26662 22 20 20
-0.095227 0.991145 -0.092538 12.240442
27958 22 20 21
-0.040717 0.589849 -0.806486 9.938193
31846 22 20 24
-0.849052 -0.527617 -0.027047 11.403087
33142 22 20 25
-0.485207 -0.492808 -0.722298 9.768609
18922 22 21 14
0.114793 -0.991430 -0.062356 15.806537
20218 22 21 15
-0.519238 -0.361856 -0.774243 14.881428
21514 22 21 16
-0.944787 0.131294 -0.300231 13.720571
25402 22 21 19
-0.426590 0.873460 0.234709 14.374795
15070 22 22 11
0.866573 -0.089812 0.490903 10.453948
16366 22 22 12
0.868878 -0.011597 0.494890 12.073462
17662 22 22 13
0.708695 -0.568251 0.418141 13.572480
26734 22 22 20
-0.363149 -0.134842 -0.921922 14.584250
13810 22 23 10
0.719316 -0.240991 0.651543 7.106109
16402 22 23 12
0.706164 -0.699548 0.109384 10.642312
20290 22 23 15
-0.832526 -0.485204 0.267353 11.627968
24178 22 23 18
-0.444083 0.629347 0.637740 16.986084
25474 22 23 19
-0.686023 0.180734 -0.704774 17.351467
13846 22 24 10
0.652430 -0.688782 0.316093 4.913331
20326 22 24 15
-0.768953 -0.210534 0.603645 10.470362
24214 22 24 18
-0.739182 -0.656430 0.150697 17.077435
27707 23 13 21
0.418906 0.831616 -0.364600 10.274624
29039 23 14 22
0.261892 0.360438 -0.895264 10.095046
29075 23 15 22
0.025662 -0.152587 -0.987957 10.547139
30443 23 17 23
0.093772 0.212343 -0.972686 7.094614
18815 23 18 14
-0.574403 0.797142 0.186078 16.875015
21407 23 18 16
0.056821 0.786508 -0.614961 15.202169
22703 23 18 17
0.358559 0.754386 -0.549852 13.257109
16259 23 19 12
-0.202527 0.506025 0.838404 16.207483
22739 23 19 17
0.793011 -0.547615 -0.266928 14.029985
24035 23 19 18
0.954193 0.047882 -0.295335 12.878314
29219 23 19 22
0.794378 -0.454112 -0.403419 10.975676
34403 23 19 26
-0.721630 0.183734 -0.667452 4.095552
14999 23 20 11
-0.012818 -0.049333 0.998700 11.846472
16295 23 20 12
-0.028230 -0.587128 0.809002 15.984869
20183 23 20 15
-0.216026 -0.579316 -0.785955 14.141980
26663 23 20 20
0.957401 0.118373 -0.263383 13.232800
27959 23 20 21
0.566650 -0.330765 -0.754654 11.271188
31847 23 20 24
-0.740505 -0.667965 -0.073993 8.072712
16331 23 21 12
0.111646 -0.725890 0.678689 13.946796
25403 23 21 19
0.751516 0.546361 -0.369747 14.464430
13775 23 22 10
-0.239321 0.082602 0.967420 7.972488
15071 23 22 11
-0.383570 -0.022988 0.923225 11.353997
18959 23 22 14
-0.286204 -0.824506 -0.488136 13.930014
20255 23 22 15
-0.626223 -0.643819 -0.439706 11.780047
16403 23 23 12
0.025994 -0.996059 0.084799 12.521852
26771 23 23 20
-0.264192 -0.647600 -0.714715 11.711121
16439 23 24 12
0.100233 -0.967735 -0.231176 7.857429
24251 23 25 18
-0.678611 -0.733585 -0.036617 6.877151
23820 24 13 18
0.256825 0.780023 0.570618 8.068357
26412 24 13 20
0.077742 0.996270 0.037438 11.325448
29004 24 13 22
0.022853 0.547552 -0.836460 8.869628
29076 24 15 22
-0.173397 -0.236402 -0.956058 10.274025
26520 24 16 20
-0.942167 0.333746 -0.030574 11.918440
29112 24 16 22
-0.046008 0.180740 -0.982454 9.719903
25260 24 17 19
0.378053 0.702585 0.602869 12.869530
26556 24 17 20
0.141951 0.985780 -0.089932 13.913280
16224 24 18 12
-0.257044 0.904411 0.340542 10.454544
17520 24 18 13
-0.424085 0.848855 0.315590 12.621822
26592 24 18 20
0.844988 0.529159 -0.077375 15.785209
29184 24 18 22
0.080953 0.182201 -0.979923 13.655505
14964 24 19 11
-0.275817 0.280305 0.919431 11.028617
17556 24 19 13
-0.881615 0.427684 0.199605 16.151119
18852 24 19 14
-0.979098 0.081355 0.186410 16.481087
21444 24 19 16
-0.258660 -0.827183 -0.498861 15.374166
22740 24 19 17
-0.541582 -0.796818 0.267898 14.833199
24036 24 19 18
0.698249 -0.310554 0.644984 15.845231
27924 24 19 21
0.450208 -0.591588 -0.668832 15.281754
29220 24 19 22
0.268678 -0.405165 -0.873873 13.275799
31812 24 19 24
-0.157666 0.423959 -0.891852 7.257481
16296 24 20 12
-0.578745 -0.350203 0.736487 15.088269
22776 24 20 17
-0.647677 -0.394295 0.651956 12.636135
27960 24 20 21
0.456334 -0.615013 -0.643054 13.550904
13740 24 21 10
0.009813 0.194770 0.980800 7.272722
17628 24 21 13
-0.515699 -0.797167 0.313973 14.825801
18924 24 21 14
-0.252944 -0.688005 -0.680197 14.391724
20220 24 21 15
-0.267431 -0.657173 -0.704702 11.990562
25404 24 21 19
0.918655 0.299219 -0.257957 16.591810
16368 24 22 12
-0.372207 -0.374559 0.849216 13.232640
18960 24 22 14
-0.467211 -0.693517 -0.548405 12.026511
24144 24 22 18
-0.043645 -0.720647 0.691927 14.771353
17700 24 23 13
-0.409834 -0.824180 -0.390850 9.646708
18996 24 23 14
-0.409573 -0.819326 -0.401191 6.733480
16440 24 24 12
-0.471230 -0.862603 -0.184005 6.771271
24216 24 24 18
-0.722443 -0.691354 0.010285 6.537518
27709 25 13 21
-0.163954 0.971270 -0.172490 11.144575
25153 25 14 19
-0.952924 0.259192 -0.157337 13.747952
27745 25 14 21
-0.370288 -0.648021 -0.665549 11.935452
30373 25 15 23
-0.087360 -0.222706 -0.970964 5.710574
23929 25 16 18
0.776011 0.436429 0.455342 10.613572
29113 25 16 22
-0.710067 0.276236 -0.647687 8.576096
27853 25 17 21
-0.607563 0.777021 -0.164636 12.010430
18817 25 18 14
-0.381336 0.676277 0.630264 12.664552
24001 25 18 18
0.051658 0.576392 0.815539 15.242808
16297 25 20 12
-0.834636 0.227152 0.501782 12.751771
20185 25 20 15
-0.703791 -0.436757 -0.560287 12.706089
29257 25 20 22
0.018685 -0.606121 -0.795153 12.133759
16333 25 21 12
-0.744385 -0.263738 0.613460 12.915284
18925 25 21 14
-0.698340 -0.585079 -0.412316 12.842413
20221 25 21 15
-0.578358 -0.544706 -0.607287 9.561603
25405 25 21 19
-0.869352 0.238227 0.432983 15.716634
26701 25 21 20
-0.688037 0.139408 -0.712159 15.951181
15073 25 22 11
-0.676567 -0.471078 0.565988 8.347927
16369 25 22 12
-0.763366 -0.596417 0.248113 10.724506
17665 25 22 13
-0.678809 -0.713045 -0.175454 10.817452
24145 25 22 18
-0.797623 -0.376969 0.470842 12.179669
25441 25 22 19
-0.684979 -0.710428 0.161543 14.247078
29329 25 22 22
-0.052396 -0.493709 -0.868047 7.453382
29006 26 13 22
-0.153456 0.574598 -0.803920 8.539227
25154 26 14 19
-0.694053 0.633635 -0.341756 12.010974
27746 26 14 21
-0.861205 -0.427081 0.275549 10.692308
29042 26 14 22
-0.310889 -0.117285 -0.943182 9.924842
27782 26 15 21
-0.441448 -0.888410 -0.125904 8.539128
29078 26 15 22
-0.423720 -0.803966 -0.417253 7.931209
23966 26 17 18
0.378694 0.747920 0.545166 14.376913
20114 26 18 15
-0.888595 0.228185 0.397907 12.715859
22706 26 18 17
-0.560444 -0.768653 0.308343 12.344192
25298 26 18 19
-0.792300 -0.528455 -0.304952 15.086835
17558 26 19 13
-0.889954 0.275355 0.363540 8.255033
18854 26 19 14
-0.942931 -0.070025 0.325542 10.486668
30518 26 19 23
-0.597702 -0.046168 -0.800388 8.091485
16298 26 20 12
-0.875343 0.277776 0.395747 8.118237
26702 26 21 20
-0.990634 -0.073259 0.115231 11.929653
29294 26 21 22
-0.658726 -0.370646 -0.654753 8.092319
29330 26 22 22
-0.519403 -0.488739 -0.700967 5.710585
21303 27 15 16
-0.380810 0.237568 0.893613 4.357497
22599 27 15 17
-0.523996 0.395296 0.754433 8.062626
25263 27 17 19
-0.877785 0.112098 -0.465756 13.039841
27855 27 17 21
-0.425284 0.678756 -0.598685 9.664299
29151 27 17 22
-0.375283 0.660342 -0.650469 7.832799
20115 27 18 15
-0.906061 0.099672 0.411240 7.876625
21411 27 18 16
-0.917799 -0.395170 -0.038540 8.623977
24003 27 18 18
-0.691923 -0.621774 0.366933 11.633403
25299 27 18 19
-0.860773 -0.494463 -0.120731 12.219792
27891 27 18 21
-0.923633 -0.086119 -0.373479 10.289534
29187 27 18 22
-0.838975 -0.145708 -0.524300 8.753671
30483 27 18 23
-0.395475 -0.009915 -0.918423 6.239942
25335 27 19 19
-0.563523 -0.769631 0.300184 9.011848
26631 27 19 20
-0.859333 -0.492763 0.136863 10.198788
27927 27 19 21
-0.892345 -0.259949 -0.368980 9.584419
27963 27 20 21
-0.848657 -0.456148 -0.267787 7.647360
27712 28 13 21
-0.644189 0.763106 0.051865 5.749653
29044 28 14 22
-0.655615 0.173124 -0.734981 6.537858
26488 28 15 20
-0.983022 -0.109130 -0.147508 9.501116
27856 28 17 21
-0.542892 -0.313411 -0.779129 8.393370
24004 28 18 18
-0.643278 -0.543693 0.539065 8.070866
26668 28 20 20
-0.569213 -0.814313 0.113541 4.588293
25121 29 13 19
-0.748622 0.616539 0.243813 4.375821
23897 29 15 18
-0.584575 0.634372 0.505810 5.895630
27785 29 15 21
-0.767249 0.369587 -0.524152 7.592166
29081 29 15 22
-0.489222 0.245739 -0.836824 5.319685
25265 29 17 19
-0.999053 -0.037859 -0.021421 8.681099
26597 29 18 20
-0.737187 -0.535494 -0.412071 7.107693
26633 29 19 20
-0.652189 -0.743379 -0.148450 5.426355
27929 29 19 21
-0.484573 -0.588412 -0.647272 4.239133
23898 30 15 18
-0.892542 0.309197 0.328277 4.005936
27786 30 15 21
-0.861734 0.354624 -0.362845 4.846032
23934 30 16 18
-0.894593 0.070518 0.441282 4.569783
25302 30 18 19
-0.919724 -0.375825 0.113417 4.396824
26527 31 16 20
-0.997675 -0.028095 0.062093 2.601529
26563 31 17 20
-0.941425 -0.337199 -0.003957 2.131946
27859 31 17 21
-0.925322 -0.371881 -0.074049 2.042759
