(9.52681, 8.89372, 9.02152, 11.2066, 14.2608, 18.0306, 8.8379, 3.99817, 3.4474, 6.07061, 6.70586, 11.3231, 10.7609, 12.0407, 7.08417, 8.96254, 8.38664, 8.23042, 8.0209, 9.08112, 6.69324, 9.41624, 5.91313, 5.99874, 6.09758, 5.25148, 2.6189, 0.0919652, 3.90397, 8.58805, 14.9385, 16.9941, 29.6036)
(9.91204, 8.95233, 10.776, 12.3642, 14.07, 13.5065, 6.55861, 4.15074, 2.14376, 4.26626, 13.2996, 8.46871, 9.34507, 10.4535, 7.72699, 9.38157, 7.39897, 10.9602, 8.70137, 8.36078, 10.9085, 8.29435, 5.10971, 6.40355, 4.54882, 5.4451, 2.29526, 0.282237, 3.0321, 9.2461, 15.5622, 15.9263, 32.1487)
(6.66558, 7.43184, 11.5126, 13.9508, 16.9336, 12.6581, 6.79839, 3.10327, 3.3431, 5.33259, 12.2702, 8.97278, 8.58031, 9.84929, 9.48348, 7.23186, 8.91437, 12.1114, 7.72769, 10.0702, 9.78924, 7.26933, 4.61534, 6.23547, 3.96549, 3.60075, 1.52923, 0.288541, 3.83262, 8.32853, 14.2385, 19.9827, 33.3829)
(7.38703, 12.5765, 16.412, 20.3023, 15.59, 7.39451, 3.06058, 2.10592, 2.52147, 3.13351, 9.51617, 8.02215, 6.48457, 9.70921, 7.88717, 12.2859, 9.34732, 13.7305, 8.66265, 8.12389, 9.65765, 6.08899, 4.88132, 4.23636, 2.61166, 2.08574, 1.06029, 0.365966, 3.28344, 6.30287, 17.0512, 22.9374, 35.1837)
(6.86887, 8.13707, 11.701, 13.6328, 17.6829, 16.0745, 5.44812, 3.92518, 4.52018, 4.64002, 7.36944, 11.4097, 8.27276, 10.7517, 7.6877, 8.5137, 8.58116, 9.74528, 7.6481, 8.43144, 11.0431, 7.91536, 5.10603, 5.38042, 3.35755, 3.18004, 1.86554, 0.24091, 3.22785, 9.64544, 14.4958, 19.1232, 34.3772)
(6.41301, 7.68108, 11.7181, 13.4827, 18.5132, 13.4175, 5.79491, 3.71338, 3.85749, 6.3344, 9.07425, 10.5409, 7.81993, 9.91499, 8.64951, 7.84254, 8.76411, 10.4759, 7.35308, 9.52624, 12.2622, 6.85054, 4.687, 5.9969, 3.88893, 3.66558, 2.40943, 0.392578, 3.26212, 9.05044, 14.1347, 21.6279, 30.8845)
(8.46892, 12.2451, 15.3711, 17.2467, 14.2749, 10.06, 3.78819, 2.74193, 2.13941, 3.70269, 9.96103, 8.15088, 7.61593, 9.43545, 7.82199, 11.5204, 9.34615, 13.5452, 9.32072, 8.60177, 8.96968, 5.67182, 5.29226, 4.67121, 4.36447, 2.78984, 1.87735, 0.437025, 3.11368, 6.98065, 14.3849, 19.9035, 36.1851)
(9.45762, 11.0937, 18.4868, 15.8892, 16.0616, 7.34904, 3.89849, 2.23434, 1.81144, 3.79513, 9.92268, 6.71114, 7.33068, 9.45714, 9.11502, 9.81866, 10.4987, 12.9702, 9.18784, 8.88025, 9.19057, 6.83984, 6.09988, 3.6129, 2.73594, 2.27732, 1.22262, 0.134981, 2.45992, 6.97331, 15.9088, 20.4772, 38.0972)
(8.50536, 11.7524, 13.944, 18.7171, 15.2241, 8.39783, 4.20162, 2.32691, 2.68348, 3.76799, 10.4793, 7.41913, 7.13388, 9.85477, 8.20136, 11.9771, 8.82547, 13.4632, 9.16583, 8.46321, 8.85641, 6.63969, 5.21746, 4.6585, 2.90015, 2.5902, 1.12123, 0.292738, 2.73156, 6.60885, 17.2133, 22.5872, 34.0789)
(10.1276, 11.2334, 14.1132, 17.2601, 14.5943, 9.55258, 3.84007, 3.2298, 2.52873, 3.6795, 9.84074, 6.57582, 7.30584, 9.87264, 9.88576, 11.2713, 9.8828, 13.7421, 9.42655, 8.11088, 7.71838, 6.20799, 6.4283, 5.38306, 3.50765, 3.13312, 1.1059, 0.14043, 2.24995, 6.83706, 15.3823, 19.2652, 36.567)
(8.22932, 12.5333, 14.0489, 18.1771, 15.0278, 8.44693, 3.75011, 3.83064, 2.40022, 3.6692, 9.88651, 7.22753, 6.50078, 9.65556, 8.28092, 11.3428, 9.86999, 13.4159, 9.97734, 8.81692, 9.08368, 5.82854, 5.52725, 5.23944, 3.8898, 3.03419, 1.22394, 0.342242, 2.86488, 6.96215, 16.4082, 19.8148, 34.6931)
(11.2703, 9.46186, 11.4875, 11.0155, 12.6492, 9.42049, 6.44272, 4.63447, 4.47444, 7.38334, 11.7603, 8.54017, 9.73915, 9.55949, 8.59464, 7.79867, 8.05668, 8.7668, 9.27651, 9.49325, 9.23341, 10.9412, 9.86317, 8.90801, 6.3275, 5.54536, 1.84659, 0.517933, 4.05974, 7.03111, 13.9409, 17.214, 24.7457)
(10.7556, 10.1785, 9.1055, 9.9072, 12.3299, 10.4652, 7.27791, 5.64302, 4.92314, 8.14435, 11.2697, 11.549, 7.69407, 8.85225, 7.72719, 9.27147, 8.48109, 7.99103, 7.99183, 9.95177, 9.2208, 11.2695, 9.95137, 9.90109, 6.94171, 5.58719, 1.87221, 1.01683, 4.06213, 6.73327, 13.619, 17.0327, 23.2825)
(10.5501, 9.4512, 8.69809, 9.89623, 12.1774, 11.5034, 8.77192, 5.12547, 3.64974, 7.88602, 12.2904, 12.3731, 8.0589, 8.02858, 8.17603, 9.02188, 7.86141, 8.49146, 7.54876, 9.89452, 8.78859, 11.7567, 7.14776, 7.92767, 7.66768, 6.86413, 2.32634, 0.909429, 4.32636, 7.28241, 14.9475, 17.5585, 23.0422)
(9.49052, 10.2746, 12.1206, 14.0806, 14.2687, 9.06055, 5.33177, 3.42345, 3.36046, 5.72818, 12.8605, 8.2729, 8.29852, 9.70404, 8.96096, 8.85677, 8.57133, 10.9535, 9.06551, 9.0953, 9.39014, 8.83101, 7.34557, 6.11702, 4.64926, 3.86593, 1.8877, 0.40237, 3.23589, 6.90333, 16.0157, 20.231, 29.3462)
(8.76641, 8.75193, 11.7452, 13.5185, 15.7294, 13.2527, 6.21148, 3.95185, 3.78192, 5.14243, 9.14815, 7.63235, 8.94614, 10.4971, 8.82229, 9.4419, 8.86019, 10.383, 8.75038, 9.35551, 7.84655, 9.4646, 6.83798, 8.21465, 5.86873, 4.74694, 2.1073, 0.443884, 4.27666, 7.91292, 14.6163, 17.113, 27.8617)
(9.74245, 9.15802, 11.6883, 12.4351, 14.7361, 10.9762, 6.38818, 4.75286, 4.41305, 5.97778, 9.73189, 8.93752, 8.38269, 9.98469, 8.60611, 8.14534, 9.32241, 9.96556, 8.94218, 9.00508, 8.79585, 9.91255, 8.85609, 8.91154, 6.37598, 4.99512, 1.96584, 0.525534, 3.21563, 7.17287, 15.4387, 16.4171, 26.1255)
(9.1749, 9.64058, 10.5285, 10.794, 14.9623, 12.5035, 7.81086, 4.66128, 3.90962, 6.33897, 9.6755, 9.2765, 8.55998, 8.95049, 8.52864, 9.62177, 8.30169, 9.17793, 8.37726, 9.66673, 8.66941, 10.8696, 7.38165, 8.74248, 6.93048, 6.24145, 2.66317, 1.01435, 4.42143, 7.90131, 15.2429, 16.1552, 23.3056)
(9.42994, 9.58831, 10.2839, 11.4658, 14.2897, 13.3482, 8.10635, 5.49646, 3.4764, 5.71162, 8.80324, 10.2827, 8.43821, 9.25922, 8.59233, 8.06944, 8.82167, 9.1425, 8.87816, 9.03268, 9.41567, 10.0674, 6.1178, 8.61805, 7.52326, 5.96513, 2.91445, 0.815728, 4.40826, 8.50607, 14.1564, 17.1829, 23.7919)
(11.0921, 9.6089, 9.01314, 9.56313, 12.164, 10.1644, 7.47743, 5.72333, 5.76361, 7.45966, 11.9702, 10.9173, 9.14977, 9.19172, 8.28875, 8.47683, 7.42758, 7.80021, 8.21397, 9.1756, 8.90801, 12.4503, 11.0953, 10.4086, 7.92587, 5.73952, 2.5688, 0.693845, 4.46746, 7.38968, 13.8858, 15.6894, 20.1356)
(11.3424, 10.2453, 9.91833, 10.0307, 12.6824, 11.4132, 7.9142, 5.068, 3.91397, 6.51694, 10.9546, 10.8226, 9.79646, 9.38029, 7.73325, 8.86226, 7.41256, 8.53183, 8.73361, 9.24412, 8.04118, 11.4418, 8.30294, 8.8613, 8.67144, 7.04001, 2.39302, 0.724774, 4.61364, 7.71869, 13.3848, 16.3756, 21.9138)
(10.4504, 9.76102, 6.77447, 7.84645, 12.3146, 10.5986, 7.8716, 8.00905, 7.31547, 7.77727, 11.2811, 13.0639, 8.84859, 7.716, 7.84975, 9.76639, 7.69866, 8.21933, 8.26989, 7.91532, 8.55732, 12.0949, 12.2453, 11.7632, 8.96747, 5.76235, 2.98243, 0.723186, 3.81273, 6.76596, 13.6857, 14.7899, 18.5017)
(11.3779, 10.3113, 8.31745, 9.69833, 12.5231, 11.0891, 6.5203, 6.41793, 5.62508, 6.94734, 11.1723, 12.1084, 8.45408, 9.5626, 7.83226, 8.94239, 7.565, 8.20539, 8.68647, 8.73582, 8.09402, 11.8135, 9.86963, 9.62138, 8.56487, 5.93541, 2.55524, 0.583249, 4.00446, 8.68581, 13.4984, 13.9224, 22.7592)
(10.04, 9.85297, 7.66197, 8.61797, 13.2001, 11.2221, 7.12039, 7.01258, 5.98175, 8.24167, 11.0484, 11.91, 8.28066, 7.85131, 8.60667, 9.16967, 8.61861, 8.40345, 8.13499, 8.31011, 8.80732, 11.9072, 11.7124, 11.4495, 8.22825, 5.81627, 3.06725, 0.757963, 3.73349, 6.92937, 13.2688, 15.1387, 19.898)
(11.4488, 8.92, 7.04632, 7.91697, 12.0881, 10.7887, 7.98496, 7.4685, 6.39068, 8.14579, 11.8011, 12.5879, 9.18213, 8.96708, 7.27255, 9.22011, 7.33236, 7.66307, 7.74134, 8.28121, 9.08788, 12.6644, 10.8644, 11.0245, 9.1465, 5.89244, 2.86601, 0.711638, 4.19369, 7.64443, 13.8323, 15.1925, 18.6316)
(10.4905, 9.45424, 8.19722, 8.77163, 12.9901, 11.2811, 7.68697, 6.37104, 5.5773, 8.1326, 11.0473, 11.9582, 8.46873, 8.46383, 8.38288, 9.74145, 8.69301, 7.32358, 7.73438, 8.54732, 8.27846, 12.4081, 11.0396, 10.8573, 9.1002, 5.92738, 2.98576, 0.694178, 3.75241, 7.07948, 12.7898, 15.3681, 20.4058)
(11.6473, 10.5634, 8.602, 8.83764, 11.253, 9.98995, 6.95113, 6.68667, 6.52557, 8.04391, 10.8995, 12.4612, 9.57309, 8.47053, 7.3434, 9.18667, 7.76038, 7.65116, 8.10818, 8.93139, 8.38283, 12.1311, 10.3567, 11.3625, 9.29001, 5.63129, 3.02712, 0.791889, 3.62168, 6.53426, 12.6282, 14.5658, 22.1906)
(11.3732, 8.80009, 8.50641, 10.8997, 16.9844, 10.5795, 5.44711, 2.69948, 4.07816, 8.49353, 12.1385, 12.4976, 11.1469, 9.28436, 7.64976, 5.82366, 7.3868, 6.69892, 6.59332, 8.54372, 11.8294, 12.5455, 9.3533, 5.03626, 4.46102, 3.12346, 2.19148, 0.579694, 3.46703, 10.2565, 16.4082, 19.2498, 25.8734)
(9.22986, 8.07345, 8.48324, 11.6811, 14.4327, 11.3559, 6.48585, 5.43795, 5.37854, 8.00184, 11.4396, 12.1992, 9.51181, 9.99105, 7.14898, 7.3083, 7.90251, 7.60033, 8.3976, 8.65538, 9.57835, 11.7065, 8.14585, 7.82773, 7.28809, 4.93631, 2.58133, 0.652659, 3.14967, 8.42645, 14.2056, 18.0144, 24.7719)
(10.3568, 7.8311, 11.2845, 12.7078, 14.4493, 11.1928, 6.33492, 3.44155, 4.6455, 6.98921, 10.7666, 11.1736, 10.3744, 10.7897, 7.72378, 5.58837, 7.29677, 6.53253, 8.4273, 9.02166, 11.3866, 11.6853, 7.05874, 5.19288, 5.07176, 3.15321, 2.7621, 0.776546, 3.52236, 9.11553, 14.8672, 21.2215, 27.2582)
(10.7619, 9.05223, 9.53662, 11.0627, 14.6701, 11.9846, 6.94924, 2.411, 4.12805, 7.74819, 11.6954, 13.4918, 9.55697, 9.68522, 6.96743, 5.15336, 7.77093, 6.88027, 7.88403, 8.87588, 9.29189, 14.4422, 8.1509, 5.75076, 4.73867, 2.50496, 2.85234, 0.737721, 4.02663, 9.91893, 14.2281, 21.098, 25.9931)
(9.32274, 6.3804, 8.23563, 14.0783, 18.9779, 12.4787, 5.90037, 3.44527, 4.49662, 7.08191, 9.60223, 11.6889, 11.1351, 9.91558, 9.30786, 5.88823, 6.44088, 6.14567, 8.63822, 9.24761, 10.7103, 10.8817, 9.76446, 5.50809, 3.93958, 3.25375, 2.50021, 0.698083, 2.76009, 9.54048, 15.7965, 21.0796, 25.1592)
(7.42452, 6.42827, 7.77851, 13.9974, 20.766, 15.1456, 6.51624, 3.21886, 3.6943, 6.12446, 8.9058, 12.0642, 9.78583, 10.4621, 9.55819, 6.16466, 6.82715, 6.26712, 7.56052, 8.40803, 12.2564, 10.6458, 9.89265, 5.54123, 3.82768, 3.649, 2.54406, 0.492124, 2.91931, 10.1839, 14.6481, 21.1019, 25.2)
(11.6545, 7.55996, 7.2616, 10.9107, 16.3516, 12.0423, 5.68524, 2.8235, 4.39553, 8.84873, 12.4664, 13.1236, 11.5251, 8.89568, 7.60293, 5.89873, 6.7169, 6.55016, 7.1683, 8.70042, 10.1711, 13.647, 8.67118, 4.59543, 4.27057, 2.69758, 2.44576, 0.707481, 3.66395, 10.5725, 16.2003, 20.3863, 25.7888)
(6.93464, 5.55779, 8.67124, 14.394, 23.2518, 16.3395, 6.08782, 3.09853, 3.94309, 4.94033, 6.78121, 8.92073, 8.40513, 10.6558, 9.04804, 7.09803, 7.82109, 7.63488, 9.48558, 8.76654, 13.0581, 9.10612, 8.2997, 4.34655, 4.32857, 3.67729, 2.10466, 0.604489, 3.30121, 9.59952, 15.5301, 19.9865, 28.2214)
(9.14351, 6.12223, 7.43038, 10.2358, 15.0055, 15.3069, 8.3027, 6.07928, 5.11283, 7.19155, 10.0693, 12.1937, 9.59794, 10.1996, 8.26571, 6.63322, 7.07501, 6.89189, 7.3026, 9.40862, 10.0514, 12.3803, 8.1981, 7.81305, 7.21964, 5.34717, 3.4091, 0.986116, 4.03546, 8.39985, 14.8842, 18.0035, 21.7038)
(10.2628, 7.1463, 10.1045, 9.61022, 12.0331, 13.6464, 8.81389, 3.26973, 4.46434, 8.37771, 12.2711, 11.1344, 11.1173, 10.6895, 8.20624, 6.77811, 7.34052, 6.58396, 7.20263, 7.73064, 11.1724, 12.0443, 5.98796, 4.70378, 4.71651, 4.50174, 4.45429, 1.11743, 4.44915, 10.9086, 13.3618, 19.9353, 25.8634)
(9.14794, 8.87557, 10.0273, 9.5635, 12.4771, 14.2588, 7.09114, 4.54249, 4.0545, 8.24577, 11.7159, 11.7032, 9.83847, 10.7146, 8.36936, 7.13778, 7.15743, 6.59096, 7.67719, 7.95617, 10.4424, 12.4124, 5.88491, 5.91645, 4.65584, 4.07619, 4.04671, 0.825933, 4.28049, 9.04996, 13.6302, 18.6596, 28.9737)
(9.82129, 9.06798, 9.87779, 11.7927, 12.4563, 14.8012, 6.46039, 3.75787, 3.31317, 7.26964, 11.3816, 12.8626, 10.5723, 9.08928, 8.57057, 6.16308, 6.35652, 7.62478, 7.3301, 7.42649, 10.5447, 13.4596, 3.97406, 4.35245, 4.62073, 3.72858, 4.28706, 1.2177, 5.37967, 8.90687, 13.2332, 20.0114, 30.2883)
(8.35565, 7.03954, 10.3312, 13.4815, 14.6954, 15.7214, 7.6245, 3.35684, 3.51357, 6.09686, 9.78341, 11.5772, 10.624, 10.3155, 8.38712, 6.72197, 6.79423, 8.39141, 7.9631, 7.78016, 10.1305, 11.3148, 4.33964, 4.01532, 5.05953, 4.92354, 3.18197, 1.25926, 4.1697, 9.73263, 15.5317, 19.7914, 27.9953)
(10.3007, 6.57911, 9.99918, 11.9097, 13.3601, 15.7991, 8.19586, 3.4663, 3.42191, 6.66812, 10.2999, 12.3706, 11.147, 9.25586, 8.92335, 6.45928, 5.95044, 7.59865, 8.00883, 7.62682, 10.3128, 12.3464, 3.57619, 4.4712, 5.34641, 4.45673, 4.03666, 1.21059, 4.91083, 10.3209, 12.5011, 21.2772, 27.8921)
(9.354, 8.09801, 10.4894, 11.9439, 14.551, 13.8934, 6.71671, 3.63719, 3.95592, 6.88135, 10.4791, 13.5198, 10.7666, 8.00453, 7.86025, 6.30072, 6.30659, 7.50367, 7.94334, 8.63612, 10.8875, 12.2708, 4.0126, 4.01108, 4.34317, 3.42817, 2.85595, 1.11892, 4.7874, 8.43172, 14.5658, 19.7967, 32.6485)
(8.3588, 7.64214, 10.2913, 11.6969, 14.2166, 14.8242, 8.3709, 4.74818, 3.46082, 6.08663, 10.3035, 12.616, 11.0281, 8.93132, 7.50178, 7.11466, 7.23746, 7.64153, 7.58708, 8.63716, 10.2853, 11.4196, 4.90193, 5.71548, 4.88529, 4.61176, 3.15004, 1.04939, 4.3333, 8.145, 14.3983, 20.1086, 28.7009)
(9.158, 7.48327, 9.11077, 12.1938, 13.7848, 15.2704, 8.2881, 4.20166, 3.69024, 6.4346, 10.3844, 11.6678, 11.0373, 8.9225, 7.84018, 7.44976, 6.99339, 8.58312, 7.44265, 7.49816, 10.102, 12.4631, 4.65734, 5.45336, 5.24383, 5.0695, 3.29976, 1.16074, 4.40247, 9.2175, 14.537, 19.2155, 27.743)
(9.31023, 7.2319, 6.43368, 8.21027, 10.8522, 13.3291, 11.0995, 7.50827, 6.21794, 7.53144, 12.2755, 10.6033, 10.3898, 9.10668, 8.1555, 7.35649, 7.67361, 7.59799, 8.25785, 8.1155, 10.3524, 12.3908, 8.3764, 9.31046, 8.62418, 6.56814, 4.36558, 1.02998, 4.23379, 9.10203, 12.4937, 15.2614, 20.6343)
(8.60597, 8.39235, 11.6967, 12.2053, 13.6212, 13.9345, 8.43571, 4.17951, 2.74144, 5.14201, 11.0452, 12.2262, 10.3804, 9.76254, 7.2633, 7.79653, 6.79551, 8.73547, 7.00137, 8.84975, 10.207, 10.9819, 4.61845, 4.97041, 3.85846, 4.92366, 3.02914, 0.711609, 4.77412, 8.38864, 13.7198, 20.3352, 30.6706)
(9.01952, 8.30434, 10.4208, 12.7448, 13.4303, 14.0204, 8.80705, 3.91676, 3.06749, 5.56958, 10.6989, 11.5254, 10.0502, 9.28554, 7.43539, 8.54084, 7.05959, 8.95114, 6.58404, 8.17748, 9.7952, 12.5952, 3.66928, 4.93267, 4.62155, 5.45464, 3.57908, 0.829199, 4.39637, 9.17798, 14.3301, 19.7189, 29.2902)
(8.59668, 6.92472, 7.36199, 9.45081, 11.5128, 13.8982, 9.31077, 6.4659, 5.11033, 7.84964, 13.5181, 10.2678, 9.04559, 9.60928, 9.34166, 7.50048, 7.42249, 9.05611, 8.46279, 8.44594, 8.87549, 11.9724, 7.37452, 7.97393, 7.42807, 6.10709, 4.48516, 1.36782, 3.97062, 9.46293, 13.215, 16.4378, 22.1771)
(8.61114, 9.04327, 10.919, 12.9608, 15.991, 13.2256, 6.6306, 2.92379, 3.53117, 5.9983, 10.1653, 11.3688, 9.78401, 8.19217, 8.1031, 7.80011, 6.18347, 8.08257, 8.2108, 9.92316, 10.8642, 11.4877, 3.02961, 3.79419, 3.91238, 3.28148, 2.33252, 1.02579, 4.11514, 9.47372, 14.9301, 20.7519, 33.3531)
(8.87246, 10.1142, 13.7257, 13.8344, 13.3036, 11.2461, 5.58025, 3.33078, 3.39889, 6.09509, 10.4985, 10.9326, 9.33188, 10.3703, 8.54403, 7.60318, 6.98928, 9.18723, 7.73574, 8.36367, 9.61379, 11.3283, 5.3428, 3.7742, 3.61113, 2.87887, 2.35892, 0.685825, 3.92764, 8.88431, 15.092, 20.4602, 32.9841)
(7.52024, 7.42839, 6.92251, 10.8528, 12.6492, 13.7918, 7.57891, 5.09073, 4.5818, 8.49446, 15.0891, 10.392, 7.85501, 9.26483, 9.24787, 8.84087, 8.91483, 10.1284, 8.83968, 8.64939, 8.24985, 9.61733, 7.74324, 7.6563, 6.41296, 5.39905, 2.90585, 1.01623, 3.62957, 8.92425, 14.1431, 19.5154, 22.654)
(8.28492, 9.24251, 12.0271, 13.6889, 14.9779, 13.3213, 5.87534, 2.91733, 3.32431, 6.41999, 9.92044, 10.6888, 9.28516, 8.65763, 9.17092, 7.51751, 6.22825, 8.4753, 8.59116, 8.78914, 10.4152, 12.1809, 3.10596, 3.3367, 3.52676, 4.07835, 2.90666, 1.50913, 4.50455, 9.32156, 14.9588, 20.9535, 31.798)
(9.59794, 9.14318, 11.6803, 12.3838, 12.4774, 12.2602, 7.46477, 3.32971, 4.21242, 6.74749, 10.7027, 10.6646, 10.6771, 9.71784, 8.10334, 7.20012, 7.03171, 9.12733, 7.63938, 8.55496, 10.0714, 11.2122, 4.38637, 5.07918, 4.04093, 4.13069, 2.90105, 0.886335, 4.32188, 9.14707, 13.2221, 19.7036, 32.1808)
(7.16696, 8.60583, 12.9651, 18.1631, 17.482, 12.1055, 5.85342, 1.68293, 2.44588, 5.12942, 8.4, 9.19964, 12.1176, 10.0373, 8.58679, 7.00389, 8.22003, 10.5293, 8.46517, 7.3257, 9.78454, 8.73004, 3.11377, 1.87667, 2.91248, 3.46143, 2.0351, 0.787937, 3.90969, 9.27531, 17.4166, 22.5393, 32.6717)
(6.58753, 7.71298, 6.82163, 10.3038, 12.4133, 15.1793, 8.2925, 3.89159, 4.03578, 9.22153, 15.5401, 9.07413, 8.07669, 8.72643, 9.38769, 9.5018, 9.70998, 10.19, 9.19422, 8.68193, 7.67982, 9.77732, 6.32215, 6.94319, 5.99766, 5.84792, 3.19075, 0.890114, 3.85726, 9.11142, 13.3922, 19.6538, 24.7935)
(7.53375, 7.25612, 9.08792, 11.0623, 12.3019, 15.0502, 8.06578, 4.49222, 3.94009, 7.17807, 14.0317, 10.9402, 9.25813, 9.14272, 8.73549, 7.80925, 7.84034, 9.92098, 7.6509, 8.64809, 9.39354, 10.6604, 5.70543, 7.14246, 6.6718, 5.21632, 4.2581, 1.22396, 4.27169, 9.68187, 14.0621, 18.6071, 23.1592)
(7.01422, 8.42543, 13.3112, 16.6518, 18.7771, 13.3229, 5.50182, 2.08839, 2.45298, 4.75489, 7.69923, 9.01852, 10.619, 10.5738, 7.69622, 7.55849, 8.69309, 11.045, 8.93977, 7.36065, 9.48813, 9.00743, 2.75546, 2.04423, 2.73298, 2.91306, 1.73313, 1.24043, 4.14393, 9.73805, 17.0024, 22.3681, 33.3282)
(6.48434, 9.98945, 11.4975, 10.9079, 17.4102, 15.7904, 7.34527, 2.99587, 3.04318, 4.57719, 9.95879, 11.6298, 8.08035, 8.40962, 8.28183, 7.59305, 7.87525, 9.54384, 6.85927, 8.85764, 10.3353, 12.534, 2.40412, 4.63947, 4.62069, 4.99732, 3.30091, 1.04097, 4.14521, 11.1788, 16.1873, 20.9245, 26.5607)
(7.13041, 9.08025, 10.8004, 12.9645, 14.9885, 17.5884, 7.54747, 3.15741, 2.86374, 4.58035, 9.29859, 12.4624, 9.78264, 8.34324, 7.54271, 8.79543, 7.56572, 8.57912, 6.78879, 8.80245, 10.7312, 10.6063, 2.72008, 4.55837, 5.51825, 5.28586, 4.19231, 0.911486, 4.38534, 10.9705, 14.3836, 19.3284, 27.7458)
(5.86619, 8.35163, 10.9761, 12.5429, 17.9595, 16.4732, 7.28145, 3.27913, 3.40671, 4.98065, 8.88256, 11.4776, 8.65457, 8.99502, 9.23923, 6.69101, 7.8452, 9.32904, 7.46286, 8.56614, 8.40728, 13.332, 2.35385, 4.50597, 5.04904, 5.31185, 4.53414, 1.17502, 4.37145, 12.149, 16.6251, 19.4807, 24.4438)
(7.34679, 6.86178, 7.84246, 10.1971, 13.8778, 17.1079, 8.08924, 3.25512, 4.11893, 8.23283, 13.07, 10.2748, 8.65638, 9.42203, 8.3451, 7.60508, 9.16024, 10.7557, 8.39879, 8.09283, 7.73223, 11.5567, 4.2363, 5.875, 6.58176, 4.88676, 4.63257, 1.54338, 5.06554, 11.5367, 15.8449, 17.5787, 22.2184)
(6.56286, 8.09663, 11.6067, 17.9164, 20.2946, 13.6828, 4.99085, 2.21844, 2.65748, 5.12539, 6.84786, 9.22364, 10.6078, 9.52661, 8.43323, 9.12735, 8.66218, 9.44864, 8.2956, 8.44036, 9.51948, 8.71515, 2.14455, 2.29981, 3.11701, 2.67831, 1.79326, 0.96344, 4.56986, 11.8972, 16.3163, 23.7161, 30.5041)
(6.73189, 7.84407, 11.7917, 15.7617, 19.7216, 14.8077, 5.6029, 2.21079, 3.08868, 4.91427, 7.52469, 8.83644, 9.44405, 9.64419, 9.83522, 7.53436, 6.83322, 10.6353, 9.05128, 9.44279, 9.22522, 9.5179, 2.47461, 2.96623, 3.18862, 3.87423, 2.63357, 1.07503, 4.72132, 11.7576, 16.2621, 21.0133, 30.0333)
(7.21376, 8.28222, 12.0153, 13.3247, 20.0739, 15.8932, 4.51975, 2.01252, 2.25958, 4.49307, 9.91202, 8.91747, 9.43743, 9.70045, 7.35851, 8.25908, 7.73671, 8.8581, 7.84229, 10.2232, 12.0544, 9.61241, 2.47282, 2.51785, 2.99762, 3.36584, 2.98051, 1.20787, 5.9115, 11.9249, 19.1189, 21.5651, 25.9371)
(7.01502, 8.42785, 9.76855, 10.6187, 17.3231, 17.6988, 5.3178, 2.35461, 2.84325, 7.48979, 11.1426, 9.67003, 9.06626, 9.43669, 8.72366, 7.72459, 8.74373, 9.36769, 9.46658, 7.55271, 9.71274, 10.5353, 3.66536, 3.59877, 3.73451, 4.91606, 3.66254, 1.44812, 6.20975, 11.788, 18.2668, 19.084, 23.6262)
(7.01313, 7.72816, 11.3234, 13.3767, 17.2288, 14.5626, 6.77264, 3.45058, 3.2137, 4.99543, 10.3348, 9.58257, 8.52163, 10.4663, 9.34414, 5.9632, 8.14373, 10.8917, 7.80638, 9.72626, 10.8174, 8.7366, 4.39531, 5.72927, 4.32604, 3.41998, 2.22242, 0.246135, 4.47764, 9.4135, 14.3372, 19.4299, 32.0026)
(9.24633, 9.10572, 10.5127, 10.4443, 15.2159, 13.3345, 7.76546, 4.23931, 3.44532, 7.17041, 9.51991, 10.9831, 8.86456, 9.39786, 8.58878, 8.24952, 8.31097, 8.41958, 7.69546, 8.61112, 10.4924, 10.3866, 6.47586, 7.88185, 6.00909, 5.38595, 2.77717, 0.629772, 3.89766, 8.60462, 14.0195, 17.9728, 26.3458)
(8.46443, 9.29736, 9.90696, 12.2694, 14.7652, 15.3891, 7.53632, 4.52201, 3.65517, 5.72558, 8.46846, 10.6968, 8.76267, 9.96068, 8.20481, 8.03468, 8.39985, 9.08419, 8.07539, 8.73585, 9.6513, 10.3938, 6.15667, 7.64795, 6.21227, 5.27156, 2.4704, 0.4395, 4.46184, 8.78899, 14.8631, 16.3809, 27.3069)
(9.10873, 8.78545, 9.68721, 11.9325, 14.8307, 14.0335, 7.68692, 3.61251, 2.91322, 6.44619, 10.963, 9.64725, 9.48786, 9.7551, 7.93512, 8.10582, 7.61026, 8.63435, 8.01685, 9.12753, 10.2624, 11.4174, 5.46161, 6.79278, 6.54922, 5.76229, 2.72941, 0.521389, 5.68728, 9.97827, 14.0642, 17.3489, 25.1046)
(9.85994, 9.01536, 9.29726, 11.449, 13.0623, 12.4152, 7.69128, 3.74718, 2.71647, 7.33427, 13.4117, 9.36895, 8.78287, 9.18581, 8.54562, 9.26908, 8.41415, 9.3021, 7.43417, 9.69807, 9.5152, 10.484, 5.78142, 6.94937, 6.01842, 6.20872, 2.73465, 0.652527, 4.25843, 8.7399, 14.6249, 16.7683, 27.2633)
(9.62821, 10.6824, 11.5306, 11.4732, 12.5744, 12.3424, 6.30144, 3.99766, 4.13905, 6.08771, 11.243, 9.37753, 8.34466, 10.2407, 8.60707, 8.57601, 9.36469, 8.79563, 8.56115, 9.11342, 9.04651, 9.97265, 6.55843, 7.54946, 6.13045, 5.16772, 2.43646, 0.784915, 3.76082, 6.88845, 13.558, 17.6501, 29.5152)
(10.7113, 9.35545, 8.46826, 10.3073, 12.4746, 9.73399, 7.19834, 5.33459, 5.00403, 8.3051, 13.107, 10.9525, 8.57143, 8.77688, 8.3805, 8.4741, 8.05019, 8.61672, 7.74683, 9.42525, 9.22511, 11.7805, 10.2773, 9.60482, 7.43052, 5.4119, 2.6679, 0.641716, 3.98888, 7.79771, 14.3194, 17.0892, 20.7706)
(10.5877, 9.82889, 9.6283, 10.3009, 12.8679, 10.6876, 6.96945, 5.44338, 5.74206, 6.92103, 11.0228, 10.7806, 8.60988, 9.65771, 7.76279, 8.97528, 7.91149, 8.33558, 8.60498, 8.96718, 8.16403, 12.2305, 10.4754, 9.88221, 8.36102, 5.79852, 2.34731, 0.715538, 4.06892, 7.87206, 13.6264, 14.7703, 22.0823)
(11.0162, 10.3953, 7.68333, 9.47405, 12.029, 10.4475, 7.12871, 7.03041, 5.04701, 7.92059, 11.8279, 12.2302, 8.4362, 8.99045, 8.88673, 9.28174, 8.73104, 7.76775, 7.30216, 8.85326, 8.41459, 11.1059, 9.13142, 9.6228, 8.62134, 5.49158, 2.43894, 0.583511, 3.62722, 7.10196, 13.2028, 15.6431, 24.5354)
(10.9173, 11.0744, 9.90152, 9.3397, 11.466, 9.7655, 6.43112, 6.13487, 6.20761, 7.43217, 11.3298, 11.7063, 9.39869, 8.22859, 7.47004, 9.50605, 7.96014, 8.41874, 8.5102, 8.79806, 8.45083, 11.5524, 10.5731, 10.954, 8.61304, 5.3676, 3.0966, 0.780033, 3.30635, 6.52966, 12.5391, 15.2795, 22.961)
(10.9777, 10.2561, 9.36719, 9.71051, 11.4873, 10.2458, 6.57624, 5.57749, 5.10072, 8.20594, 12.495, 11.4534, 8.3237, 9.53089, 8.06678, 8.89377, 8.26646, 8.13148, 8.05545, 8.98838, 8.8367, 11.453, 9.95628, 9.83313, 8.14689, 5.75334, 2.44564, 0.746565, 4.28576, 7.53537, 12.7842, 16.3703, 22.1425)
(11.4488, 8.92, 7.04632, 7.91697, 12.0881, 10.7887, 7.98496, 7.4685, 6.39068, 8.14579, 11.8011, 12.5879, 9.18213, 8.96708, 7.27255, 9.22011, 7.33236, 7.66307, 7.74134, 8.28121, 9.08788, 12.6644, 10.8644, 11.0245, 9.1465, 5.89244, 2.86601, 0.711638, 4.19369, 7.64443, 13.8323, 15.1925, 18.6316)
(12.1578, 9.88289, 7.74866, 8.05674, 11.8079, 9.50488, 7.09856, 7.40904, 7.00013, 7.52393, 11.8095, 13.1678, 9.39408, 8.53568, 7.28207, 9.23575, 7.07668, 7.92688, 8.35471, 8.50784, 8.11894, 12.3995, 10.8668, 11.7231, 10.0221, 5.72716, 3.36164, 0.793859, 3.72224, 7.58003, 12.8377, 13.6088, 19.7566)
(12.1072, 9.38584, 7.00858, 8.40153, 11.1655, 10.4122, 8.24326, 8.30164, 7.00047, 7.04482, 10.929, 13.9272, 10.0564, 8.32401, 7.51641, 8.98415, 6.53748, 6.98707, 7.48819, 8.26191, 8.88252, 13.0345, 10.9704, 12.72, 10.9891, 6.44778, 3.36177, 0.790953, 3.5586, 7.69054, 12.0338, 14.4552, 16.9818)
(12.3173, 8.84024, 7.70168, 8.33759, 10.5111, 10.9055, 9.31549, 7.11746, 7.28765, 7.12262, 10.5434, 14.3014, 9.26379, 8.32515, 7.41766, 9.0739, 6.9286, 7.36075, 7.70329, 8.59513, 8.8074, 12.2229, 11.1746, 13.1306, 10.9948, 6.86656, 4.07594, 1.11963, 3.1449, 7.22964, 11.3437, 12.9739, 17.9457)
(6.09903, 6.30765, 9.29064, 16.8496, 25.0102, 14.1379, 4.82569, 4.03599, 3.50258, 3.96795, 5.97285, 6.73546, 7.53718, 10.2903, 9.48661, 8.19297, 7.38766, 7.69728, 13.2263, 10.5352, 10.6714, 8.23966, 7.5504, 4.52511, 4.07288, 2.93817, 1.78202, 0.541718, 2.94922, 8.46513, 15.7193, 21.2371, 30.219)
(9.65065, 8.23209, 8.92693, 10.8934, 12.0582, 11.9386, 7.55927, 7.86476, 4.93711, 7.40751, 10.5315, 12.8373, 9.56774, 9.43901, 7.41628, 6.94942, 8.25499, 7.67731, 7.66693, 8.50515, 8.79284, 12.8931, 8.17279, 8.60977, 7.83019, 4.49873, 2.76029, 0.844791, 3.30791, 8.372, 12.7869, 18.1198, 24.6968)
(11.1996, 7.07323, 6.43364, 7.91384, 13.0017, 12.6556, 9.11487, 7.45567, 5.91415, 8.01934, 11.2184, 13.2271, 9.64662, 9.25682, 8.20877, 7.45909, 6.79461, 6.57169, 6.56577, 8.60689, 9.76628, 13.8964, 8.368, 10.3611, 9.26355, 5.56589, 3.40083, 0.819266, 4.10259, 8.81508, 14.8713, 16.2116, 18.2208)
(7.39163, 6.44898, 11.6957, 14.6949, 14.4068, 10.7822, 6.83044, 4.00811, 4.39409, 7.4471, 11.9001, 10.4377, 9.06311, 10.9922, 6.30489, 5.57002, 7.81865, 8.48015, 10.5801, 7.2147, 11.7375, 11.801, 6.41344, 5.84503, 5.76547, 2.98701, 1.43764, 0.990789, 1.83724, 6.91679, 14.6027, 23.3761, 29.8277)
(11.7133, 8.97546, 7.18009, 8.97766, 10.7695, 11.3328, 8.589, 7.73933, 7.38418, 7.40598, 9.93266, 13.6661, 9.82648, 8.24252, 8.27195, 8.24037, 6.52598, 6.95624, 7.55686, 8.55365, 9.16137, 12.9985, 10.9526, 12.7519, 11.284, 6.51512, 3.58496, 0.845885, 3.4102, 7.73993, 11.6067, 14.1865, 17.1222)
(6.91845, 5.39405, 10.5681, 14.9788, 22.0633, 13.8561, 6.25345, 3.62067, 3.60273, 4.909, 7.83535, 8.89051, 7.82235, 11.0372, 8.21673, 6.32477, 7.68409, 7.90046, 11.7042, 8.26342, 12.0613, 10.095, 7.19242, 4.14555, 4.29525, 3.33488, 2.17228, 0.714485, 2.89372, 8.55289, 15.8059, 21.9471, 28.9455)
(9.13725, 7.35363, 10.597, 12.6371, 14.5721, 13.3352, 7.81973, 3.06138, 3.64441, 7.20922, 10.633, 12.6735, 9.70365, 10.0557, 7.41441, 5.66796, 7.6608, 7.06626, 7.8205, 8.4392, 10.5395, 12.9586, 5.72166, 5.14436, 5.22383, 3.25672, 3.04149, 0.824284, 4.27308, 9.35334, 13.7189, 22.1986, 27.2437)
(8.55647, 7.06977, 11.5906, 15.134, 16.3578, 13.8148, 6.5893, 2.82201, 3.11981, 5.87326, 9.07216, 11.7201, 9.83454, 9.59749, 7.0748, 4.34581, 7.0117, 6.66768, 9.22007, 12.1292, 11.2259, 11.1727, 7.71387, 4.21448, 3.98261, 2.99618, 2.12797, 0.636635, 2.57362, 9.47466, 14.1851, 21.1779, 30.917)
(11.7329, 9.26332, 10.228, 11.015, 13.5831, 12.9602, 6.25297, 2.23232, 3.17, 7.92022, 11.6419, 14.5707, 9.4402, 8.48184, 6.11745, 4.67228, 7.0334, 7.00562, 7.51033, 11.3737, 11.5639, 12.2306, 6.79463, 4.35345, 4.36974, 2.69757, 2.48373, 0.710295, 3.4706, 9.783, 15.5677, 19.0117, 30.7576)
(11.1065, 7.77067, 7.42988, 8.669, 9.22461, 12.4315, 11.0654, 8.78323, 7.13635, 7.30135, 9.08153, 13.6618, 9.64655, 8.30811, 8.70773, 8.52506, 7.35451, 7.24256, 7.35587, 8.6084, 8.7811, 11.8083, 10.6716, 12.9297, 12.4301, 7.95136, 4.06784, 1.03374, 3.10752, 8.09418, 10.5914, 13.0248, 16.0978)
(9.21746, 7.55994, 9.55627, 11.2194, 14.2489, 14.1217, 7.44339, 4.72165, 4.08096, 6.97599, 10.8543, 13.4963, 10.1918, 8.72221, 7.8741, 6.22535, 6.73705, 7.34786, 7.63336, 8.68306, 10.5841, 12.5048, 5.79045, 5.20827, 5.38101, 3.94828, 3.02843, 1.17667, 4.67123, 8.09851, 14.4042, 19.3048, 28.9881)
(8.5529, 7.48751, 9.17218, 11.3803, 14.2177, 15.0536, 8.02139, 4.28529, 4.28087, 7.14589, 10.4024, 13.6982, 11.0252, 9.07442, 7.88581, 5.77628, 6.67081, 7.12388, 7.29806, 8.13383, 10.8025, 12.511, 5.52371, 5.04728, 5.10039, 4.2941, 3.15136, 1.09874, 4.57281, 8.43818, 14.8518, 19.6262, 28.2954)
(9.99519, 8.36115, 6.98294, 8.81624, 9.66617, 13.537, 9.73356, 7.66029, 6.48889, 8.42079, 10.3378, 11.5176, 9.47054, 8.55926, 8.60318, 7.67461, 7.84962, 7.39056, 8.37398, 7.89515, 9.981, 12.6845, 9.15119, 9.87663, 10.7674, 6.59449, 4.25252, 0.774008, 3.67069, 9.31303, 11.9226, 15.7555, 17.9219)
(9.15141, 6.68211, 6.86111, 8.83208, 9.63253, 13.4191, 9.65799, 8.04152, 6.46129, 8.86312, 12.3978, 11.0786, 9.36956, 9.81292, 9.09696, 7.36566, 7.25002, 7.93556, 8.56089, 8.20533, 9.14133, 12.1831, 8.21218, 9.25835, 8.87465, 7.36228, 4.68643, 1.41768, 3.55091, 9.11393, 12.373, 15.8578, 19.2928)
(9.86713, 8.45932, 7.72102, 7.89653, 10.3403, 13.8468, 10.1162, 6.77711, 5.12764, 7.0963, 12.7516, 11.7541, 8.47017, 8.80288, 8.1496, 8.04909, 7.97245, 7.8426, 8.18327, 8.54587, 10.0821, 12.1479, 7.15756, 9.04333, 8.3522, 6.27831, 4.65409, 0.736844, 4.37774, 7.94117, 12.4297, 16.7764, 22.2527)
(9.10399, 7.73529, 6.8487, 8.14054, 9.9308, 14.6795, 11.7379, 7.11247, 5.30299, 6.8982, 12.5096, 11.5789, 9.1002, 8.75231, 7.86299, 8.01311, 8.24581, 8.75906, 7.41563, 8.3844, 10.2481, 11.6395, 8.41152, 9.82115, 8.84344, 6.84127, 4.93032, 1.08919, 4.21125, 8.96164, 11.8908, 14.8198, 20.1796)
(7.31823, 7.68274, 12.0586, 15.7298, 19.5662, 14.4478, 5.79188, 1.80266, 2.36634, 5.15557, 8.08024, 10.0941, 10.4051, 8.15083, 7.64852, 7.69356, 7.46385, 9.34052, 9.41952, 9.50435, 10.0274, 10.2523, 2.40852, 2.68991, 3.80229, 2.2518, 2.21402, 0.600916, 3.69064, 8.11761, 13.2801, 21.342, 39.6022)
(7.94657, 7.63471, 9.17941, 11.2025, 11.657, 13.7707, 8.17055, 5.19741, 4.48588, 7.45336, 13.3019, 11.492, 8.797, 9.33819, 8.74779, 7.79451, 7.88026, 9.87121, 7.76963, 8.80904, 9.08929, 10.4111, 7.15685, 8.57025, 6.96871, 5.34922, 3.72604, 1.14649, 3.89553, 9.09768, 12.9699, 18.5229, 22.5964)
(7.51279, 8.95236, 13.1277, 16.1177, 19.491, 13.0831, 5.06762, 2.03254, 1.75711, 5.086, 7.77209, 8.60005, 7.97379, 6.85254, 11.5366, 8.40608, 8.24795, 10.9367, 10.8364, 6.98396, 9.38842, 10.2376, 1.91747, 2.00604, 2.87739, 3.61132, 2.45742, 0.918583, 3.99894, 8.3993, 13.4804, 20.7598, 39.5733)
(7.73349, 6.90582, 8.26577, 10.7406, 12.8645, 13.5673, 8.25002, 5.54752, 5.07329, 7.80007, 13.2515, 10.3176, 9.14242, 9.64806, 9.12022, 7.74643, 8.15546, 9.51653, 8.39207, 8.4045, 8.66259, 10.8941, 7.75303, 8.59348, 6.97149, 5.13236, 3.58446, 1.08559, 3.97025, 9.10089, 13.8953, 17.5537, 22.3595)
(7.34121, 6.41242, 7.53796, 10.8558, 13.0889, 15.1398, 8.84272, 6.0692, 4.38201, 7.21442, 13.1156, 10.6928, 9.13729, 8.75, 8.56468, 8.31728, 8.84503, 9.67506, 7.99773, 8.3207, 9.20467, 10.4948, 5.70634, 7.71559, 7.69807, 5.48262, 4.41468, 1.28723, 4.15889, 9.57741, 14.9016, 18.1042, 20.9534)
(7.16696, 8.60583, 12.9651, 18.1631, 17.482, 12.1055, 5.85342, 1.68293, 2.44588, 5.12942, 8.4, 9.19964, 12.1176, 10.0373, 8.58679, 7.00389, 8.22003, 10.5293, 8.46517, 7.3257, 9.78454, 8.73004, 3.11377, 1.87667, 2.91248, 3.46143, 2.0351, 0.787937, 3.90969, 9.27531, 17.4166, 22.5393, 32.6717)
(7.28412, 8.39671, 14.2485, 17.7773, 17.6001, 11.7421, 6.28096, 1.99719, 1.99356, 4.26936, 8.41015, 10.4296, 11.2981, 10.3687, 7.32739, 8.31695, 8.3285, 10.4236, 7.61937, 8.06273, 9.62391, 8.2012, 3.6501, 2.53029, 2.23486, 3.56028, 2.02021, 0.587668, 3.71735, 9.23237, 16.3364, 22.53, 33.6005)
(8.60442, 8.86364, 11.3974, 11.23, 15.943, 13.518, 6.07492, 3.59837, 3.49663, 5.76482, 11.5087, 11.0665, 10.0171, 8.66018, 7.10884, 7.90666, 6.81362, 8.88029, 7.7273, 10.3629, 10.8, 10.6567, 3.56292, 4.92916, 3.99795, 3.6239, 2.96667, 1.04667, 5.01676, 10.2424, 15.7952, 20.6101, 28.2083)
(6.93546, 9.4473, 15.258, 18.2554, 16.1571, 8.95801, 4.59263, 1.95593, 2.61405, 6.56237, 9.26373, 9.3601, 9.83216, 9.8951, 7.67563, 9.74886, 8.49347, 9.49371, 8.84496, 7.32671, 9.06843, 10.2608, 5.20875, 2.61417, 2.47058, 2.53264, 1.70358, 0.430454, 2.88905, 9.97086, 16.5464, 21.9859, 33.6477)
(7.50599, 9.29215, 12.1203, 11.9994, 15.6792, 13.8091, 5.38717, 3.28023, 3.99884, 6.19515, 10.7324, 10.6245, 9.27032, 9.72874, 8.89479, 7.62477, 7.00373, 9.42477, 8.37102, 9.01582, 9.25296, 10.7886, 4.09936, 4.0298, 4.02192, 3.58713, 2.89544, 1.00241, 5.73394, 10.4506, 15.6637, 19.7823, 28.7334)
(7.617, 7.07366, 7.08946, 9.65131, 13.893, 15.0596, 7.83087, 4.06427, 4.53812, 9.10175, 14.0809, 9.76448, 8.37704, 9.3084, 9.2017, 8.04093, 9.19008, 9.50707, 9.10411, 8.68725, 7.89747, 10.9215, 6.18672, 6.49536, 6.15613, 5.14759, 3.74242, 1.14518, 4.79838, 10.1152, 15.2786, 18.9668, 21.9676)
(7.95887, 8.84374, 11.3363, 12.3931, 14.0305, 13.9776, 6.8044, 3.95397, 3.72617, 6.12288, 10.8525, 11.1127, 10.068, 9.29937, 7.51257, 8.0222, 7.34646, 8.95387, 7.13848, 8.82089, 10.6166, 11.1089, 3.45749, 5.15425, 5.31802, 4.38234, 3.45345, 0.893026, 4.97957, 10.6498, 14.8007, 19.5276, 27.3837)
(6.87199, 7.8611, 11.4663, 21.3214, 19.4075, 13.8667, 5.95723, 1.9281, 1.3094, 3.63018, 6.38004, 8.18101, 11.7912, 10.198, 7.23391, 9.87377, 9.69342, 10.747, 7.68173, 7.48816, 9.49985, 7.61199, 1.5393, 1.95872, 2.68328, 3.25873, 1.80935, 0.799215, 2.94976, 9.05515, 17.9539, 24.0272, 33.9654)
(6.48434, 9.98945, 11.4975, 10.9079, 17.4102, 15.7904, 7.34527, 2.99587, 3.04318, 4.57719, 9.95879, 11.6298, 8.08035, 8.40962, 8.28183, 7.59305, 7.87525, 9.54384, 6.85927, 8.85764, 10.3353, 12.534, 2.40412, 4.63947, 4.62069, 4.99732, 3.30091, 1.04097, 4.14521, 11.1788, 16.1873, 20.9245, 26.5607)
(7.05998, 8.71894, 10.7036, 12.0546, 15.7397, 17.0118, 7.57336, 3.10094, 3.39935, 4.72278, 9.915, 12.2821, 9.31487, 8.78424, 7.70709, 7.83577, 7.58347, 9.08967, 7.30003, 9.66596, 9.73941, 10.6974, 2.70486, 4.42212, 6.19174, 4.99449, 4.26303, 0.910859, 4.93543, 11.0013, 13.5228, 19.3935, 27.6599)
(7.10911, 6.93626, 7.0114, 9.70196, 13.2203, 16.072, 8.13136, 3.69211, 3.95, 9.10939, 15.0661, 9.11656, 8.25652, 9.18101, 8.94674, 9.03702, 10.1429, 10.1415, 9.24159, 8.46309, 7.57482, 9.89827, 6.17727, 6.88581, 5.97376, 5.36447, 3.44772, 1.15095, 4.15665, 9.28905, 14.3416, 19.1635, 24.0492)
(5.86619, 8.35163, 10.9761, 12.5429, 17.9595, 16.4732, 7.28145, 3.27913, 3.40671, 4.98065, 8.88256, 11.4776, 8.65457, 8.99502, 9.23923, 6.69101, 7.8452, 9.32904, 7.46286, 8.56614, 8.40728, 13.332, 2.35385, 4.50597, 5.04904, 5.31185, 4.53414, 1.17502, 4.37145, 12.149, 16.6251, 19.4807, 24.4438)
(7.17562, 8.15982, 11.6489, 14.4347, 17.1118, 15.0984, 6.33764, 3.29386, 2.66563, 4.98836, 9.08515, 10.8334, 9.39684, 8.9041, 7.55833, 8.66464, 8.059, 9.21289, 6.56342, 9.24761, 10.5825, 10.9773, 2.70381, 3.80547, 4.29188, 3.76242, 3.38988, 0.976027, 4.83033, 11.4768, 15.8948, 21.2764, 27.5922)
(8.59805, 9.20979, 12.1815, 13.1961, 15.9711, 13.122, 5.55577, 2.53318, 3.31246, 5.92609, 10.394, 9.80535, 9.39738, 10.0475, 8.25502, 7.5157, 7.82079, 10.2655, 8.23446, 8.90202, 9.71698, 10.0393, 3.10384, 3.78658, 3.68511, 3.65816, 2.74575, 0.949039, 4.95101, 10.8773, 15.9588, 20.369, 29.9154)
(6.05082, 6.83171, 9.32837, 13.308, 17.8035, 17.4521, 8.20525, 3.69172, 3.9155, 4.48327, 8.92979, 10.2588, 9.09472, 9.52726, 8.74562, 6.99429, 7.61696, 9.28051, 7.66396, 9.44943, 9.31224, 12.0562, 3.15606, 4.3474, 6.17238, 5.32863, 4.65859, 1.11641, 4.64433, 11.035, 14.8987, 18.5212, 26.1213)
