(0.614753, 0.641359, 17.1923, 1.33574, 6.51099, 6.28221, 11.264, 0.271215, 11.0803, 33.0469, 11.7602, 17.1356, 11.6678, 0.708157, 5.84096, 11.5378, 0.611549, 5.93406, 16.8114, 5.8943, 0.926457, 22.9319, 43.6961, 5.75132, 0.414311, 10.9665, 0.237113, 0.030783, 0.206748, 22.4138, 12.047, 1.84242, 2.39387)
(10.746, 13.2125, 7.83891, 8.14075, 10.8873, 10.8506, 8.20374, 6.57856, 8.82807, 4.68216, 10.0315, 7.5536, 18.83, 3.03881, 3.8766, 3.4576, 8.52962, 6.50778, 8.84717, 9.07836, 12.4033, 17.8771, 10.0959, 5.5405, 5.65852, 2.79234, 2.76161, 0.23936, 6.9764, 5.48651, 9.8351, 18.7013, 31.9124)
(17.4438, 10.0416, 12.2019, 12.5147, 10.9304, 15.3391, 6.66993, 1.08757, 1.34907, 4.36473, 8.05719, 15.5857, 5.77626, 6.78961, 1.50409, 1.34672, 7.01866, 6.76688, 9.36164, 24.2806, 15.1298, 6.44006, 2.19454, 3.88042, 6.1554, 0.77089, 0.792946, 0.171065, 1.33588, 7.12336, 15.8284, 17.3192, 44.4279)
(11.0212, 8.47005, 16.2349, 7.74028, 17.4882, 8.35771, 5.93508, 3.30245, 10.2468, 6.8653, 4.33801, 10.5875, 9.0207, 13.0007, 2.23005, 3.66199, 8.65657, 3.05872, 9.96609, 8.42091, 12.1155, 19.2813, 5.23548, 4.39361, 3.95922, 1.15751, 0.820669, 0.238077, 3.26588, 7.13599, 17.4656, 18.7921, 37.5358)
(6.91039, 10.5304, 16.7331, 12.5273, 8.31116, 22.7605, 5.7691, 2.23377, 1.70303, 6.51072, 6.0106, 9.87453, 9.75382, 16.5069, 5.70117, 4.13784, 7.55578, 12.2384, 12.9573, 6.39492, 7.32406, 7.55529, 5.95583, 8.76963, 8.66357, 1.667, 1.15612, 0.223746, 3.24661, 8.11558, 8.05852, 14.1828, 39.9606)
(0.563802, 0.654406, 6.59888, 16.157, 11.4299, 6.18207, 5.74233, 5.1357, 5.49815, 21.1817, 20.8561, 11.4678, 6.07411, 5.75053, 0.858066, 15.8379, 5.55045, 0.774963, 10.9172, 0.74824, 10.7489, 31.2718, 21.3241, 10.2519, 10.1403, 0.487149, 5.11821, 0.0249259, 0.218659, 21.1597, 11.571, 16.8434, 2.86067)
(7.00938, 10.1235, 15.4031, 13.6216, 12.2421, 13.4341, 5.70789, 2.43889, 3.09699, 6.78261, 10.1399, 10.5689, 10.8395, 10.2509, 7.40611, 8.18884, 6.65611, 8.36452, 7.27008, 7.16374, 9.65298, 13.6382, 3.09076, 2.52679, 3.43818, 3.60482, 2.48274, 0.903, 3.27632, 8.19402, 15.4651, 21.6921, 35.3262)
(6.08301, 8.30805, 7.5342, 19.0393, 34.6147, 12.5266, 5.12623, 0.592615, 0.496951, 3.54547, 2.13288, 2.23124, 3.17586, 6.2708, 17.0003, 10.45, 10.8432, 16.6287, 13.6135, 2.21817, 6.66584, 10.9023, 0.401795, 0.585955, 3.12228, 2.85035, 0.920008, 0.205035, 1.12242, 4.47028, 15.4884, 18.3181, 52.5154)
(4.9931, 5.6962, 17.6064, 11.3967, 22.8307, 15.5566, 4.20546, 3.21281, 5.92553, 5.10389, 3.47246, 18.2191, 6.11734, 10.8962, 12.529, 5.93633, 5.42681, 5.76755, 5.59784, 7.48121, 10.6665, 11.362, 2.15234, 1.05943, 0.961476, 0.945809, 0.635593, 0.149063, 3.45287, 10.9402, 20.7033, 25.0053, 33.9946)
(11.7319, 10.2829, 7.28158, 9.95646, 15.8594, 11.7548, 5.52381, 2.3312, 3.72821, 7.79989, 13.7498, 13.0395, 10.9647, 8.17765, 6.97237, 5.13751, 6.61578, 7.23241, 7.52355, 8.02037, 11.3435, 14.9726, 8.31176, 4.76813, 3.84727, 2.04828, 3.07494, 0.580354, 4.17017, 11.0342, 16.6111, 19.8784, 25.6754)
(7.06147, 7.925, 12.0017, 21.0596, 21.5153, 9.58529, 1.69874, 0.856264, 2.10402, 3.19817, 12.9944, 12.1829, 8.13297, 9.09422, 6.22031, 6.41293, 8.35213, 10.146, 11.9119, 13.7572, 5.80521, 7.98427, 3.27272, 0.763354, 0.912772, 0.940983, 1.81182, 0.325892, 2.44657, 12.1331, 23.4855, 23.4631, 30.4442)
(7.16047, 10.6926, 18.9234, 17.5873, 16.4943, 6.86916, 3.60396, 3.01609, 1.92186, 3.34538, 10.3855, 8.55407, 7.82686, 9.24755, 8.27446, 9.88508, 9.00374, 13.2824, 9.47233, 8.90608, 9.15207, 6.39536, 5.15272, 4.03632, 2.74503, 1.94088, 0.764681, 0.200801, 2.82391, 6.74224, 15.3234, 24.3268, 35.9432)
(11.1616, 7.89664, 8.183, 11.1336, 12.2113, 15.0733, 7.1269, 3.58772, 3.08767, 8.01693, 12.5213, 14.235, 10.1909, 8.26448, 8.80695, 5.26968, 6.62397, 7.22763, 7.49182, 6.75282, 10.959, 14.1777, 4.33376, 4.73735, 5.27388, 3.76314, 4.4639, 1.40769, 5.18353, 9.72737, 14.0398, 18.9201, 28.1495)
(9.03698, 8.87735, 11.2769, 12.2434, 11.8001, 14.0024, 5.88138, 4.74846, 3.61278, 7.24758, 11.2727, 12.5435, 10.1654, 8.66877, 8.80518, 5.7392, 5.97779, 7.53541, 7.41766, 7.87779, 11.15, 14.1193, 3.53591, 3.95426, 4.38525, 3.8614, 4.1469, 1.11801, 6.24283, 7.21037, 14.5328, 19.2227, 31.7896)
(8.71059, 9.68556, 12.9385, 14.2094, 13.9568, 13.0525, 5.74745, 3.26063, 2.64626, 6.07556, 9.71677, 10.895, 9.02112, 7.37699, 10.0627, 8.01917, 6.36479, 8.71507, 8.864, 7.48072, 10.6881, 12.5123, 4.30087, 3.21426, 3.60164, 3.82706, 3.03873, 1.35307, 4.77769, 8.7571, 13.6421, 20.6368, 32.8506)
(10.423, 7.66493, 10.3688, 17.9453, 23.0911, 8.33635, 2.70352, 2.08596, 3.23053, 6.74595, 7.40449, 11.7663, 12.6991, 9.60108, 8.15024, 5.05241, 5.22492, 5.13295, 9.94153, 10.7063, 12.4168, 9.3084, 9.27674, 2.30641, 2.01218, 1.41497, 1.02977, 0.205441, 2.59939, 7.30107, 18.5749, 26.2862, 28.9929)
(9.57363, 8.6966, 10.4994, 10.5681, 10.8821, 14.9912, 7.67698, 3.67222, 3.3838, 8.69227, 11.3637, 13.4538, 11.2921, 9.9648, 7.87753, 6.4165, 6.95138, 7.02432, 6.8347, 7.23836, 9.39409, 13.5524, 5.67799, 4.30768, 3.69376, 4.08402, 3.53453, 1.15741, 4.50798, 9.01898, 14.4649, 20.9334, 28.6194)
(7.41734, 10.8025, 14.7753, 15.6664, 18.0475, 10.6694, 3.65113, 2.33729, 3.12489, 5.49471, 8.0135, 9.73186, 9.68022, 10.2918, 8.85324, 8.2742, 7.991, 9.43485, 9.58754, 8.48808, 9.08335, 8.58391, 2.65061, 2.28781, 2.52543, 2.06924, 1.67037, 0.879422, 4.76051, 11.3013, 16.3759, 21.7109, 33.7685)
(11.467, 13.7099, 15.8652, 17.1859, 12.2822, 9.84043, 3.8999, 1.23771, 1.18246, 3.39966, 9.92981, 6.27039, 9.96371, 13.2357, 8.243, 13.0618, 5.41864, 12.9935, 7.01663, 6.18178, 7.90759, 9.70726, 2.93912, 2.91054, 2.59681, 2.81618, 1.26542, 0.180106, 1.84304, 7.03072, 19.4245, 17.4166, 41.5769)
(9.11189, 10.5887, 10.6815, 13.6583, 16.5361, 6.21952, 8.89734, 1.6169, 0.177491, 4.60949, 17.9027, 1.87237, 10.4828, 10.5574, 9.08209, 9.08018, 6.19425, 10.6219, 10.5223, 16.269, 4.80253, 10.5153, 4.69262, 14.6812, 4.55351, 1.64116, 1.53398, 0.0219085, 3.04299, 10.4097, 15.1946, 21.1526, 23.0757)
(9.55849, 5.95616, 5.28127, 7.68008, 15.1921, 16.56, 6.70189, 2.78461, 7.74877, 8.38186, 14.1547, 10.3765, 15.1495, 9.65076, 11.4143, 7.94014, 5.02248, 6.74895, 4.20077, 6.19063, 9.0705, 14.2354, 7.27041, 3.4373, 5.76379, 4.35883, 2.83106, 3.40703, 4.61737, 10.4015, 14.3756, 21.8887, 21.6483)
(6.98066, 12.6012, 19.7369, 24.063, 14.497, 6.63951, 2.26462, 1.23273, 1.36122, 2.04057, 8.5825, 6.50953, 6.94638, 8.3363, 6.08168, 17.6208, 8.00168, 15.4884, 10.6894, 6.59865, 9.28654, 4.44068, 4.39542, 2.68329, 1.68338, 1.78761, 1.03714, 0.362883, 2.28745, 5.82639, 15.0712, 24.0347, 40.8305)
(6.87248, 6.67475, 13.4565, 13.8436, 17.0074, 14.1403, 5.78991, 5.15325, 2.69089, 3.01666, 11.3543, 9.65977, 9.9331, 9.55769, 8.31506, 7.8677, 6.68081, 13.0512, 8.87367, 8.13343, 12.0966, 5.83099, 4.73467, 6.08837, 3.24278, 3.95351, 1.58415, 0.116477, 2.13599, 10.4496, 13.1232, 15.4595, 39.1117)
(8.44051, 10.0571, 11.2587, 13.5996, 12.8178, 11.6389, 6.24295, 2.30195, 3.10924, 5.69711, 14.8361, 6.69929, 7.88808, 9.39535, 7.45946, 8.75454, 10.1782, 10.2138, 9.4734, 10.4965, 9.74013, 9.70131, 5.2295, 5.15965, 5.17684, 4.72849, 2.08092, 0.421517, 3.90168, 5.70824, 14.1902, 18.5101, 34.8929)
(8.48222, 4.90163, 3.43703, 10.4242, 16.0007, 14.047, 9.50114, 3.9105, 5.56543, 13.0749, 10.6553, 7.42778, 10.2587, 13.3917, 8.33762, 9.33203, 6.48577, 4.49842, 4.67639, 8.04975, 16.8232, 10.7185, 4.68406, 2.50651, 4.073, 3.93928, 4.00737, 0.128334, 4.20434, 16.7475, 17.7562, 23.4842, 18.4692)
(10.1868, 11.2942, 13.7773, 13.3203, 10.1116, 8.39622, 6.86863, 4.72008, 3.85774, 6.04213, 11.4248, 11.7071, 8.96615, 9.41641, 9.23082, 6.88185, 5.50568, 9.21833, 7.37692, 9.79413, 10.1833, 11.7193, 10.0109, 9.64397, 6.43053, 7.02331, 2.8628, 0.795831, 2.19959, 6.69135, 13.6791, 15.6222, 25.0404)
(9.61615, 7.17484, 8.45793, 9.94713, 12.5363, 11.0099, 8.20635, 11.6176, 4.76008, 8.38367, 8.29007, 15.8779, 6.51798, 9.50231, 6.25299, 6.52105, 8.03763, 6.70323, 6.76601, 9.23057, 8.87565, 15.7146, 10.682, 9.18721, 7.19674, 3.82372, 2.86681, 0.892183, 2.36771, 8.26145, 12.2119, 14.8458, 27.6645)
(12.0712, 6.11016, 3.14099, 6.1314, 9.20516, 22.5126, 13.4737, 1.63839, 6.0159, 7.60026, 12.1002, 9.20131, 10.5919, 13.5151, 6.10448, 7.56029, 10.5193, 7.55211, 11.9879, 6.09806, 6.15068, 10.7188, 3.12645, 1.64456, 4.59461, 10.4614, 4.52021, 2.98049, 6.00884, 15.0307, 15.1248, 16.7032, 19.8047)
(11.9917, 7.3171, 7.04894, 8.67636, 12.4079, 16.9144, 7.46095, 5.02252, 3.74635, 7.76227, 11.6515, 12.1272, 11.7193, 8.77399, 7.5817, 7.82119, 7.36761, 6.94993, 7.51486, 6.97842, 9.51804, 13.6477, 5.18243, 5.53293, 4.80681, 6.30655, 4.09267, 1.34085, 5.50504, 12.2818, 13.6305, 17.7876, 23.5328)
(0.0486479, 0.0724365, 0.167624, 0.2944, 25.0226, 49.4753, 24.7544, 0.0151171, 0.0302343, 0.0540229, 0.0651814, 24.7152, 24.6972, 0.0788822, 24.6687, 0.180166, 0.12143, 0.160395, 0.220138, 24.8305, 0.137618, 0.18982, 0.0219676, 0.0389057, 0.06914, 0.0370847, 0, 0, 0, 0.0389057, 0.143369, 25.0041, 74.6465)
(6.94234, 5.26175, 12.1625, 13.1289, 15.1406, 14.8733, 5.95202, 4.21545, 5.25047, 7.09044, 9.98219, 16.0061, 5.17844, 9.47705, 10.4943, 5.34714, 4.95971, 8.1578, 6.01854, 10.9595, 9.57799, 13.8235, 3.86718, 2.94005, 2.53022, 5.3362, 1.17736, 0.266306, 4.52706, 3.74002, 17.0679, 26.2687, 32.279)
(9.38479, 4.1908, 5.59136, 9.60438, 12.4013, 20.9168, 3.95249, 2.0089, 1.85691, 12.7535, 17.3388, 6.99865, 9.06268, 10.3712, 11.6354, 9.29157, 8.99482, 6.6998, 6.2364, 8.10782, 11.6406, 10.961, 4.922, 2.49058, 4.82487, 8.72735, 5.50899, 1.37816, 5.762, 16.3453, 12.7558, 13.4113, 23.8736)
(4.7794, 11.5536, 15.2235, 22.2895, 14.5715, 12.1134, 6.92976, 2.06667, 2.20114, 4.3048, 3.96675, 4.20159, 10.958, 8.45358, 9.56743, 10.934, 10.8256, 12.6971, 7.92224, 6.52758, 8.2407, 9.67225, 0.880706, 3.66203, 2.26885, 5.21559, 2.11687, 1.64168, 4.19044, 5.80471, 14.6926, 19.8073, 39.7193)
(10.1674, 10.139, 11.5629, 11.9527, 13.8945, 10.0232, 6.34353, 4.16146, 3.37672, 5.51898, 12.8596, 9.57739, 8.10456, 11.3908, 8.19054, 9.15717, 7.87107, 8.45804, 8.07768, 9.16262, 9.92059, 10.0895, 6.43243, 6.70325, 5.76465, 4.37217, 2.58888, 0.667452, 3.26926, 6.57411, 13.8591, 17.5886, 32.1801)
(9.32068, 9.28509, 9.70572, 8.61291, 14.1194, 14.7003, 6.79944, 4.35136, 4.35898, 8.16596, 10.5802, 11.5548, 8.86012, 12.0596, 8.46399, 7.3918, 7.75085, 6.37376, 7.93118, 6.56379, 10.633, 12.4171, 6.94779, 6.58611, 4.6573, 4.11005, 4.28932, 0.604819, 4.34295, 8.2009, 14.9624, 17.1003, 28.198)
(8.86836, 9.90943, 10.5384, 8.848, 10.8087, 11.4731, 8.96261, 4.6723, 5.45031, 7.73959, 12.7292, 10.7963, 9.89433, 8.2906, 8.89547, 7.8856, 6.38813, 7.42663, 8.39131, 10.0181, 9.05972, 12.9538, 4.67536, 8.31931, 6.27603, 4.70126, 2.61688, 0.839849, 4.18805, 7.52323, 12.5005, 17.5895, 30.77)
(8.98953, 13.85, 11.1475, 7.60734, 5.93706, 10.6105, 8.3948, 6.09898, 8.0376, 8.62424, 10.7025, 12.443, 9.46578, 10.4721, 6.74742, 5.51858, 4.48663, 7.75669, 10.0809, 5.88416, 14.7052, 12.4396, 7.19019, 8.03286, 8.89695, 5.29172, 2.48744, 0.258067, 4.13787, 7.15108, 12.9097, 13.1652, 30.4789)
(7.40495, 8.16859, 10.2929, 11.0896, 17.2948, 17.4312, 4.74316, 2.42249, 3.0047, 7.18098, 10.9667, 9.61972, 9.23945, 9.82346, 9.17007, 7.41221, 8.28743, 9.41049, 8.91363, 8.1932, 9.64458, 10.2857, 3.7123, 3.4271, 3.68889, 4.53175, 3.57568, 1.48322, 6.4832, 11.8736, 18.0601, 19.0588, 24.1054)
(6.28205, 5.92414, 8.39733, 15.1853, 13.3801, 16.1631, 7.01738, 7.62869, 4.23919, 5.91953, 9.86316, 17.8605, 7.53428, 6.17236, 7.13699, 3.43785, 6.78275, 9.09927, 8.10759, 11.472, 12.0507, 10.3457, 7.77523, 8.99269, 5.60116, 5.38846, 0.765837, 0.200401, 0.847691, 11.808, 15.8129, 19.0987, 23.709)
(7.9194, 4.83803, 13.9583, 9.0592, 12.2486, 15.4262, 8.72597, 4.50763, 7.44501, 5.76647, 10.1052, 8.22614, 12.9538, 8.91047, 7.87307, 6.65733, 4.65727, 6.758, 5.83478, 7.85012, 15.0079, 15.2712, 3.53144, 6.66927, 9.55084, 5.47703, 5.35247, 1.10448, 4.42333, 8.92834, 8.38491, 21.8301, 24.7478)
(7.37496, 6.37915, 8.00159, 18.2507, 14.3109, 21.7956, 8.72906, 4.29696, 1.8917, 3.41001, 5.55934, 14.4623, 10.2744, 7.90677, 7.77925, 6.18499, 10.1924, 6.61275, 3.88216, 9.12895, 6.47491, 17.1011, 1.75744, 1.99646, 4.66446, 5.88052, 10.7685, 0.239768, 2.18006, 13.3437, 23.1133, 17.0589, 18.9969)
(10.8586, 10.6044, 9.95227, 11.9923, 12.6551, 8.97243, 8.01263, 4.79138, 3.64022, 8.19842, 10.3222, 12.075, 8.69003, 7.46749, 7.58075, 10.4456, 8.51861, 8.94274, 6.59123, 9.93281, 7.34561, 12.4101, 8.39997, 9.52187, 6.66775, 6.66333, 2.30819, 0.767612, 3.93518, 6.20817, 14.9261, 17.5004, 23.1014)
(8.4922, 7.41584, 10.0853, 13.1164, 11.154, 18.0292, 8.11104, 2.05954, 0.745979, 3.93528, 16.8553, 4.8876, 8.55484, 14.9232, 15.6997, 7.50696, 9.57927, 7.64493, 9.42382, 7.19855, 10.9022, 3.67887, 2.84141, 12.8188, 1.40887, 4.78243, 0.593213, 0.118927, 3.54815, 7.12271, 16.3738, 18.3174, 32.0744)
(9.81047, 9.51917, 9.28699, 12.5615, 11.6177, 7.70494, 7.50886, 3.81542, 5.06128, 9.26223, 13.8514, 9.81245, 7.75556, 8.58209, 7.27377, 9.09952, 8.22895, 10.5647, 6.87452, 10.9503, 7.72342, 13.1348, 11.6795, 10.5532, 6.61058, 5.16533, 2.6407, 0.70401, 3.54699, 7.47067, 14.2629, 18.4221, 18.9441)
(13.5508, 12.9464, 5.45941, 5.82903, 12.7203, 13.8751, 10.0106, 3.20423, 3.20281, 7.86048, 11.3409, 11.9057, 9.17699, 10.0412, 7.72172, 7.48645, 7.42961, 4.35845, 8.65201, 7.76923, 12.4523, 13.0064, 11.0474, 8.95202, 12.1768, 5.2449, 6.0276, 0.113159, 6.00275, 9.08132, 12.959, 18.0678, 10.3273)
(10.1324, 10.5637, 9.1025, 10.132, 11.9664, 10.2293, 6.67572, 5.62198, 5.34757, 8.39485, 11.8336, 10.6836, 6.77662, 9.22222, 8.98343, 8.45645, 8.59298, 8.59743, 8.67626, 9.93529, 9.44983, 10.6259, 11.8117, 10.1032, 6.92336, 4.65341, 2.19331, 0.758574, 4.17887, 7.09381, 13.6144, 16.078, 22.5914)
(12.4375, 8.35941, 5.70514, 8.09436, 9.90615, 11.1452, 6.04525, 9.14637, 6.35383, 8.95044, 13.8564, 12.7889, 8.59877, 10.4831, 7.93303, 7.04585, 8.39933, 7.99504, 7.62677, 7.66869, 10.1979, 11.2626, 10.1752, 10.2754, 9.50228, 5.22594, 2.50895, 0.732259, 4.23703, 7.03832, 13.5124, 15.6451, 21.1472)
(9.63709, 5.23408, 6.8803, 9.22955, 12.72, 13.3945, 11.2806, 7.5523, 6.67421, 7.67108, 9.72623, 13.3947, 9.1245, 7.87225, 8.33851, 7.03905, 4.8601, 8.6986, 6.05191, 8.85655, 9.79178, 15.972, 6.2497, 11.2493, 10.2229, 7.10164, 3.68374, 0.398107, 3.84831, 10.2683, 15.6699, 18.2874, 13.0208)
(9.85494, 11.6429, 7.98454, 10.3964, 11.6589, 8.98328, 9.36425, 6.14943, 4.94326, 7.68091, 11.3412, 13.6153, 6.72211, 7.20397, 8.67274, 8.39254, 9.96464, 8.47311, 7.32177, 7.87021, 12.2882, 9.47547, 7.31011, 10.8752, 7.41535, 6.18721, 1.14799, 0.700925, 5.14343, 7.61653, 12.9339, 15.3548, 25.3146)
(11.113, 10.6856, 7.07466, 10.6468, 12.5752, 10.0624, 7.43989, 7.33676, 4.80754, 7.57242, 10.6857, 11.8491, 7.99802, 10.0734, 8.9727, 8.88194, 8.54803, 7.4967, 7.48007, 9.08467, 9.12262, 10.4927, 6.76174, 8.31118, 9.23111, 5.32768, 2.25565, 0.744385, 2.18208, 8.84699, 14.0529, 14.0274, 28.259)
(8.4478, 8.56853, 10.7361, 9.80614, 18.2702, 12.0544, 7.88969, 3.2963, 4.22582, 9.37493, 7.33009, 13.1295, 7.79861, 8.50642, 7.27938, 7.67789, 7.02654, 7.05483, 6.98326, 9.30711, 12.3141, 12.9223, 7.38583, 6.17247, 5.24102, 3.83363, 2.43888, 0.383096, 2.94925, 10.7482, 15.2164, 21.5792, 24.0521)
(0.571149, 0.501352, 12.5753, 1.13299, 0.962145, 6.77601, 12.1435, 0.0729173, 11.8285, 35.4369, 17.9993, 12.3952, 12.5369, 0.671477, 6.33633, 6.30018, 0.541714, 6.42975, 18.0212, 6.30547, 6.45077, 24.0109, 46.9132, 5.96887, 6.06803, 11.9659, 0.167914, 0.0471749, 0.218065, 12.2738, 12.7922, 1.47473, 2.11011)
(12.4942, 0.0832978, 6.28869, 12.4915, 24.87, 6.26708, 18.6173, 0.0643035, 0.0555532, 6.27651, 12.4916, 18.7033, 18.6662, 0.123753, 6.2586, 12.424, 6.26748, 12.4642, 6.25836, 6.28137, 6.26679, 6.28597, 6.26153, 18.6489, 0.0694042, 0.0463396, 0.0218979, 0.00786537, 0.0214077, 0.071391, 12.5065, 12.5584, 49.7863)
(8.17728, 6.25744, 9.82522, 11.003, 19.4102, 11.0625, 9.98536, 3.63457, 3.01817, 8.58001, 9.04628, 11.2762, 7.76108, 9.89192, 7.71478, 5.66585, 7.62093, 8.23062, 8.48158, 9.35202, 10.6131, 13.392, 6.66179, 5.94107, 6.24107, 2.73199, 1.9033, 0.26884, 3.54286, 11.7821, 16.0859, 20.3245, 24.5167)
(11.0239, 11.2665, 10.3396, 9.40595, 12.5156, 9.44439, 7.44858, 5.18094, 4.47467, 7.30727, 11.5926, 11.3475, 8.88386, 8.8456, 7.99437, 10.9022, 8.41725, 7.49061, 7.8797, 9.11045, 7.85832, 11.2701, 12.2646, 9.71763, 9.1602, 5.9405, 2.93842, 0.547031, 3.74822, 6.11589, 12.3334, 16.2968, 20.9374)
(9.19115, 6.18261, 8.95723, 8.24913, 12.0375, 15.3715, 8.69606, 5.84398, 2.57632, 6.35022, 16.5444, 11.3852, 8.49245, 7.62216, 8.57753, 7.20035, 9.17445, 9.33083, 8.82691, 9.83027, 10.5677, 8.99216, 6.36314, 7.76816, 7.62178, 6.81908, 2.91288, 0.473653, 5.44273, 10.5064, 14.6344, 17.026, 20.4317)
(10.534, 10.4178, 8.64219, 6.94893, 11.5226, 11.3245, 7.37761, 6.52744, 3.61872, 8.48471, 14.6015, 9.68447, 8.16127, 9.66328, 9.64328, 7.64168, 6.27772, 9.04009, 9.22284, 8.03114, 8.08526, 14.549, 7.37717, 7.39214, 7.67822, 5.7541, 3.25541, 0.997744, 5.23761, 9.37141, 12.0921, 16.611, 24.233)
(10.4352, 8.29046, 5.12972, 6.42511, 8.82278, 15.9294, 13.822, 8.15918, 7.72072, 6.91367, 8.35171, 10.4897, 11.7458, 6.54466, 8.52338, 6.73968, 8.83048, 4.87887, 8.59977, 6.56694, 13.974, 13.1067, 10.9681, 11.0589, 13.373, 5.76993, 6.43763, 0.406104, 3.97254, 9.51519, 9.03166, 13.6516, 15.8154)
(6.99683, 6.387, 6.30514, 7.726, 10.0836, 16.238, 9.66784, 8.64492, 4.96108, 10.6839, 12.3057, 10.3269, 9.13227, 8.44838, 9.35862, 7.11724, 8.1172, 9.45366, 10.2213, 7.66688, 8.44609, 11.7114, 7.60104, 7.32274, 10.4233, 10.0611, 5.24505, 0.931345, 3.97937, 11.096, 12.3157, 14.3991, 16.6253)
(10.3216, 10.1988, 10.4211, 11.6263, 13.489, 10.2096, 8.23372, 4.89163, 3.74064, 8.65979, 8.20782, 12.6431, 9.46737, 8.07528, 8.64712, 10.5014, 8.93086, 7.87386, 6.2412, 8.96901, 6.95057, 11.7001, 8.34471, 10.4113, 6.50092, 6.74348, 2.28706, 0.791058, 3.56731, 5.84185, 13.6143, 18.6539, 23.2442)
(9.85169, 10.7706, 10.0443, 9.12215, 15.2433, 10.6109, 7.32481, 5.01415, 4.90515, 7.24597, 9.86705, 10.9696, 8.32522, 8.21895, 7.96741, 11.2626, 9.56584, 6.44844, 9.31819, 8.67189, 6.75551, 12.4963, 13.6049, 9.6479, 8.48283, 4.93621, 2.86201, 0.493451, 3.37996, 6.49601, 11.7574, 16.2729, 22.0664)
(7.16446, 6.02834, 12.6299, 12.8899, 19.4116, 15.17, 5.53875, 4.70282, 3.46846, 3.98655, 9.00924, 10.3212, 10.4836, 9.75983, 8.19131, 8.00693, 7.2463, 11.0906, 7.44281, 7.09018, 14.5446, 5.82256, 3.60194, 7.05942, 4.7496, 4.40135, 2.97274, 0.156626, 2.78108, 10.771, 12.987, 18.8532, 31.6661)
(8.02929, 5.52406, 5.66105, 9.41785, 13.8515, 25.1109, 2.60314, 1.9805, 1.85867, 12.798, 13.1651, 9.66945, 10.4336, 14.3707, 10.3643, 9.26525, 9.15166, 6.50593, 5.00858, 6.62951, 10.3804, 8.2206, 3.62029, 2.61301, 7.45934, 7.42761, 5.54062, 1.43508, 7.03927, 15.2256, 15.1128, 14.6357, 19.8906)
(8.04121, 12.5594, 16.1988, 19.3317, 9.8704, 13.5967, 7.32828, 2.12861, 2.33462, 4.41674, 4.19347, 5.4905, 11.1353, 5.50483, 7.9436, 13.5428, 9.27, 15.7079, 7.91826, 5.22114, 6.87645, 11.3892, 0.839856, 5.40553, 3.92831, 5.34641, 2.19812, 1.6967, 2.72963, 7.13964, 11.34, 18.259, 41.1168)
(7.98777, 9.20444, 10.2981, 10.2327, 15.8041, 15.7815, 6.85895, 3.57695, 4.02626, 5.79324, 10.4359, 11.8148, 9.10752, 10.8772, 8.1897, 7.10405, 7.76488, 8.46305, 8.10951, 8.74191, 9.41178, 10.4155, 5.04731, 5.14722, 4.84439, 4.5868, 2.06575, 1.58001, 4.17813, 8.17536, 14.7908, 20.7872, 28.7971)
(5.34838, 5.44243, 19.5341, 20.3676, 25.7972, 11.4039, 5.47718, 0.255966, 0.34924, 0.609612, 5.4144, 10.3238, 5.85858, 5.48417, 5.55377, 10.3561, 5.60812, 10.409, 1.87721, 23.9384, 10.1797, 10.4112, 0.272943, 0.461865, 0.574662, 0.264099, 0.184247, 0.0575938, 0.322611, 1.06549, 6.08769, 30.0501, 60.6587)
(5.82555, 7.36791, 9.53741, 19.0064, 28.7686, 14.3042, 6.99131, 0.721008, 1.01621, 3.44269, 3.01873, 5.18799, 5.78854, 6.45811, 9.06386, 9.71005, 8.02298, 16.0372, 13.9209, 7.20683, 8.27459, 10.329, 2.36032, 2.77108, 3.23199, 2.37084, 0.817627, 0.190012, 1.24557, 5.03002, 15.566, 18.1182, 48.2984)
(9.98683, 12.0053, 7.96434, 11.491, 11.2268, 9.4626, 7.61386, 5.60018, 4.07018, 8.15003, 12.4289, 15.0446, 8.01768, 7.07241, 7.34157, 8.33886, 9.70972, 8.90284, 6.88691, 8.089, 11.2083, 9.38812, 7.57353, 8.34759, 6.15169, 6.51594, 1.01918, 0.751919, 5.238, 7.91506, 15.6089, 14.1753, 26.7029)
(12.841, 11.665, 7.01698, 12.3139, 12.681, 9.06752, 5.20815, 5.72494, 4.95182, 6.77436, 11.7553, 11.7426, 9.46886, 9.66992, 7.72852, 8.62842, 8.42149, 8.0487, 7.34077, 9.52362, 9.22683, 10.2002, 6.9336, 7.96191, 7.18503, 5.58889, 4.20756, 0.769321, 2.76326, 9.19283, 15.1504, 14.0494, 26.1978)
(9.25009, 7.99391, 6.92904, 8.70751, 11.6263, 11.4074, 10.8163, 5.68603, 4.96737, 8.33185, 14.2842, 11.2754, 9.67592, 8.88131, 8.17255, 8.56438, 8.9191, 8.85282, 8.2419, 8.24796, 8.4368, 10.7319, 10.374, 9.16865, 8.38771, 7.02521, 3.47272, 0.587677, 4.02873, 7.33873, 14.6564, 16.0838, 18.8763)
(4.82095, 10.3876, 21.9543, 13.6047, 10.6804, 10.3293, 8.01447, 3.63536, 4.50019, 4.81815, 7.2546, 9.90884, 10.1342, 10.5858, 11.2955, 6.5368, 6.20677, 8.49436, 8.37432, 5.95346, 6.3195, 16.1904, 16.0004, 12.5804, 7.99625, 4.76302, 2.02121, 1.09269, 3.82783, 4.95958, 9.67193, 15.5961, 21.4906)
(8.98606, 9.9112, 6.94108, 8.13145, 13.6512, 11.475, 8.42835, 7.67826, 6.65895, 7.68621, 10.4522, 9.38887, 9.14683, 7.70662, 9.22705, 10.0038, 10.0394, 9.79304, 7.20013, 7.52964, 8.73445, 11.2302, 11.8968, 11.5418, 7.80603, 5.33387, 3.17675, 0.749338, 3.36111, 5.96817, 12.7603, 15.9937, 21.4122)
(9.75704, 9.96661, 6.42524, 7.63528, 13.1525, 11.5479, 7.10824, 7.5989, 7.28145, 8.97925, 10.5476, 12.4506, 8.16299, 7.34026, 8.59038, 9.65468, 8.37976, 8.2615, 8.16917, 8.08436, 8.61507, 12.2912, 11.4556, 12.9319, 8.51535, 6.09251, 3.03573, 0.87102, 3.97348, 6.66355, 13.2471, 14.2273, 18.9864)
(10.8211, 5.52158, 4.79315, 10.2169, 10.845, 15.1561, 8.87258, 8.41922, 7.31432, 11.2898, 6.75023, 12.5891, 11.2526, 7.64529, 8.34432, 7.54081, 4.98282, 6.11265, 7.65658, 8.34639, 10.232, 15.2974, 8.49713, 10.4908, 11.8347, 5.42499, 3.534, 0.567619, 5.08183, 11.7213, 17.9935, 13.0277, 11.8265)
(8.73144, 7.28272, 6.559, 8.11506, 9.33878, 15.2124, 10.028, 8.30684, 7.88434, 9.94791, 8.59356, 11.7872, 9.52991, 9.92004, 7.78122, 9.71542, 7.32047, 6.05345, 7.82884, 7.41832, 10.179, 12.4662, 9.40596, 10.9951, 10.0306, 6.99742, 3.97404, 1.14424, 5.02482, 8.88109, 13.2917, 14.8971, 15.3578)
(8.70662, 6.74988, 6.60234, 10.2717, 13.8737, 11.728, 7.09699, 6.43903, 5.35501, 7.92753, 15.2493, 10.6842, 7.31936, 9.39785, 9.34805, 9.04181, 9.80712, 10.7649, 9.49927, 6.44121, 7.62156, 10.0746, 6.50928, 8.28186, 8.74484, 4.72013, 3.06995, 0.720544, 4.36047, 9.34045, 15.5361, 18.5866, 20.1299)
(8.28495, 9.09586, 4.26996, 10.5319, 8.98467, 15.1885, 6.21121, 2.64367, 5.70084, 14.1722, 14.9161, 12.6467, 11.3654, 4.41263, 4.25177, 8.12759, 13.2663, 8.40916, 10.2526, 8.22795, 8.29415, 10.7458, 2.90161, 7.09964, 6.01452, 4.814, 5.60485, 2.18054, 2.65274, 12.5695, 18.2103, 21.5971, 16.3552)
(7.3979, 6.5733, 6.98823, 9.32167, 12.9795, 16.471, 8.58558, 3.56289, 3.87464, 8.89558, 15.3498, 8.82746, 8.46744, 9.37887, 8.43398, 9.33011, 10.6733, 9.96247, 9.23349, 8.61678, 7.13539, 9.94068, 5.90353, 7.04631, 6.17459, 5.30102, 3.95732, 1.00107, 4.10703, 8.97046, 13.8654, 18.1806, 25.4927)
(9.93714, 7.41998, 8.49572, 7.30662, 11.8291, 14.6966, 8.77481, 6.14497, 2.91513, 7.38392, 15.0961, 10.8602, 7.76061, 7.01707, 8.02341, 8.02776, 8.66228, 9.18728, 9.38682, 8.97828, 12.3881, 9.70822, 6.9671, 8.30644, 7.17148, 7.61292, 3.07464, 0.475251, 5.32898, 9.60861, 13.508, 16.9864, 20.9602)
(4.18621, 5.80936, 11.1032, 12.3048, 15.1968, 23.5307, 2.30192, 0.659626, 5.60044, 9.70401, 9.60302, 2.83059, 8.98549, 11.8307, 5.33312, 4.2582, 17.9337, 5.61119, 14.1596, 9.44879, 10.5865, 9.02216, 4.92668, 2.43191, 4.8336, 3.29915, 1.64012, 0.110367, 3.24642, 3.78689, 17.7004, 19.5665, 38.4579)
(11.0135, 6.15265, 8.09739, 10.9558, 12.639, 11.0898, 8.86516, 4.76621, 3.94959, 10.3277, 12.1432, 8.44853, 10.048, 10.4291, 9.73124, 7.80379, 7.31132, 5.32875, 6.21004, 9.34692, 15.0754, 10.2668, 5.79115, 4.39758, 4.262, 2.62758, 4.27896, 1.20138, 4.09389, 12.5911, 14.5748, 21.1811, 25.0005)
(8.87572, 7.83653, 10.1746, 10.4612, 11.9009, 16.3709, 7.93907, 2.77618, 3.91758, 9.80029, 9.94712, 13.2308, 13.3365, 10.4946, 7.5457, 6.24528, 6.7185, 6.98768, 7.29325, 6.16465, 8.88234, 13.1007, 4.61347, 3.7851, 3.91226, 4.19835, 3.91319, 1.40975, 4.87565, 10.0765, 15.1244, 20.994, 27.0974)
(9.86285, 9.74484, 12.9954, 12.1563, 9.9182, 10.878, 9.01137, 3.23563, 3.62301, 5.46159, 13.1129, 10.3672, 9.45975, 10.4784, 7.73572, 7.53112, 6.17687, 10.1499, 7.83361, 8.24157, 10.0165, 12.0093, 5.01657, 5.61866, 3.69007, 4.64901, 3.14067, 0.603035, 4.28347, 7.70226, 12.7417, 18.7889, 33.7656)
(6.59087, 7.36786, 11.3909, 15.2111, 18.1943, 14.4117, 6.76886, 3.16598, 3.78851, 4.85537, 8.25463, 9.74792, 10.3167, 9.48524, 8.94572, 5.75598, 7.65998, 9.57958, 8.44599, 9.5501, 10.7105, 9.80221, 4.06886, 3.65428, 2.96882, 2.95283, 2.20038, 0.88402, 4.32383, 9.40755, 17.9529, 21.6686, 29.9179)
(7.55557, 5.03463, 13.4852, 23.542, 28.014, 7.70414, 1.01137, 2.38018, 2.58522, 5.09279, 3.59485, 9.60585, 15.4783, 9.39433, 11.2003, 4.85194, 5.04471, 4.87046, 11.1109, 13.1611, 11.5749, 3.70716, 6.93033, 0.695756, 0.637159, 0.418062, 0.507199, 0.108845, 0.595516, 7.50159, 24.0651, 24.9207, 33.6197)
(7.25997, 8.67913, 13.5362, 18.8665, 16.0445, 14.2948, 6.04788, 1.56553, 2.21678, 4.34537, 7.14338, 9.06709, 12.3407, 9.3173, 7.35956, 7.87734, 7.94756, 9.96157, 9.05823, 7.11649, 9.95481, 9.99931, 2.05337, 1.63269, 3.71562, 4.34195, 1.99745, 0.699844, 3.96317, 8.31677, 16.9196, 22.6448, 33.7147)
(9.43105, 10.6901, 23.0273, 14.081, 6.04019, 10.7721, 3.53896, 0.99397, 1.15657, 10.8718, 9.39709, 9.99353, 11.5742, 21.0027, 6.39201, 3.38379, 6.16932, 11.0458, 15.165, 4.22931, 6.59317, 4.45119, 4.19574, 6.57982, 5.82592, 0.800992, 0.358027, 0.159033, 0.475262, 6.22755, 7.75362, 20.5201, 47.104)
(6.99586, 8.6882, 9.66773, 9.585, 15.2088, 17.8561, 6.05464, 3.20171, 3.35218, 5.98693, 13.4028, 10.2781, 8.51688, 7.64522, 7.98372, 8.33831, 8.30878, 10.008, 7.65087, 9.67123, 10.482, 11.1168, 3.93885, 4.17294, 5.18599, 4.96504, 4.28731, 1.50871, 5.02436, 11.4294, 16.5689, 19.2122, 23.7064)
(10.4565, 10.5656, 10.0801, 10.5092, 11.1305, 10.8992, 6.81902, 5.66946, 5.39106, 7.9156, 10.5638, 11.22, 6.67087, 10.2484, 7.78729, 8.7044, 8.37184, 8.45067, 9.08141, 10.0597, 9.59314, 9.81223, 12.7958, 8.96022, 6.57477, 4.65927, 1.72876, 1.00132, 4.31911, 6.04185, 13.6727, 16.2393, 24.0069)
(11.9999, 8.55329, 7.02003, 7.60577, 10.0701, 10.9525, 6.94021, 8.50918, 7.04082, 7.72433, 13.584, 13.4317, 9.20582, 9.87583, 7.31328, 7.98015, 7.24868, 7.4764, 7.70358, 7.97065, 9.48337, 12.3105, 10.8318, 10.3457, 8.8642, 5.78997, 2.53628, 0.838939, 4.44143, 6.81811, 13.5448, 15.4276, 20.5612)
(9.65097, 10.5814, 7.0953, 7.82612, 12.0744, 11.4819, 8.69234, 7.91598, 6.87803, 7.92712, 9.87648, 10.2959, 8.97832, 8.56761, 9.44143, 9.89196, 8.99049, 9.12589, 7.91888, 8.106, 9.11168, 9.57186, 12.0977, 10.9729, 8.04686, 6.34878, 2.64518, 0.722575, 3.41153, 6.60866, 12.1898, 15.0363, 21.9197)
(9.56546, 10.1092, 6.5049, 6.9929, 12.6949, 10.4775, 7.96065, 8.83563, 7.72925, 8.67567, 10.454, 13.4379, 8.5756, 7.0971, 7.67879, 10.338, 8.05854, 8.19503, 8.09266, 7.80638, 8.3006, 12.4193, 12.2379, 12.394, 8.9755, 5.30428, 2.67251, 0.742009, 3.57329, 6.76837, 13.7633, 14.4219, 19.1469)
(8.55632, 7.24504, 6.75775, 8.91743, 13.2807, 11.4216, 6.09935, 6.46234, 5.11572, 7.47811, 18.6656, 13.0438, 7.5212, 8.1553, 9.14292, 9.44297, 10.2951, 10.8642, 8.88614, 6.81266, 7.67415, 8.16159, 5.6889, 7.61957, 7.59375, 4.87955, 2.42925, 0.729474, 4.75165, 8.50869, 15.9748, 21.5605, 20.2639)
(10.736, 8.86548, 3.73414, 9.15732, 9.79816, 13.3622, 6.64997, 2.91951, 4.93027, 13.7594, 16.0875, 13.5676, 13.8085, 5.87636, 3.7797, 6.84157, 15.9953, 7.08736, 7.90488, 5.89517, 10.9053, 8.33828, 3.43049, 4.51607, 5.32542, 4.27202, 3.70594, 1.26571, 2.06888, 13.2239, 21.3397, 22.0474, 18.8045)
(8.45267, 7.57942, 6.35327, 7.95069, 16.3916, 21.4709, 6.88251, 2.34688, 2.61499, 7.51512, 12.4419, 8.47442, 8.39156, 10.1864, 6.14407, 8.83329, 9.2697, 7.85494, 9.90913, 10.6013, 11.6571, 8.67809, 2.42962, 4.74256, 4.06516, 8.42592, 3.41115, 1.65936, 6.78111, 11.9241, 17.1388, 16.2871, 23.135)
(13.6797, 8.85598, 3.96086, 6.6787, 17.6083, 9.66701, 6.19706, 5.52545, 9.31643, 4.27271, 14.2378, 15.993, 8.72528, 8.43187, 5.73242, 9.38686, 7.34168, 5.40731, 9.66094, 7.4803, 9.534, 12.3064, 10.2785, 15.7514, 8.18193, 5.76169, 3.99319, 0.983782, 2.65789, 8.93369, 10.7515, 18.4292, 14.2773)
(12.2928, 9.08097, 6.14209, 8.1302, 12.0175, 12.2642, 7.76318, 8.41546, 6.92037, 6.99154, 9.98162, 14.8126, 9.43083, 8.44977, 7.29064, 8.4459, 5.62679, 6.45784, 7.2547, 8.9158, 8.67583, 14.6393, 10.1743, 13.5068, 10.2335, 6.57193, 4.17968, 0.865694, 3.33934, 8.18951, 11.2733, 13.8644, 17.8016)
(7.5998, 7.38158, 6.51311, 11.5731, 12.1486, 12.513, 7.58524, 5.2377, 4.7599, 8.7473, 15.9406, 11.1411, 7.90155, 9.7211, 9.64855, 7.91793, 9.18915, 8.75686, 8.97348, 7.92598, 8.24761, 10.5767, 8.61229, 7.39464, 6.56686, 4.56079, 2.73315, 0.604413, 3.67193, 9.12945, 15.2393, 19.5239, 21.9633)
(10.2924, 11.2619, 10.4894, 11.8043, 10.9936, 8.52638, 6.24872, 3.92627, 3.99495, 8.53352, 13.9286, 10.0705, 8.74685, 9.80806, 7.30837, 8.91864, 8.5451, 9.53663, 6.74686, 10.3392, 7.53229, 12.4475, 12.0144, 11.2904, 7.09027, 5.31445, 2.31867, 0.730036, 4.2352, 7.3699, 12.7678, 16.7694, 20.0994)
(7.26785, 7.96887, 8.95455, 9.79099, 16.2637, 17.3498, 5.94646, 1.53632, 2.67147, 7.03761, 15.2124, 8.85344, 11.0839, 8.29686, 7.57466, 8.05691, 7.65382, 6.40857, 7.42131, 8.6511, 13.4138, 12.5856, 2.71322, 3.83199, 2.46598, 6.25893, 5.31672, 0.620287, 5.01267, 12.768, 18.0449, 18.1746, 24.7928)
(8.66372, 9.11707, 11.8519, 14.7157, 7.37209, 14.9182, 9.33458, 2.2334, 0.936966, 4.06696, 16.7894, 6.54589, 8.59235, 12.7954, 13.6026, 7.49253, 6.02495, 8.80158, 9.82626, 7.40242, 13.7928, 5.1233, 4.08626, 13.3033, 1.4117, 3.64151, 0.620291, 0.125782, 3.62495, 3.35349, 16.4409, 17.5974, 35.7944)
(11.4607, 10.3898, 11.146, 11.2434, 11.0188, 9.39894, 6.59513, 6.09152, 4.33218, 6.27022, 12.0534, 10.2793, 8.61342, 9.8943, 9.00902, 8.25196, 7.89291, 8.85662, 8.63783, 9.32304, 8.91571, 10.3259, 7.6359, 10.6384, 6.53683, 6.3821, 2.83947, 0.793977, 3.75496, 6.40143, 11.8248, 16.5597, 26.6325)
(11.4784, 8.26059, 8.81034, 7.99988, 10.6331, 14.5191, 7.79152, 3.86167, 5.17816, 7.80042, 13.6669, 10.1152, 8.65319, 11.768, 8.34047, 6.91604, 7.68839, 5.45663, 8.13271, 8.63942, 10.7837, 13.5061, 6.32118, 6.89946, 5.3779, 3.83354, 4.55963, 0.602364, 5.06182, 7.81473, 12.6222, 18.657, 28.2502)
(10.6782, 8.64031, 10.6388, 11.9617, 14.2551, 11.9981, 6.73976, 2.56849, 4.4116, 7.05731, 11.0506, 12.1347, 9.88188, 10.3455, 6.98842, 4.88098, 6.80758, 6.783, 8.54271, 8.84795, 11.2673, 13.52, 7.18659, 4.82471, 4.8776, 2.45412, 3.17867, 0.658119, 3.89724, 9.61942, 14.3962, 22.048, 26.8593)
(7.23589, 7.72275, 10.7559, 19.9377, 23.8719, 13.9704, 2.12502, 0.794915, 0.937613, 1.84217, 10.8057, 12.373, 9.71791, 11.8932, 5.22741, 6.3085, 6.73653, 13.1618, 9.02228, 12.8393, 4.7841, 7.93593, 3.28933, 0.786536, 1.0756, 1.14596, 1.78342, 0.462105, 2.67244, 12.5861, 23.2828, 25.4119, 27.5038)
(13.245, 6.18289, 11.4396, 16.3481, 12.4, 23.1723, 6.43647, 0.782726, 0.926675, 4.14207, 4.92412, 16.4185, 4.65662, 13.4722, 1.8872, 1.46537, 10.7161, 6.2008, 8.57573, 21.9069, 11.4007, 3.29998, 1.56541, 7.91976, 5.74222, 0.886188, 0.756818, 0.211608, 1.07622, 6.75025, 16.6385, 25.3149, 33.1382)
(8.91747, 9.41195, 12.2033, 12.7696, 16.0351, 12.6503, 6.3517, 3.08195, 3.13945, 5.57096, 9.86821, 11.0108, 9.2938, 7.20932, 8.36605, 8.23417, 6.35189, 8.64051, 9.39371, 9.01223, 11.0984, 11.3891, 4.04378, 4.05019, 4.23131, 2.82109, 2.00385, 0.897512, 4.05535, 9.33783, 13.5915, 19.077, 35.8906)
(10.2177, 7.54779, 8.09924, 10.04, 14.1598, 10.7452, 6.61986, 8.54818, 5.75264, 8.6619, 9.60767, 14.6051, 8.87772, 9.64147, 6.54428, 5.09536, 7.51117, 7.47731, 6.31753, 9.89995, 9.93404, 14.0961, 8.42401, 9.32328, 7.0663, 4.6336, 2.85511, 0.765916, 2.26386, 7.90368, 13.6806, 17.3397, 25.744)
(12.8782, 6.31702, 4.96511, 7.89995, 9.44115, 14.1258, 9.73185, 3.7649, 7.96054, 8.27012, 14.6454, 12.2419, 9.31365, 12.4118, 6.87317, 5.85984, 8.3687, 6.54962, 8.56289, 8.87925, 8.57154, 12.3676, 5.85851, 4.71732, 5.59254, 5.15842, 3.85653, 1.44735, 3.44152, 11.4942, 16.0273, 16.3279, 26.0784)
(12.6582, 5.70182, 6.956, 6.42863, 10.2563, 10.9141, 10.7878, 7.50168, 6.82981, 7.90519, 14.0605, 15.2994, 9.94304, 8.69308, 8.11569, 7.90351, 5.7311, 7.57295, 4.83168, 7.05353, 10.0624, 14.7936, 5.04684, 12.0084, 10.2865, 5.9097, 3.88874, 0.707778, 4.28719, 9.21861, 15.6357, 18.9038, 14.1068)
(12.4178, 7.05694, 4.46809, 7.13038, 6.59334, 12.2871, 8.46369, 8.31196, 7.91419, 11.5735, 13.783, 13.7918, 11.0507, 6.64198, 7.20993, 9.08364, 5.84578, 5.488, 7.28629, 10.7379, 8.58483, 14.2792, 6.85446, 8.64117, 11.599, 4.66466, 3.4866, 0.373682, 4.33134, 12.9833, 16.3132, 17.1953, 13.5573)
(10.769, 8.84924, 7.2606, 11.9762, 9.47501, 8.26814, 7.92778, 10.8691, 7.09777, 6.21672, 11.2904, 13.9004, 12.7578, 7.29677, 8.31906, 8.99606, 6.45883, 7.05201, 7.15819, 7.60369, 7.8049, 12.6524, 9.77687, 15.1799, 13.0678, 5.8377, 3.43102, 0.90877, 4.52985, 8.62943, 9.40675, 12.3559, 16.8761)
(19.8936, 15.8173, 4.49284, 12.1341, 5.90682, 6.04135, 4.69354, 4.65763, 6.95111, 9.56792, 9.84383, 11.3776, 13.4714, 10.7274, 14.5314, 3.37085, 1.94031, 8.24868, 3.36517, 4.60989, 8.4007, 19.9566, 7.22278, 13.7178, 13.7464, 5.7142, 0.381716, 0.0749889, 4.09443, 5.88037, 9.82665, 15.1662, 24.1745)
(11.9988, 10.1343, 8.02719, 7.98513, 7.72042, 10.8994, 9.88865, 6.85334, 5.81956, 9.64569, 11.0275, 13.1346, 8.16957, 7.74737, 8.20162, 7.50497, 7.87685, 8.48582, 9.0421, 8.42366, 9.91207, 11.5013, 10.1929, 10.2892, 12.534, 6.97063, 3.46914, 0.576759, 2.72783, 7.57093, 11.4414, 13.7816, 20.4456)
(12.5486, 11.6867, 8.21362, 8.82411, 8.39176, 10.8225, 8.31194, 6.60677, 6.15322, 8.19912, 10.2416, 11.5759, 8.42616, 9.01862, 7.92221, 8.71989, 8.28193, 8.50219, 8.02506, 8.05375, 9.06497, 12.4094, 12.4279, 10.8809, 11.0627, 6.22013, 3.01134, 1.04067, 2.6805, 7.1869, 10.721, 15.1746, 19.5933)
(7.94479, 7.30354, 6.63672, 5.87797, 12.8879, 20.309, 9.00528, 1.55087, 2.25545, 10.06, 16.1685, 6.24709, 7.76364, 8.78802, 7.46599, 11.8727, 13.5091, 9.80186, 10.055, 10.98, 3.74643, 9.77018, 3.87924, 6.61924, 6.86299, 5.36527, 5.80313, 0.45495, 4.17585, 8.16824, 10.268, 16.7019, 31.7011)
(14.363, 14.0044, 7.95185, 12.9359, 11.739, 8.31268, 6.98297, 5.62176, 7.93988, 3.18122, 6.96732, 13.3598, 10.546, 6.82242, 11.6468, 5.64145, 4.27831, 10.297, 6.77364, 8.04037, 8.15347, 14.4407, 12.9943, 14.4622, 13.2344, 5.58039, 0.392537, 0.0926494, 2.72116, 7.98915, 9.49101, 15.7914, 17.2509)
(11.8515, 8.94424, 8.69642, 10.1242, 8.11281, 9.37575, 9.34895, 8.95078, 7.03788, 7.42845, 10.129, 12.7907, 8.54704, 7.99512, 9.30867, 9.12619, 7.6289, 7.73884, 8.04192, 8.51351, 9.05494, 11.2542, 9.84967, 11.4957, 13.3978, 8.17486, 3.41235, 0.623069, 2.43165, 7.90394, 10.0501, 14.8042, 17.8567)
(12.8269, 7.05155, 7.61054, 8.93751, 10.0019, 11.0936, 11.198, 5.38029, 7.37257, 7.80132, 10.7258, 15.4713, 8.92265, 8.66384, 6.63839, 7.41132, 6.26601, 6.68738, 7.00201, 9.02694, 11.5419, 12.3683, 9.22419, 14.8629, 11.675, 9.02768, 4.4156, 1.85139, 3.93001, 5.89367, 10.0134, 12.5769, 16.5292)
(9.50031, 9.19374, 7.09751, 10.3871, 9.58762, 13.1761, 10.2887, 5.8345, 7.07785, 8.80272, 9.05381, 8.97, 10.6755, 11.5656, 8.90477, 9.06373, 7.23065, 8.92289, 8.57752, 7.1451, 7.10711, 11.8371, 8.37877, 8.00258, 8.2148, 6.62097, 4.16852, 0.965179, 3.66084, 8.36572, 12.8586, 14.9541, 23.8099)
(6.89438, 6.12599, 6.04886, 7.72704, 9.02927, 14.7818, 11.1893, 9.88041, 5.7303, 9.49969, 13.0929, 9.25956, 9.31455, 9.40089, 9.44711, 7.61496, 8.01157, 8.27375, 9.90644, 8.38019, 8.77328, 11.6177, 8.91253, 8.91672, 8.73992, 9.01031, 5.69927, 1.62155, 3.54584, 9.91916, 12.1658, 13.5713, 17.8976)
(10.3486, 7.61479, 7.76805, 7.1426, 11.88, 12.3982, 9.28638, 6.01312, 4.38458, 8.06815, 15.0955, 10.1138, 8.77654, 10.2169, 9.17284, 7.7223, 6.26125, 9.06385, 8.0143, 7.64492, 9.06056, 13.9527, 7.95463, 8.39031, 7.18394, 5.28021, 4.0194, 1.50067, 5.21715, 9.14447, 12.2178, 16.2456, 22.8459)
(15.299, 4.72383, 8.31687, 8.46228, 9.96483, 11.1638, 9.593, 3.76701, 7.52315, 7.348, 13.8382, 13.8212, 8.38708, 12.644, 9.66821, 5.60965, 7.53824, 7.68397, 5.85563, 9.44224, 9.81985, 9.52998, 6.92349, 8.64638, 9.63531, 7.86618, 4.03819, 0.588155, 3.72934, 8.578, 11.4141, 17.9353, 20.6456)
(9.45117, 8.69561, 10.0134, 9.00681, 10.647, 10.9879, 8.41616, 5.60882, 6.90169, 7.77735, 12.4941, 11.3029, 9.81263, 8.5317, 8.33513, 7.47036, 6.92838, 8.50954, 8.35299, 8.93652, 8.95401, 12.8658, 5.41618, 8.42853, 6.0862, 4.89326, 3.06213, 0.951308, 4.22138, 7.95303, 12.5142, 17.5715, 28.9022)
(10.178, 13.3222, 13.4902, 8.20165, 5.81148, 9.56324, 8.18238, 4.94624, 6.92095, 8.27215, 11.1115, 13.2617, 10.2165, 12.1375, 7.1576, 5.90507, 5.12714, 6.65275, 7.9078, 5.91926, 13.8517, 11.863, 6.81032, 11.8442, 7.53997, 5.11546, 2.51424, 0.278227, 4.67203, 7.66139, 12.2157, 13.3891, 27.9594)
(5.7207, 7.54856, 10.4705, 11.1326, 22.1499, 16.514, 3.66745, 1.48882, 3.62906, 5.33648, 12.342, 9.72812, 9.74399, 9.42173, 8.07424, 6.71223, 5.9903, 11.5513, 8.40822, 10.1163, 10.0669, 10.1867, 2.52881, 2.42675, 2.35717, 3.30194, 2.96239, 0.664627, 9.0059, 14.1089, 18.6865, 18.5537, 25.4033)
(10.7638, 13.9016, 14.3269, 15.5837, 11.877, 12.1572, 4.19817, 2.00722, 1.77194, 4.24553, 9.16691, 9.80008, 9.35423, 10.6261, 7.22732, 10.6676, 9.28481, 13.5432, 7.12355, 7.48993, 8.1037, 6.77944, 4.22712, 4.84446, 5.54804, 3.30875, 2.16956, 0.242156, 3.14104, 8.63865, 14.9194, 16.9506, 36.0103)
(10.3429, 4.59115, 7.44653, 4.71299, 11.9732, 13.6105, 8.29236, 2.34029, 9.61905, 9.08568, 17.9855, 7.97345, 13.9124, 9.86065, 10.9047, 8.42678, 7.65264, 6.77615, 5.04417, 6.15251, 10.1329, 13.1636, 9.06795, 2.92264, 5.23794, 4.88753, 1.3416, 3.67882, 4.62719, 10.0484, 10.3806, 24.9817, 22.8256)
(11.4822, 6.64843, 9.04585, 10.782, 12.7301, 15.067, 8.5635, 3.18649, 3.28427, 7.50418, 11.706, 13.5783, 10.4652, 8.78133, 8.25499, 5.89413, 6.71576, 7.60937, 7.83893, 7.07205, 10.924, 12.8659, 4.20802, 4.88596, 6.00381, 4.63721, 3.81894, 1.64392, 4.63327, 10.9439, 13.0457, 20.0989, 26.0804)
(6.84298, 11.7739, 18.3681, 16.5437, 17.3785, 6.6482, 3.93716, 3.94247, 1.55855, 3.35168, 9.65484, 7.18559, 6.86432, 8.78598, 8.43092, 9.53277, 9.88134, 13.6977, 9.26091, 9.97454, 10.1639, 6.22206, 5.3144, 4.18166, 3.89603, 2.11329, 0.916552, 0.256379, 2.83307, 6.47155, 14.8047, 21.3008, 37.9115)
(10.2602, 6.40811, 12.0242, 12.607, 19.2443, 8.50677, 6.23891, 2.95354, 4.83559, 8.1417, 8.77968, 12.4996, 9.82362, 13.151, 5.68343, 5.13385, 8.64683, 7.58962, 9.69683, 8.35098, 7.8477, 11.5765, 8.68988, 6.58169, 3.72948, 2.18669, 1.34507, 0.795654, 2.89215, 8.71528, 15.8478, 20.373, 28.8433)
(9.29031, 11.9864, 19.0117, 15.5522, 15.0441, 6.00569, 3.83178, 3.94005, 1.5429, 4.0521, 9.74276, 7.53752, 6.79077, 8.70531, 8.69897, 8.85136, 10.3206, 11.6723, 9.80834, 10.0544, 10.4944, 7.06605, 6.48458, 4.20722, 2.7704, 2.35412, 0.828394, 0.150313, 2.36676, 6.28068, 14.4298, 21.755, 38.3727)
(9.40172, 8.60109, 10.3616, 11.958, 13.3049, 13.4667, 5.97359, 4.44784, 4.34486, 7.01534, 11.1243, 13.2331, 10.3797, 8.18637, 8.38401, 6.24031, 5.64775, 7.66075, 7.30425, 8.65403, 10.9151, 13.3946, 3.91889, 4.072, 4.67093, 3.07287, 2.98419, 1.11992, 5.75863, 7.49199, 15.2218, 19.9475, 31.7414)
(9.55683, 12.8727, 18.3583, 20.9287, 11.0234, 7.87214, 2.33349, 1.44649, 0.993392, 2.90491, 11.7096, 7.20765, 6.90338, 10.4996, 9.04603, 12.9041, 7.80208, 15.5372, 10.5675, 6.94703, 7.64711, 4.93831, 4.72655, 2.53422, 1.7746, 2.69515, 1.23782, 0.0812867, 2.83026, 5.68547, 15.5824, 19.5865, 43.2657)
(9.09623, 7.22243, 8.10716, 11.2284, 15.0401, 15.4641, 8.05531, 4.19152, 3.45947, 7.42963, 10.7055, 14.1125, 10.572, 8.70533, 8.55895, 5.0392, 7.47095, 7.30918, 7.61858, 7.37991, 10.8373, 12.396, 6.01345, 5.04553, 5.8002, 3.91959, 3.24155, 1.26328, 4.60496, 9.16735, 14.9949, 18.5506, 27.3986)
(13.0475, 9.5848, 11.0644, 11.5425, 12.4056, 8.2548, 5.72015, 4.17247, 5.4899, 7.98529, 10.7327, 7.98932, 8.40732, 8.77913, 9.28337, 6.91268, 9.90725, 8.20056, 10.6984, 9.9657, 8.90041, 10.9559, 12.4982, 10.0136, 5.00192, 4.03833, 2.08501, 0.273525, 2.43208, 5.65262, 14.8189, 18.6328, 24.553)
(10.6822, 7.99184, 7.56504, 9.67418, 11.5359, 12.5375, 8.76743, 5.99433, 5.01672, 8.02846, 12.2065, 15.2958, 9.77006, 9.75791, 7.56854, 7.11182, 7.65355, 5.67837, 6.71215, 8.80685, 9.8648, 11.7802, 7.97974, 6.31385, 6.06829, 4.81306, 3.17355, 0.846754, 3.94677, 7.94557, 11.8202, 19.7477, 27.3445)
(7.75807, 9.12092, 12.9391, 14.6543, 18.3939, 12.5388, 4.9848, 2.53151, 3.01795, 5.54534, 8.51533, 9.87196, 9.99607, 10.4155, 7.70485, 7.42276, 7.56368, 9.2499, 8.60578, 9.72164, 10.1472, 9.30068, 3.0221, 3.00153, 3.17357, 2.60963, 2.04333, 1.08309, 4.869, 10.854, 16.4251, 22.4423, 30.4763)
(7.21909, 7.86531, 16.0347, 14.9475, 14.0489, 4.65823, 7.13465, 1.88245, 4.87387, 8.24564, 13.0897, 8.74252, 15.4333, 9.70123, 4.67765, 7.36843, 5.46332, 5.66936, 12.5959, 10.7041, 11.5981, 8.04598, 19.9376, 9.65418, 6.08273, 5.92455, 0.403306, 0.104947, 2.61661, 6.15834, 12.5297, 11.1263, 25.4617)
(8.12145, 7.66619, 7.93539, 13.356, 11.7942, 13.2557, 7.92949, 5.26837, 5.18335, 6.66796, 12.8219, 16.0537, 10.2714, 6.99849, 6.81107, 5.50299, 5.5431, 7.59785, 4.54849, 11.2209, 11.4611, 13.9909, 8.53928, 6.56046, 6.53528, 5.20355, 1.7127, 0.195318, 1.81368, 6.81747, 16.2304, 23.6407, 22.7512)
(10.8452, 3.79438, 12.4618, 8.69108, 8.07091, 13.8085, 6.29396, 4.5266, 7.38065, 8.68744, 15.4396, 8.70892, 10.1736, 9.97313, 9.84298, 6.60608, 6.5187, 5.88217, 5.98483, 9.59841, 12.6629, 14.0482, 3.74241, 6.4742, 7.90083, 6.74022, 3.17249, 1.02014, 2.60838, 8.26498, 11.5475, 21.9926, 26.5363)
(9.4536, 6.05511, 6.17531, 8.6433, 15.1326, 16.1422, 8.68459, 6.42876, 5.72001, 7.76446, 9.80012, 11.2949, 9.19656, 10.5516, 8.61563, 7.18082, 7.27099, 6.87091, 6.20598, 9.71949, 10.108, 12.9851, 8.73295, 10.076, 9.01971, 5.80354, 3.75699, 0.983819, 4.54989, 9.03967, 14.955, 17.2113, 15.8712)
(11.5313, 7.82126, 5.58563, 6.96815, 9.71334, 12.1988, 10.886, 9.83924, 6.08985, 7.97688, 11.3895, 12.4911, 8.09969, 8.74685, 8.38124, 6.92244, 8.86762, 7.02226, 7.87959, 8.32222, 10.1441, 13.1229, 8.8623, 10.7373, 10.9497, 6.842, 4.89586, 0.609949, 4.36266, 8.10251, 10.9963, 15.7776, 17.8639)
(7.86069, 6.54324, 6.80515, 6.85943, 8.93441, 13.8635, 9.91541, 8.73385, 4.81347, 9.134, 16.5369, 10.5635, 8.54575, 8.33171, 8.31311, 8.24841, 7.25557, 10.4749, 10.2216, 8.95382, 8.22792, 10.8637, 6.88011, 7.94866, 8.59511, 8.70945, 5.58422, 1.43879, 4.19402, 8.96274, 11.829, 15.8474, 20.0105)
(12.084, 9.90868, 3.86851, 5.5757, 16.1076, 11.7883, 6.45127, 8.05269, 9.95672, 4.13565, 12.071, 15.0556, 10.8679, 9.51423, 4.69205, 9.82122, 6.94551, 3.9824, 9.43429, 6.54064, 11.3449, 11.8013, 11.2678, 14.745, 10.8557, 6.62452, 3.30803, 1.02062, 2.77999, 6.98051, 11.0942, 16.2761, 15.0475)
(7.76875, 7.92743, 6.36138, 12.6667, 11.3794, 12.0137, 7.2059, 5.15803, 5.52238, 8.51283, 15.4835, 10.5806, 8.32156, 9.66116, 10.894, 7.64131, 8.34151, 9.33911, 9.03352, 7.92979, 8.13745, 10.12, 8.01735, 7.17826, 6.18053, 4.73524, 2.48863, 0.643034, 3.53465, 9.45821, 14.0893, 19.9779, 23.6969)
(0.647633, 5.14364, 10.1324, 14.2129, 23.7343, 9.39124, 0.807449, 2.65704, 1.16627, 4.48725, 27.6199, 11.9073, 1.56395, 7.43261, 7.46509, 18.3411, 9.59253, 15.4666, 4.48926, 15.362, 3.03202, 5.34753, 10.2421, 5.80423, 1.34182, 5.61494, 1.76138, 0.820663, 6.1483, 12.5317, 16.6435, 17.8898, 21.2015)
(8.02042, 6.04545, 6.24705, 11.5925, 12.7469, 13.7366, 8.66162, 6.05068, 4.77677, 7.77486, 14.3471, 10.1914, 8.39408, 10.2132, 9.97723, 7.5396, 8.31432, 10.2528, 8.45809, 9.05848, 8.08495, 9.51586, 8.04784, 8.84283, 6.53758, 5.12183, 3.21407, 0.864126, 3.54771, 9.19633, 14.4642, 17.63, 22.5335)
(16.6654, 10.6371, 6.63569, 6.49794, 13.7154, 7.1473, 4.68274, 6.08625, 8.53019, 4.42319, 14.9788, 15.8838, 10.0583, 7.56942, 5.48471, 8.23759, 5.98587, 6.56702, 10.1411, 10.0542, 9.42803, 10.59, 11.6637, 14.7466, 9.74887, 6.22366, 4.50531, 0.975397, 2.92584, 5.95188, 9.5527, 15.1619, 18.5441)
(12.2698, 8.97548, 7.24787, 8.1204, 11.1019, 11.6198, 8.04234, 7.36435, 7.41492, 7.18349, 10.6597, 15.0754, 9.59809, 8.58841, 7.39789, 8.31377, 6.04757, 6.07557, 7.2735, 9.23285, 9.26195, 13.135, 11.2098, 14.2482, 10.2925, 6.62036, 4.13656, 1.10283, 3.48686, 6.49898, 10.666, 13.4299, 18.308)
(11.6531, 7.84824, 5.68794, 11.2515, 10.5898, 11.9145, 8.22817, 8.97802, 7.44313, 6.80714, 9.5984, 11.4445, 10.1975, 9.87028, 9.61151, 7.55473, 7.92944, 8.04008, 7.03618, 7.08996, 8.71056, 12.5152, 11.0467, 11.9393, 9.95609, 7.03664, 4.84456, 0.988007, 3.08927, 7.54189, 12.1801, 14.5017, 16.8757)
(12.484, 8.15177, 8.25967, 8.7263, 10.335, 11.2445, 5.25523, 8.33593, 6.15442, 8.61112, 12.442, 12.3167, 9.14215, 9.42636, 7.68654, 6.93198, 8.74614, 7.75246, 8.46884, 9.01813, 8.6525, 11.8582, 9.32801, 8.95249, 8.88009, 5.37955, 2.4769, 0.623744, 4.52828, 8.28748, 12.548, 17.0557, 21.9398)
(9.95884, 7.44856, 3.35963, 4.18006, 10.158, 17.1562, 18.2928, 10.2683, 7.29482, 4.0624, 7.82027, 10.6704, 12.4321, 4.46426, 8.23173, 6.90477, 8.43573, 7.04795, 8.02751, 7.11074, 13.2177, 13.457, 14.5884, 10.0491, 13.9455, 5.9713, 6.59176, 0.504861, 3.76408, 9.85079, 8.70305, 9.11011, 16.9211)
(8.37949, 5.66272, 7.03413, 16.1815, 15.6972, 19.604, 12.5537, 4.71746, 2.01263, 2.34573, 5.81146, 13.1816, 9.07956, 8.1597, 6.92421, 7.53293, 9.55307, 6.20532, 4.86255, 9.15708, 10.0849, 15.2591, 1.90631, 4.1531, 5.47258, 7.05031, 10.5572, 0.426784, 3.15347, 13.28, 15.5303, 17.0183, 21.4516)
(15.4087, 14.7517, 3.36852, 5.66868, 12.1532, 12.3352, 7.69941, 2.14284, 5.31357, 6.60139, 14.5569, 12.8019, 8.99291, 9.90296, 10.6138, 8.40401, 7.29052, 4.29957, 8.43882, 3.46973, 12.1489, 13.6369, 11.7254, 8.78879, 10.0105, 8.28972, 4.81288, 0.150021, 5.78353, 7.67592, 11.4846, 17.6741, 13.6046)
(8.41614, 17.9795, 7.90061, 3.65784, 7.39394, 9.99155, 10.3261, 4.20681, 8.84348, 6.89686, 14.3872, 18.9322, 10.6231, 11.6705, 4.54087, 4.44597, 3.40057, 8.92478, 7.86535, 7.95516, 10.597, 11.0445, 7.83506, 6.77604, 13.5618, 8.73607, 1.77016, 1.30903, 2.85732, 5.96584, 11.0392, 14.2966, 25.8529)
(11.2996, 4.48021, 12.1577, 10.3683, 11.5156, 12.6118, 7.40946, 5.2156, 8.96996, 4.47468, 11.4971, 8.61701, 13.2099, 10.3149, 8.39558, 5.33555, 3.47056, 7.35274, 7.37225, 6.43498, 14.1317, 15.3648, 4.29025, 8.17097, 10.9521, 5.23462, 5.08846, 1.06213, 3.23492, 8.4447, 7.84677, 23.3851, 22.29)
(6.78699, 12.9682, 19.2586, 25.6663, 13.6505, 6.49315, 2.16607, 1.7939, 1.26527, 1.80949, 8.14147, 7.08816, 6.22977, 8.75894, 7.26282, 18.2453, 7.79182, 14.7971, 11.6191, 6.63173, 7.42849, 4.14678, 4.49317, 2.84537, 2.1308, 1.95054, 1.07234, 0.364034, 2.05902, 6.3172, 13.6968, 23.9459, 41.1249)
(9.22295, 9.12352, 11.9492, 12.2134, 13.5423, 9.9595, 6.19671, 5.80591, 3.90816, 6.18288, 11.8955, 9.35433, 8.42589, 9.84713, 8.84792, 8.1474, 9.20697, 9.91321, 8.83973, 9.05834, 9.63299, 8.72611, 8.71507, 8.50429, 6.44231, 4.3139, 1.78905, 0.415377, 2.97996, 6.62978, 16.4063, 18.0895, 25.7144)
(9.68061, 7.3366, 11.4812, 12.0813, 12.1023, 15.4625, 7.26729, 4.79758, 3.60985, 5.96781, 10.2129, 12.3232, 10.9385, 8.70865, 9.51841, 6.38354, 4.94274, 7.1329, 7.43958, 8.08668, 11.1082, 13.4175, 3.08313, 4.23546, 4.78268, 4.67505, 4.8622, 1.19935, 6.35635, 9.22624, 14.1235, 18.7473, 28.7087)
(7.51934, 8.23089, 13.7638, 7.80356, 22.1189, 12.6598, 5.83701, 4.30302, 8.3167, 4.92222, 4.52481, 12.2713, 7.64464, 15.5979, 2.71731, 4.67824, 7.83124, 3.16566, 9.9042, 9.12041, 9.21766, 17.8514, 5.93836, 5.45146, 5.33529, 1.12559, 0.837532, 0.263557, 2.79711, 9.04112, 14.6394, 22.4272, 32.1433)
(9.72762, 7.58673, 9.59154, 13.4403, 18.0825, 11.5891, 5.33652, 2.98167, 4.51039, 6.47443, 10.6792, 11.2463, 11.2872, 9.50883, 8.68189, 4.99045, 6.32241, 6.66541, 9.06251, 8.48323, 11.351, 12.4008, 9.95351, 5.39168, 3.49077, 2.45259, 2.85756, 0.704988, 2.93969, 9.85938, 15.818, 20.8693, 25.6625)
(12.494, 9.50756, 15.5688, 18.3451, 14.4903, 11.538, 4.03478, 1.17611, 0.935938, 3.86585, 8.0435, 7.17792, 10.0396, 11.993, 7.18719, 14.446, 6.27288, 13.5351, 7.06203, 6.66757, 7.85218, 7.76641, 2.94215, 3.04339, 3.17058, 2.96139, 1.6233, 0.0795112, 2.36, 8.54471, 19.2248, 18.1732, 37.8769)
(12.4119, 6.43158, 8.0459, 14.0159, 18.5453, 6.42272, 10.6631, 1.65641, 1.6615, 4.74037, 15.4053, 1.90166, 12.2672, 9.41458, 6.3901, 13.7592, 7.86602, 10.8997, 10.8507, 10.8625, 4.92199, 10.8663, 9.34644, 16.6532, 4.69803, 1.68959, 1.57348, 0.0215035, 3.14858, 12.2378, 15.6067, 14.3033, 20.7214)
(8.7621, 5.17391, 6.52655, 10.3594, 20.0686, 14.2713, 8.13264, 4.56398, 6.54034, 5.05346, 10.5476, 10.9537, 13.9214, 10.525, 9.88848, 7.43329, 5.57478, 5.08254, 5.73723, 6.24221, 11.1395, 13.502, 9.38594, 3.69881, 8.18281, 4.85633, 3.33582, 2.76435, 3.67939, 8.93762, 12.3164, 19.2622, 23.5803)
(9.47384, 8.95206, 11.982, 12.1623, 14.2676, 11.1323, 6.04272, 4.40834, 3.82608, 6.26473, 11.488, 8.74252, 9.09046, 10.7369, 7.35034, 7.89011, 8.01055, 9.03544, 8.75409, 9.23387, 10.3137, 10.8421, 7.23253, 7.2495, 6.5055, 5.18185, 2.24567, 0.724603, 4.00059, 6.80342, 14.4809, 17.3198, 28.2556)
(9.34722, 9.93133, 10.3584, 8.28393, 10.8546, 11.2085, 8.46103, 5.90514, 5.49282, 6.72449, 13.4325, 11.8654, 8.90225, 7.53827, 6.95323, 8.85615, 7.23873, 8.23532, 7.88043, 10.1656, 9.64908, 12.7155, 4.48265, 7.97889, 5.97641, 4.49719, 2.82953, 0.826305, 3.91198, 7.13393, 13.3848, 18.4804, 30.498)
(9.46718, 12.1822, 12.1095, 8.3692, 11.3739, 11.3123, 6.34717, 4.40778, 4.88398, 7.1391, 12.4077, 11.9104, 9.7624, 8.90324, 6.30096, 6.779, 6.86642, 8.41382, 8.78046, 7.55544, 13.5245, 11.2034, 4.36719, 6.52372, 6.79593, 3.84801, 2.59238, 0.724791, 4.37803, 8.53129, 14.8933, 19.4919, 27.8534)
(7.34819, 7.87985, 11.379, 11.6822, 19.2182, 18.0914, 4.6111, 2.21808, 2.02652, 5.49162, 10.0538, 9.19267, 8.56761, 8.46996, 8.0336, 7.73237, 8.34748, 9.62651, 8.16082, 9.80247, 11.7355, 10.331, 2.90981, 2.94174, 3.2553, 4.12225, 3.50991, 1.36493, 5.51811, 12.634, 18.0356, 21.6409, 24.0675)
(8.62717, 9.548, 9.81824, 12.7091, 12.9375, 8.39701, 8.63482, 5.03065, 5.12101, 7.68579, 11.4908, 10.3431, 8.9495, 8.19873, 7.4848, 9.137, 7.19065, 8.54429, 7.2119, 11.1056, 8.22169, 13.6128, 12.4105, 12.4466, 7.21682, 5.69343, 3.16697, 0.700793, 3.62985, 6.81259, 14.2668, 15.6575, 17.9981)
(9.25532, 9.09359, 9.04219, 8.8597, 12.004, 12.3275, 8.35497, 5.00182, 3.74536, 8.07383, 14.2418, 12.2859, 8.66798, 8.35489, 9.58444, 7.8853, 5.94309, 9.51664, 8.70738, 8.90116, 9.1768, 10.9765, 9.17204, 6.66109, 6.1334, 5.64845, 3.82484, 1.18383, 4.2429, 7.37339, 12.3515, 19.2132, 24.1953)
(10.6763, 5.80556, 5.79759, 7.2888, 10.8873, 11.6952, 9.47729, 10.0861, 6.50186, 9.91755, 11.8665, 13.4968, 13.3653, 7.66975, 6.14354, 7.38142, 7.9914, 5.80304, 8.39489, 7.00395, 9.77311, 12.9769, 8.36671, 12.9133, 11.4464, 7.32585, 2.89001, 0.996543, 5.87807, 8.55494, 12.4211, 12.4768, 16.7304)
(7.75222, 9.38975, 8.09158, 10.236, 9.59853, 15.2752, 9.02707, 5.07635, 8.16778, 8.05267, 9.33284, 10.8017, 9.89738, 9.33553, 8.6783, 9.62507, 6.47997, 8.01017, 8.78577, 7.84734, 8.08536, 12.4534, 6.63421, 8.72171, 7.77415, 7.11829, 4.54828, 0.608035, 2.94339, 7.99769, 12.8358, 17.2895, 23.529)
(11.7937, 7.3959, 7.92616, 12.0734, 9.78568, 10.0517, 8.18353, 11.1582, 6.06093, 5.94002, 9.63084, 14.9135, 12.9487, 6.46908, 8.61487, 9.16859, 5.69887, 6.86342, 6.48672, 7.30631, 8.71273, 12.8172, 9.45568, 14.7292, 13.188, 6.13629, 3.87962, 0.964943, 4.60024, 7.41478, 10.8129, 13.2123, 15.606)
(14.3111, 9.19536, 9.08035, 10.4833, 5.79758, 10.7979, 9.43766, 5.73713, 6.65308, 10.3202, 8.18632, 14.5872, 10.6188, 9.19978, 12.8143, 6.8308, 0.719931, 4.36071, 7.9368, 8.0248, 8.09814, 16.8087, 8.25966, 13.2847, 12.0432, 7.88743, 1.60523, 0.0994062, 2.75593, 9.21665, 8.35411, 19.2841, 17.2096)
(12.7448, 8.75778, 7.40559, 9.14256, 8.26313, 12.7828, 10.4769, 7.11301, 5.58355, 7.87863, 9.85128, 11.8282, 8.98184, 9.62605, 8.13395, 8.5806, 7.81099, 8.28427, 7.86779, 8.22018, 8.90559, 11.7605, 11.1802, 11.3397, 11.2948, 7.35241, 4.166, 1.44179, 2.83644, 7.80781, 10.7384, 14.2574, 17.5851)
(9.47316, 5.87262, 5.76042, 14.4166, 13.1274, 11.9448, 7.34338, 6.08786, 3.53163, 8.00311, 14.439, 13.1766, 7.57925, 11.2884, 9.76008, 6.25944, 8.2046, 10.4746, 8.04302, 9.53067, 7.08176, 8.60163, 7.88861, 9.96249, 5.51563, 6.49766, 2.28461, 0.591787, 3.94647, 9.36873, 13.6826, 17.9403, 22.3211)
(14.102, 4.34703, 5.48842, 12.6764, 16.2673, 9.56723, 12.934, 5.6361, 8.99053, 3.13276, 6.85835, 14.3795, 9.25496, 5.58824, 13.85, 7.96595, 3.13572, 6.65581, 11.3612, 7.97255, 9.16811, 10.668, 12.8901, 13.1315, 11.8962, 6.72085, 2.78885, 0.114202, 1.51084, 10.265, 9.36493, 17.8459, 13.4715)
(10.8955, 7.39807, 7.92376, 9.93712, 9.54423, 11.7511, 10.8371, 9.59756, 7.1778, 6.26406, 8.67373, 12.5698, 9.59625, 7.84785, 9.81178, 9.08655, 8.15502, 7.33889, 7.4576, 8.97104, 8.21086, 10.9544, 10.4071, 12.1348, 12.3387, 8.79506, 3.80071, 0.732308, 2.78054, 8.47531, 10.011, 14.2943, 16.2302)
(11.2305, 13.426, 8.34389, 8.38117, 10.7677, 10.6167, 6.4921, 5.65852, 7.03906, 7.10699, 10.9373, 10.3691, 8.023, 7.9387, 7.4952, 8.88873, 9.546, 9.77036, 7.69953, 9.17422, 9.35075, 11.7444, 10.9833, 11.1363, 6.11183, 4.36939, 3.06064, 0.533579, 3.26647, 5.45861, 11.1945, 14.9419, 28.9435)
(11.7223, 11.7481, 8.79476, 7.87711, 11.0715, 8.67535, 6.10336, 6.1558, 7.7296, 8.96975, 11.1523, 12.5351, 9.54228, 7.28772, 7.32544, 9.54919, 7.88904, 8.64791, 8.60392, 8.44875, 8.244, 11.9266, 10.7967, 11.6928, 8.78682, 5.29944, 3.20391, 0.869201, 3.51321, 5.741, 12.4573, 14.4569, 23.1827)
(8.50625, 7.14027, 4.89861, 8.25478, 8.11381, 15.3743, 10.0468, 9.7612, 8.61272, 9.96936, 9.32196, 13.5497, 9.53821, 7.83711, 8.46266, 7.80858, 5.78228, 6.39306, 7.79645, 9.48605, 9.7717, 13.5742, 9.25523, 12.2128, 15.0555, 4.9311, 3.04903, 1.22953, 4.18473, 10.0235, 14.751, 11.7938, 13.5139)
(10.822, 11.2138, 10.2114, 10.6406, 11.7277, 10.5341, 5.35108, 5.53618, 4.99234, 7.78626, 11.1845, 9.91997, 6.8504, 9.62133, 8.63273, 8.4232, 8.83252, 8.98915, 9.01823, 9.60342, 9.55591, 10.5531, 11.0639, 10.5069, 6.74795, 4.30123, 1.86648, 0.42089, 4.37955, 7.12266, 13.1758, 15.2844, 25.1302)
(10.1922, 5.83494, 6.84165, 8.55333, 10.2074, 12.3765, 9.87906, 8.90384, 6.70263, 7.46454, 13.0439, 14.4128, 9.10182, 8.77996, 8.183, 7.63554, 5.38554, 8.07814, 6.04752, 8.77378, 9.39258, 14.2093, 6.21395, 10.7073, 11.588, 7.09059, 4.15974, 0.521841, 3.63407, 9.52087, 14.4272, 17.5224, 14.614)
(8.54304, 7.47772, 9.31405, 11.0038, 11.7014, 10.7805, 8.08757, 10.7935, 5.34459, 8.02254, 8.93142, 14.1833, 9.77567, 8.88749, 6.53339, 6.39586, 7.85447, 7.50598, 6.86896, 8.65485, 8.42684, 14.9132, 8.7605, 9.17099, 8.09043, 3.53489, 2.99215, 0.964895, 2.99839, 7.28086, 11.7901, 18.4296, 25.9871)
(9.8515, 7.07021, 4.32845, 9.84127, 8.56012, 23.6619, 8.44592, 1.54595, 8.34358, 4.33083, 14.0203, 11.3101, 11.2445, 11.2117, 4.32634, 7.03849, 9.79101, 9.76674, 11.1612, 5.701, 7.11178, 11.3373, 2.91024, 1.55128, 2.94112, 8.3567, 6.93886, 2.77152, 4.21596, 13.9692, 18.1647, 16.971, 21.2094)
(11.3845, 7.85101, 7.52543, 8.67705, 11.4149, 15.8472, 8.03197, 5.17567, 4.36851, 7.04272, 12.6811, 11.2461, 11.4741, 9.06508, 7.93284, 7.31434, 7.88031, 7.15369, 7.9417, 7.35307, 9.3827, 13.2562, 5.29443, 5.51277, 5.40245, 6.2141, 3.55537, 1.46903, 4.93811, 11.7633, 14.0971, 18.2016, 23.5517)
(3.7972, 6.60849, 12.7817, 15.1181, 13.3239, 20.765, 6.86321, 3.52599, 1.94582, 7.58045, 7.69007, 10.4295, 7.91083, 12.7689, 7.65202, 4.28516, 9.04407, 9.83075, 9.82997, 9.34922, 6.98329, 11.9163, 6.57304, 7.35013, 7.8625, 1.25133, 0.830396, 0.354134, 2.45378, 5.96489, 8.47123, 22.3817, 36.5068)
(3.37002, 5.11735, 10.0364, 16.3134, 40.4608, 13.3429, 5.14078, 2.46793, 0.837516, 1.08313, 1.8298, 2.40464, 4.86129, 9.28219, 14.408, 8.92382, 9.49718, 18.1369, 14.8654, 4.33793, 5.71425, 7.56837, 2.33636, 2.73323, 2.91656, 2.5431, 0.771014, 0.211411, 1.25146, 5.98621, 15.1277, 16.0617, 50.0612)
(11.1779, 9.06231, 15.9955, 18.9748, 10.9615, 14.5687, 6.19526, 3.30328, 1.32965, 1.62818, 6.80297, 7.04626, 5.32101, 8.94193, 1.9714, 1.20766, 8.60363, 6.2967, 11.4585, 26.7995, 12.0286, 10.3249, 2.49706, 3.65337, 5.57806, 0.824133, 0.80512, 0.184562, 1.04093, 8.63386, 10.2894, 21.3167, 45.1768)
(7.49094, 8.99737, 14.3212, 14.0152, 14.432, 13.4587, 7.03471, 2.79652, 2.65992, 4.91318, 9.88025, 12.3159, 11.2986, 10.3998, 6.87321, 7.3215, 6.97344, 8.67402, 6.6444, 8.68168, 9.21097, 11.6065, 2.97594, 3.16938, 3.79281, 3.86962, 2.77214, 0.748262, 3.78418, 7.94689, 15.01, 22.3924, 33.5384)
(6.97659, 8.36567, 12.2674, 16.0929, 21.8505, 13.8891, 3.37114, 0.952486, 1.98334, 2.81277, 11.4381, 14.0992, 8.26244, 10.8857, 6.8532, 6.0746, 8.0009, 10.8528, 9.02345, 11.3272, 7.92368, 6.69685, 3.14258, 1.97976, 1.19589, 1.13981, 2.78666, 0.333134, 2.54285, 13.5152, 20.2843, 22.8227, 30.2571)
(7.05233, 6.21974, 10.2406, 11.7946, 14.8065, 17.2711, 8.84167, 3.9961, 3.15918, 6.85531, 9.76288, 13.3946, 11.7297, 9.80924, 7.37547, 6.43138, 7.23808, 7.01265, 7.40271, 7.75784, 10.0499, 11.7984, 5.47768, 4.61835, 4.21047, 4.9038, 3.531, 1.13967, 4.67058, 9.31073, 15.5028, 20.2621, 26.3728)
(5.87578, 6.45038, 8.80949, 9.83725, 16.539, 18.5827, 8.04056, 6.51073, 4.17559, 5.68767, 9.49086, 10.8359, 8.29133, 10.812, 7.58929, 7.54212, 7.71959, 6.37372, 9.1579, 8.91811, 10.6459, 12.1141, 7.5403, 8.06262, 5.7498, 4.58238, 3.27479, 0.873131, 4.10648, 7.72543, 14.9471, 19.0049, 24.1332)
(11.8034, 11.7333, 9.45535, 11.2023, 8.93942, 16.6796, 7.07554, 2.09656, 0.78713, 4.08598, 16.1414, 6.61476, 10.2416, 14.5603, 15.5141, 4.797, 7.3384, 5.16912, 10.0963, 8.86977, 10.1542, 6.64441, 2.79311, 10.7431, 1.29434, 3.71667, 0.609663, 0.0927648, 5.18694, 4.86351, 18.6541, 16.6393, 35.4065)
(9.98355, 10.3932, 10.6664, 10.5178, 12.0161, 10.2642, 8.45473, 3.55427, 5.38667, 5.27299, 13.4901, 9.75892, 10.1782, 9.84269, 9.61238, 7.39188, 7.434, 10.2598, 9.99839, 7.64, 8.35863, 9.52514, 7.15226, 7.23938, 5.41133, 4.95723, 3.55731, 1.56424, 5.60237, 6.10277, 13.4377, 18.9167, 26.0588)
(11.7177, 12.4939, 7.96843, 7.85002, 10.8983, 9.47111, 7.07022, 6.45004, 7.36089, 7.40338, 11.316, 10.8991, 8.60242, 8.6438, 8.03266, 9.72886, 8.36799, 8.26552, 8.5124, 8.77539, 9.4152, 10.7566, 10.0147, 10.1327, 7.52974, 5.81954, 2.85414, 0.554388, 3.30713, 7.10316, 11.5826, 15.2811, 25.8208)
(7.91585, 7.1085, 7.12361, 9.57932, 12.6444, 13.6952, 7.78755, 7.10863, 4.45808, 7.50299, 15.0759, 13.1065, 7.53024, 8.07477, 8.83389, 8.41765, 9.98599, 10.4101, 7.91333, 7.7774, 9.09914, 8.85091, 5.14, 8.70683, 7.8588, 5.38578, 4.07653, 0.950305, 4.32308, 8.80892, 15.0738, 20.6181, 19.0579)
(16.4496, 10.6873, 5.86586, 5.82947, 12.5692, 7.81176, 4.71932, 7.64726, 8.93377, 5.12165, 14.3648, 15.8506, 10.433, 9.00754, 4.61449, 7.86442, 7.10648, 6.10872, 8.86396, 8.58041, 10.0928, 11.4776, 13.4617, 13.981, 9.7984, 8.38609, 3.5308, 0.967553, 2.96392, 6.68745, 10.2959, 12.4124, 17.5148)
(11.2263, 5.87095, 6.83381, 7.85896, 9.71154, 13.3514, 12.2663, 7.85447, 7.05131, 7.62767, 10.3473, 15.3673, 9.59431, 7.83935, 7.39367, 8.68469, 7.90374, 6.9136, 7.60848, 8.07001, 9.74478, 10.8801, 11.0581, 13.8273, 11.6822, 8.05339, 4.68393, 1.32782, 4.14521, 7.0853, 10.4401, 11.4535, 16.2431)
(7.62123, 6.27814, 6.87955, 10.8342, 13.2752, 13.7473, 9.3703, 7.14749, 4.32355, 7.14416, 13.3788, 10.6182, 7.55789, 9.42233, 8.96724, 8.77664, 9.66791, 10.8603, 8.77526, 7.34087, 8.95225, 9.06106, 6.27268, 8.53577, 9.65279, 5.72293, 3.51845, 0.982983, 3.91214, 8.68457, 14.16, 18.7441, 19.8136)
(6.89735, 5.70066, 7.39406, 9.32114, 12.9681, 14.8097, 9.92783, 4.14063, 3.73591, 8.13663, 16.9679, 9.6771, 8.75406, 9.19852, 8.76566, 8.60771, 9.37808, 10.2455, 8.87872, 8.84337, 7.41974, 10.2316, 4.50509, 6.22659, 6.95849, 5.91823, 3.55505, 1.04135, 4.51649, 9.5866, 15.9198, 17.6627, 24.1096)
(5.49316, 6.43063, 3.5627, 11.7875, 12.9824, 17.1826, 6.59291, 5.34284, 6.29383, 10.4676, 13.8638, 9.73188, 13.6585, 3.65443, 6.58695, 7.55949, 14.5938, 8.67752, 8.53041, 7.60478, 9.64242, 9.75986, 2.31622, 7.47963, 5.46265, 4.35668, 7.34252, 3.0975, 3.3002, 10.7442, 21.0425, 21.2937, 13.5642)
(8.38515, 6.1447, 10.0546, 7.59405, 16.1205, 23.2608, 6.80402, 3.05558, 2.88657, 4.51004, 11.184, 8.56149, 12.6378, 13.7195, 6.07807, 8.3391, 7.57557, 6.77543, 6.35178, 8.53603, 11.9308, 9.49443, 1.2491, 7.49548, 3.95672, 6.50334, 4.22798, 2.10808, 3.98062, 13.2347, 14.7859, 17.5039, 24.9542)
(7.52122, 14.7258, 8.72493, 10.0661, 12.0415, 15.1922, 8.39228, 7.03351, 7.0426, 3.93256, 5.32735, 4.05578, 13.3702, 3.71505, 4.40557, 3.41554, 8.77975, 6.49769, 11.7054, 9.62836, 14.3364, 20.0902, 10.6468, 5.62234, 5.57948, 2.93654, 4.69057, 0.220025, 6.77541, 3.58752, 9.2003, 22.1038, 28.6373)
(5.45793, 6.13895, 6.87042, 21.3289, 30.3181, 13.4311, 2.61606, 2.40914, 2.72385, 5.04813, 3.65742, 9.63208, 9.97118, 8.1261, 11.4662, 7.30534, 8.96458, 6.19416, 8.96011, 11.7638, 11.093, 6.52345, 10.5719, 2.1937, 1.56424, 1.56445, 0.90489, 0.189705, 2.34307, 6.39944, 20.4196, 25.4924, 28.3566)
(11.929, 6.71891, 9.90229, 8.3748, 11.9542, 13.7058, 7.16783, 4.58387, 2.6362, 5.82444, 17.2027, 12.0667, 9.91331, 8.39401, 8.35132, 6.7516, 7.7406, 8.55737, 8.98079, 9.31192, 10.0901, 9.84225, 5.97515, 6.10879, 6.55527, 6.27434, 2.42069, 0.397616, 5.97845, 11.1553, 15.3455, 18.2552, 21.5338)
(11.5522, 10.3213, 11.1933, 9.4128, 11.3453, 10.2788, 8.10169, 5.48489, 3.90007, 7.18431, 11.2253, 10.5559, 10.1922, 9.18443, 7.84213, 10.4029, 7.27086, 7.87915, 8.42111, 10.0097, 6.99943, 11.2423, 11.1117, 9.30468, 9.5824, 6.943, 3.15935, 0.55909, 4.0217, 5.96079, 12.4362, 16.0214, 20.8998)
(12.5351, 12.5696, 7.37068, 7.17987, 11.183, 8.28653, 6.58233, 7.19508, 6.98093, 8.4579, 11.6589, 13.4067, 9.09422, 7.62706, 6.90665, 9.08831, 7.27587, 8.59913, 9.00113, 8.74915, 8.13029, 12.1215, 11.364, 11.0754, 9.251, 5.43058, 3.74103, 0.705204, 3.04734, 6.53526, 13.7853, 13.9314, 21.1335)
(8.10961, 8.12711, 2.58711, 10.4618, 11.6746, 19.6815, 4.77722, 3.52921, 6.84612, 13.6435, 10.5622, 12.7404, 13.7196, 4.81292, 3.67192, 3.686, 15.9355, 5.96332, 9.24091, 8.18861, 11.5917, 10.4491, 3.53183, 3.62372, 4.7175, 3.58486, 9.09342, 3.3957, 1.30152, 12.6878, 20.6223, 24.1813, 13.2601)
(9.62232, 7.78983, 7.81754, 6.51719, 13.1286, 28.9698, 6.60263, 1.74254, 1.72707, 5.46111, 10.6214, 9.51014, 8.95553, 9.95011, 3.79851, 9.72832, 7.90145, 5.20461, 8.72631, 10.1881, 17.6433, 8.39355, 0.809859, 5.16414, 4.38296, 8.24129, 3.16188, 1.42088, 5.15489, 15.6514, 14.1888, 15.2582, 26.5656)
(9.84968, 7.71699, 4.31895, 8.06047, 6.85798, 12.4788, 10.663, 9.71344, 7.28756, 11.024, 12.0291, 13.6055, 10.5935, 7.60257, 7.51143, 8.52961, 4.92959, 6.75766, 7.08891, 12.8261, 7.91655, 12.6385, 8.89468, 10.2141, 13.0958, 5.73724, 3.09697, 0.625653, 3.9447, 11.8264, 15.7225, 13.6054, 13.2365)
(9.12039, 8.55101, 5.07456, 5.54202, 9.37562, 14.2532, 13.3185, 9.16121, 6.90143, 7.67118, 11.0308, 12.7942, 9.39528, 7.3921, 7.39703, 7.31303, 9.39197, 7.98709, 7.43656, 7.82141, 10.9134, 12.1579, 11.5476, 11.6888, 11.1914, 6.80491, 4.99978, 0.981676, 4.49669, 9.54009, 10.356, 11.7277, 16.6653)
(6.61243, 11.0885, 15.9045, 17.1389, 7.40064, 2.3925, 5.8104, 7.95404, 7.8652, 4.75703, 13.0759, 14.3966, 5.985, 7.77015, 5.89398, 9.39546, 6.68598, 7.89581, 6.63869, 15.8721, 10.5433, 8.92291, 10.837, 11.9747, 7.38457, 2.63687, 0.674164, 1.09948, 1.57999, 6.9754, 10.3912, 20.1429, 26.3038)
(10.836, 9.89434, 11.5427, 11.0717, 11.855, 11.5486, 8.49948, 5.07147, 4.25734, 5.60493, 9.81853, 10.1733, 9.60921, 8.83292, 7.89537, 10.3397, 8.09744, 7.99972, 8.14159, 9.80409, 7.131, 11.9757, 9.954, 9.67519, 9.12373, 5.94586, 3.25774, 0.623144, 3.35024, 5.83198, 13.0166, 16.2684, 22.9531)
(9.48278, 12.2581, 8.80125, 12.5439, 13.9717, 11.103, 10.2656, 7.31143, 2.33514, 4.89521, 7.03191, 12.3992, 5.2231, 8.60646, 8.22079, 5.53886, 12.791, 12.8618, 7.43488, 5.11913, 13.0577, 8.74697, 4.39137, 9.35654, 7.64788, 7.08678, 0.757007, 0.177702, 6.9527, 12.7061, 12.7476, 12.1356, 26.0407)
(8.50275, 9.35426, 7.98127, 13.197, 14.1029, 14.7932, 7.68975, 6.16726, 3.55413, 5.55224, 9.10519, 10.3154, 7.26537, 11.1489, 8.96347, 9.37066, 9.57946, 7.30019, 8.78712, 8.36919, 9.6365, 9.26367, 4.89749, 7.34458, 7.89425, 5.47249, 4.30811, 0.92014, 2.2854, 9.21962, 16.0524, 13.8259, 27.7796)
(6.36573, 7.5372, 11.009, 11.4679, 17.3506, 17.8515, 7.25327, 5.06641, 2.94651, 3.2539, 9.89808, 10.1356, 8.37404, 11.7179, 7.84357, 5.68599, 6.72965, 10.4402, 9.54221, 8.7896, 13.9244, 6.8168, 4.02782, 7.06587, 4.49986, 4.06653, 3.58718, 0.0880694, 2.96044, 11.0268, 12.956, 14.2942, 35.4272)
(4.88209, 4.37852, 7.17826, 16.6627, 23.7985, 17.899, 7.41888, 3.53852, 2.36344, 4.30427, 7.57582, 11.1575, 10.037, 8.42397, 9.03197, 6.91923, 5.45693, 7.06268, 9.70613, 11.686, 11.7743, 8.74428, 7.42986, 3.67176, 3.6794, 3.09115, 2.47216, 0.47103, 3.00034, 8.31299, 18.3749, 22.9232, 26.5732)
(7.7474, 4.11925, 6.75374, 9.52338, 16.937, 24.9106, 3.97858, 1.98841, 1.86144, 9.54367, 12.6366, 7.83662, 8.84012, 11.303, 8.674, 7.66318, 6.24908, 6.46769, 6.16993, 8.92453, 15.932, 11.9398, 4.7221, 2.64065, 7.21798, 8.30591, 5.21129, 1.28328, 10.4062, 18.1449, 9.89669, 11.7351, 20.4359)
(5.9817, 11.7346, 14.0887, 21.9221, 15.489, 13.2985, 8.19644, 3.31689, 0.724362, 1.30158, 3.94619, 4.47602, 11.6149, 9.14819, 8.61762, 10.1001, 10.0663, 13.214, 6.05395, 7.79483, 8.41367, 10.5005, 0.822838, 3.51003, 3.55527, 5.00853, 3.50031, 1.56633, 4.00996, 5.87816, 12.5241, 21.6951, 37.9294)
(9.39639, 12.0561, 10.1529, 12.5785, 14.1057, 9.80796, 6.83995, 4.77064, 3.86265, 6.39933, 10.03, 9.91467, 9.3681, 8.95714, 7.18652, 8.59464, 8.13625, 8.76207, 9.20269, 9.17662, 9.35207, 11.3492, 8.14157, 10.2571, 6.6257, 5.45543, 1.30166, 0.52225, 4.8246, 8.52988, 12.8321, 17.9784, 23.5313)
(8.98869, 7.75814, 10.2992, 11.6853, 19.1348, 11.0213, 7.83975, 3.02049, 2.97024, 9.12301, 8.15913, 12.9778, 10.8396, 7.9805, 6.92543, 5.09487, 7.74426, 7.88955, 7.94674, 8.75258, 10.1817, 13.667, 5.89675, 4.43547, 5.15962, 3.31293, 1.98015, 0.204246, 5.19986, 11.4615, 14.3187, 21.9144, 26.1164)
(10.6438, 11.6513, 11.8162, 12.2436, 12.8785, 10.6987, 5.20325, 4.37291, 5.16369, 5.84646, 9.48165, 11.3634, 7.04096, 10.5413, 8.56347, 7.96247, 8.83091, 9.10664, 10.3523, 9.14151, 7.29619, 9.80088, 14.6839, 8.14078, 5.97904, 4.39587, 1.49122, 0.437813, 4.32291, 7.66148, 12.619, 15.5449, 24.7232)
(12.3465, 7.12818, 6.31102, 6.63228, 9.29572, 11.6142, 9.14864, 7.3782, 6.31777, 8.30803, 15.5195, 15.0222, 9.75797, 9.49371, 7.69379, 9.07882, 7.33207, 7.61806, 5.44333, 6.89102, 8.09197, 13.577, 6.34971, 11.4502, 10.6649, 6.07909, 4.81593, 1.06002, 4.5325, 10.6471, 14.7926, 15.6722, 13.9357)
(15.003, 10.168, 7.24938, 7.04874, 12.0733, 9.632, 6.90162, 6.01344, 5.69493, 7.77883, 12.4368, 13.5489, 7.31616, 9.07967, 6.38521, 9.84475, 7.29423, 7.53594, 9.61735, 7.72011, 8.90106, 12.7566, 11.0706, 9.83617, 9.27316, 6.18587, 1.72372, 0.506215, 4.64768, 9.27925, 13.9804, 14.2706, 19.2264)
(7.06838, 9.10293, 10.0643, 12.5223, 14.4697, 18.3071, 9.09046, 3.6315, 2.41855, 3.69701, 9.62773, 13.7191, 9.4164, 8.39613, 6.92184, 9.2081, 8.29775, 7.80413, 5.15038, 9.80053, 11.057, 10.2286, 3.09306, 4.28709, 5.37592, 5.92252, 6.27562, 0.710509, 3.99502, 11.1851, 14.1782, 18.4427, 26.5342)
(9.18124, 10.0336, 10.417, 12.386, 13.0438, 8.42554, 7.25456, 4.78162, 5.05765, 7.50071, 11.9184, 9.52241, 9.62365, 8.96871, 6.94373, 8.67317, 8.36559, 8.90657, 7.47126, 10.6251, 7.07785, 13.8219, 12.8194, 11.6777, 7.64067, 5.70689, 2.35485, 0.710471, 3.73341, 7.26508, 13.8962, 14.5709, 19.6244)
(8.16979, 7.7978, 9.52642, 9.87796, 12.3967, 13.1489, 8.7987, 5.69934, 3.4857, 7.78452, 13.3142, 12.6906, 8.83369, 8.76819, 9.15962, 7.72376, 6.94008, 8.93667, 8.02115, 8.9219, 9.26396, 10.7404, 8.65226, 7.38887, 7.371, 5.31967, 3.96752, 1.44465, 4.55439, 7.72066, 12.6156, 19.3545, 21.6109)
(5.81366, 7.0395, 10.738, 12.0303, 16.1726, 19.5581, 5.1618, 1.9948, 2.17805, 5.75695, 13.5562, 9.59993, 10.7354, 7.55048, 7.29508, 7.39604, 7.83661, 6.99744, 7.38359, 9.0295, 13.0368, 13.1392, 2.40798, 3.51813, 3.53405, 5.23569, 5.31736, 0.770772, 5.21915, 13.462, 16.8255, 17.5027, 26.2067)
(7.78456, 9.6144, 10.1109, 15.4143, 12.0903, 12.3366, 6.66548, 5.21018, 4.16249, 6.02071, 10.59, 13.4855, 7.66866, 7.76307, 7.91176, 6.30254, 6.78667, 7.49117, 8.87815, 9.45794, 10.9966, 13.258, 6.68528, 6.42944, 6.65102, 4.33548, 1.41056, 0.297524, 4.37729, 8.58781, 18.1193, 16.1636, 26.9427)
(9.16521, 10.9531, 11.0738, 11.5778, 15.0598, 11.0162, 7.86815, 4.74694, 3.96962, 6.55657, 8.01276, 10.1892, 8.74452, 8.29778, 7.98725, 9.37147, 7.99595, 9.42013, 7.99468, 9.08, 9.12664, 11.7924, 7.40625, 10.0002, 6.45483, 6.11874, 1.80684, 0.811526, 4.11521, 7.24882, 14.6632, 17.7363, 23.6381)
(0.538029, 0.62979, 16.4491, 1.18903, 1.20793, 11.3555, 15.9431, 0.202015, 10.4653, 31.1261, 10.894, 21.4337, 16.376, 0.703927, 5.62521, 5.64721, 0.599498, 5.80718, 15.9395, 5.74561, 0.821887, 21.3003, 41.3148, 10.4501, 0.24068, 15.6768, 0.201046, 0.0367445, 0.249799, 15.9796, 11.4774, 1.75943, 2.61365)
(4.92092, 5.24241, 15.9468, 10.9361, 19.4695, 19.4742, 4.60227, 2.9084, 5.09035, 3.87936, 7.52972, 14.7837, 8.74412, 10.2734, 11.3173, 5.24437, 7.3531, 6.00828, 4.99296, 9.42592, 12.2429, 9.61399, 1.52718, 1.01194, 0.894518, 1.37155, 0.74722, 0.213024, 3.5186, 9.84978, 19.0995, 25.4591, 36.3076)
(5.49299, 4.06393, 12.3192, 13.4372, 15.772, 20.978, 5.7452, 3.80323, 4.69559, 6.23693, 7.45563, 13.1785, 6.63217, 10.2225, 9.3179, 6.06321, 5.78616, 9.64627, 6.01377, 9.90128, 8.14962, 15.0886, 3.7399, 3.14794, 4.09959, 4.88802, 1.29697, 0.236354, 5.98178, 9.02227, 14.3527, 24.6629, 28.5716)
(9.60054, 11.0621, 6.79898, 13.3389, 14.0873, 13.7812, 7.10847, 5.59384, 3.64549, 5.36477, 9.61845, 11.0175, 9.21614, 11.2037, 7.6556, 8.92064, 9.68364, 7.34064, 7.92264, 8.30425, 8.84989, 9.88532, 5.61337, 8.13776, 7.19532, 5.97584, 4.69127, 0.805679, 3.11365, 10.1833, 15.7278, 12.9751, 25.5809)
(11.3558, 9.71328, 6.89899, 10.5076, 13.1208, 12.5185, 5.03114, 7.37604, 4.88836, 6.94877, 11.6408, 13.9702, 8.80215, 9.0611, 8.34358, 8.0247, 6.68725, 8.22649, 7.59522, 8.84848, 7.73448, 12.7064, 7.89232, 10.0553, 8.29671, 5.66613, 2.82427, 0.48605, 4.73492, 9.20262, 13.2727, 13.2539, 24.3151)
(9.93723, 7.06659, 6.70289, 8.62092, 13.3519, 14.9553, 8.72593, 6.29524, 6.37798, 7.36795, 10.598, 10.9241, 8.87129, 9.90134, 9.51335, 8.31714, 7.0236, 7.44698, 5.72779, 9.47977, 10.3535, 12.4412, 9.34374, 10.5246, 9.74387, 5.99908, 3.28641, 1.07524, 4.03607, 8.09288, 14.4103, 14.8261, 18.6617)
(11.7163, 10.8217, 12.4439, 11.5471, 12.0067, 9.71046, 5.27447, 5.54887, 4.50198, 6.26421, 10.1644, 10.626, 8.21798, 10.1254, 8.25255, 7.99882, 7.42691, 9.14743, 7.7747, 9.14046, 8.60119, 12.6887, 8.70094, 9.51041, 6.83167, 6.83812, 2.23425, 0.838957, 3.02389, 6.75464, 12.5911, 15.4676, 27.2084)
(10.3412, 11.76, 11.0157, 10.6529, 11.4963, 10.4252, 7.28163, 3.05338, 5.91195, 5.89974, 12.162, 10.3411, 8.91123, 10.856, 8.40621, 7.78877, 8.7171, 9.49419, 10.2198, 6.82973, 7.95928, 10.4766, 7.03276, 7.45226, 4.83627, 4.72538, 3.16661, 0.563156, 4.65717, 6.35972, 14.8309, 15.8919, 30.4839)
(5.61185, 6.44245, 11.4107, 12.3484, 16.9019, 20.473, 7.08334, 5.15696, 4.4968, 3.42916, 6.64535, 11.9134, 9.23881, 12.2721, 6.59403, 7.64058, 7.12305, 8.34081, 7.19265, 7.74861, 14.8683, 7.06769, 4.72041, 6.69797, 4.29802, 3.65372, 3.13875, 0.0802674, 2.26436, 11.9063, 12.6304, 15.2375, 35.3722)
(5.58284, 8.12465, 8.30739, 11.5733, 20.0143, 16.1888, 5.84941, 3.65041, 6.76636, 7.03265, 6.90985, 14.4688, 8.38686, 8.90451, 7.2746, 9.04129, 8.33035, 7.74052, 6.38701, 8.73067, 11.0275, 9.70791, 5.34565, 4.28283, 5.34947, 2.82939, 1.23396, 0.232606, 3.45739, 9.47632, 23.2109, 22.178, 22.4035)
(0.659565, 0.934868, 15.5111, 9.51702, 53.211, 9.87207, 8.1656, 0.442994, 0.511555, 0.388093, 0.786152, 1.13918, 8.67846, 8.04296, 8.31973, 8.4513, 15.4496, 22.9722, 9.15133, 15.4442, 1.15415, 1.19685, 0.487628, 7.80558, 0.753994, 0.457607, 0.260497, 0.114002, 0.429436, 1.14059, 1.76962, 2.96351, 83.8175)
(8.96115, 7.90702, 18.8529, 10.0202, 13.1497, 3.79809, 6.94706, 2.9023, 5.85036, 8.00361, 13.6076, 9.71612, 11.3337, 9.60724, 5.57665, 7.35427, 4.56893, 5.76754, 12.46, 12.4529, 11.2858, 9.87697, 20.4236, 9.53839, 6.11149, 4.91541, 0.383165, 0.0984257, 2.5287, 5.20145, 12.3675, 11.902, 26.5299)
(12.266, 7.6072, 7.4534, 8.71319, 10.4212, 12.7284, 8.27396, 5.35519, 4.73185, 7.86447, 14.5852, 12.9347, 9.96556, 9.48174, 7.85693, 7.38751, 6.70137, 7.93142, 6.75336, 8.69582, 9.88732, 12.4043, 7.01999, 6.98336, 5.9915, 5.49208, 3.47532, 0.753317, 3.92298, 8.83192, 13.0576, 18.2571, 26.2149)
(15.6717, 3.42957, 8.63132, 7.04747, 7.22002, 12.612, 5.21498, 5.73836, 7.37161, 8.50263, 18.5604, 10.748, 13.087, 11.282, 10.293, 5.9157, 3.31092, 6.05404, 5.9252, 7.82546, 12.2341, 13.3245, 4.08272, 8.48972, 9.28972, 7.47254, 4.6823, 0.966153, 2.16738, 7.8257, 10.8629, 19.9456, 24.2152)
(5.73997, 8.0185, 12.2038, 11.9763, 20.7481, 16.0136, 4.14669, 2.04567, 2.347, 4.75676, 12.0035, 9.86822, 11.2047, 9.28145, 6.61334, 7.81161, 6.38344, 8.48735, 7.21702, 10.4808, 11.7688, 10.8833, 2.44507, 2.73683, 2.87471, 3.33109, 3.00746, 0.625274, 7.32695, 14.3067, 17.8273, 20.4902, 25.0284)
(9.58494, 10.5077, 10.1053, 8.37036, 8.97444, 10.6272, 7.76466, 6.52809, 5.64507, 8.02747, 13.8647, 12.3597, 9.29728, 8.02528, 6.91766, 10.1535, 7.12362, 8.28357, 7.42631, 8.51798, 9.05758, 12.8375, 4.16071, 9.73784, 6.56007, 4.54805, 3.70813, 0.900369, 4.65313, 7.91393, 12.0798, 17.2826, 28.4554)
(10.0896, 10.9907, 11.9481, 8.83344, 10.0654, 11.3849, 6.34119, 5.35198, 4.89825, 6.91337, 13.1831, 12.5363, 9.87252, 9.90172, 7.2907, 7.43224, 7.04244, 7.87531, 7.75378, 6.55816, 12.2952, 11.4417, 5.05494, 7.41234, 7.213, 4.81316, 3.05314, 0.603286, 5.10185, 9.34985, 12.4429, 17.8709, 27.0846)
(4.76959, 6.16587, 10.5578, 14.3672, 18.6828, 22.5879, 4.08062, 0.9679, 4.54216, 4.85723, 8.42079, 4.71886, 9.49196, 13.369, 7.27023, 6.29796, 14.3708, 7.959, 11.7081, 7.32834, 9.33187, 8.15395, 5.33454, 3.21217, 5.11084, 2.42063, 2.92257, 0.116175, 3.66509, 8.06222, 16.0798, 21.2887, 31.7872)
(8.88741, 7.63102, 9.0313, 9.5245, 12.4585, 16.1554, 8.19235, 6.13095, 5.1544, 6.11474, 10.7195, 9.79469, 9.50665, 9.0214, 7.19493, 5.7644, 7.71725, 7.50324, 8.83537, 9.85507, 11.8287, 12.9783, 6.39114, 8.34097, 6.70445, 4.43789, 3.59213, 0.936315, 4.3504, 6.75386, 14.0403, 18.9254, 25.5271)
(5.2437, 2.85703, 5.50128, 9.70111, 19.0237, 28.6194, 3.95987, 1.97398, 1.88425, 11.0515, 10.1841, 8.02239, 8.99203, 14.0621, 7.70804, 7.83566, 5.37125, 6.73916, 5.06845, 9.06069, 15.2332, 11.907, 3.56626, 2.69834, 7.33536, 9.79049, 6.62916, 1.37293, 10.7247, 18.8074, 12.7137, 9.34952, 17.0122)
(8.21429, 10.9429, 11.9574, 21.1258, 13.4789, 11.7228, 10.4336, 4.6225, 0.806374, 1.47322, 5.22226, 5.69983, 13.6918, 5.07082, 5.8676, 12.2394, 8.42966, 14.8645, 9.20648, 5.17083, 7.98553, 11.7736, 2.05219, 4.80406, 6.16986, 4.797, 2.24665, 1.50168, 2.64994, 7.01941, 13.1665, 21.9592, 33.6334)
(11.0896, 9.37789, 11.9206, 12.2162, 12.9308, 8.41012, 6.43812, 4.85492, 6.9351, 7.28524, 8.54143, 8.64969, 8.63562, 8.28258, 11.1648, 6.71777, 8.97511, 9.77896, 10.2833, 9.31272, 7.54774, 10.6517, 9.88943, 10.2907, 5.49628, 4.49493, 2.96828, 0.278397, 1.79744, 5.33681, 14.9069, 18.9195, 25.6214)
(7.3729, 7.84627, 8.45374, 13.8954, 13.5685, 9.24339, 5.84667, 7.80973, 5.41327, 10.0121, 10.538, 13.9346, 10.9305, 9.51385, 5.42362, 6.23756, 8.34356, 7.11525, 6.89819, 9.92836, 10.5934, 11.0811, 7.73269, 8.10657, 7.50092, 3.97877, 2.21918, 0.36085, 2.36455, 6.91194, 13.2477, 19.8422, 27.7346)
(11.9685, 7.09158, 6.95301, 10.4026, 8.60155, 15.9494, 7.47836, 3.49332, 6.33983, 6.84114, 14.8807, 12.7251, 9.5835, 10.0349, 7.33403, 7.91129, 9.00019, 7.51931, 7.70858, 8.15194, 7.44699, 12.5841, 5.72579, 4.85157, 4.47669, 4.56025, 5.14239, 1.25331, 3.34725, 11.7475, 16.9083, 15.3544, 26.6326)
(9.41732, 14.0781, 19.1007, 21.2302, 11.1422, 6.24488, 2.15871, 1.80059, 1.38437, 2.69667, 10.7463, 6.46136, 6.86074, 8.99975, 9.03599, 14.381, 8.17868, 16.7369, 9.40157, 6.7089, 8.69753, 4.53762, 4.85144, 3.01205, 2.52481, 2.09236, 1.09618, 0.0591392, 1.66214, 5.74981, 13.0922, 21.9715, 43.8884)
(8.49096, 11.8272, 18.9599, 14.9189, 16.2385, 7.74368, 4.2979, 4.22695, 1.83886, 3.046, 8.41109, 6.47879, 6.54754, 8.79925, 10.0121, 9.15311, 11.7325, 12.232, 8.84739, 10.1852, 9.52451, 6.48763, 6.20457, 4.8118, 4.02803, 2.49284, 0.866146, 0.113028, 2.52389, 6.534, 14.6184, 20.628, 37.1793)
(7.06758, 8.60451, 11.5606, 16.0983, 18.151, 14.2702, 5.33552, 2.69747, 2.92025, 6.04625, 7.24835, 9.73444, 10.6078, 10.1987, 8.21521, 8.19015, 8.02162, 8.91746, 7.751, 8.86349, 9.59242, 9.90773, 2.54215, 3.09854, 3.7242, 2.77088, 2.18815, 1.21152, 4.6215, 11.6021, 16.3292, 22.4447, 29.4671)
(11.3646, 11.8936, 14.0093, 18.358, 14.6077, 10.4908, 3.6537, 1.66582, 1.88895, 3.4723, 8.59518, 7.95122, 9.95113, 11.3359, 8.89383, 13.5137, 7.72004, 14.4614, 7.08082, 6.77264, 6.85193, 5.46745, 3.71237, 3.73577, 3.47782, 2.61376, 1.33527, 0.0610807, 1.95326, 8.3013, 16.5957, 19.0348, 39.1789)
(7.46224, 6.75672, 9.07875, 12.1658, 16.0288, 18.2959, 7.95961, 3.35448, 3.14803, 6.80759, 8.9421, 12.1548, 11.7412, 9.68481, 8.22641, 6.65869, 7.32144, 8.8161, 7.64388, 6.40969, 9.33909, 12.004, 4.17369, 4.21292, 4.46196, 4.57063, 3.37126, 1.31675, 4.61943, 10.2361, 17.2644, 18.6941, 27.0787)
(9.23153, 9.01997, 10.207, 13.5071, 12.9901, 13.9086, 8.84209, 3.65663, 2.68975, 5.19073, 10.7566, 10.4534, 11.7345, 9.05128, 7.06944, 8.43435, 6.88279, 9.84457, 6.50859, 8.16436, 9.68868, 12.168, 3.37466, 4.53229, 4.77803, 5.25295, 3.94013, 1.0142, 4.41018, 9.38443, 13.7225, 19.0928, 30.4978)
(6.62328, 5.24025, 7.10709, 17.3922, 23.2215, 17.5818, 6.95327, 3.14107, 2.58147, 3.47312, 6.68487, 9.72642, 9.62848, 8.76836, 8.64795, 7.79998, 6.05871, 8.42507, 10.2286, 10.4608, 11.7543, 8.50135, 6.6687, 3.43652, 4.33688, 3.24119, 2.03961, 0.579413, 2.8758, 9.18866, 17.7627, 21.6164, 28.2541)
(6.32583, 6.68265, 7.99077, 11.8058, 20.8909, 20.2673, 6.35458, 3.20721, 3.29607, 5.66269, 7.51624, 10.4537, 9.19177, 9.52574, 10.0976, 7.23741, 9.61905, 11.0038, 6.22785, 7.86319, 9.66735, 9.11254, 5.33859, 6.15352, 4.26953, 4.66221, 1.96645, 0.380602, 3.82037, 9.4671, 15.376, 21.4195, 27.1461)
(8.42565, 8.81267, 11.3969, 12.5911, 15.6402, 13.4735, 6.3021, 3.28717, 4.06234, 6.14409, 9.8643, 10.8391, 9.77761, 8.1435, 8.2528, 8.36193, 7.00189, 8.60756, 9.54217, 8.77427, 10.0997, 10.5994, 4.52078, 4.4549, 4.72443, 3.85427, 2.30462, 0.801271, 4.32534, 10.4561, 13.4805, 19.6332, 31.4446)
(7.77347, 4.76674, 7.90324, 7.73476, 15.6876, 13.3328, 7.42844, 3.54359, 9.95553, 5.55551, 16.3183, 9.7956, 13.0701, 8.54649, 9.25142, 7.90084, 6.42394, 6.64656, 7.8932, 5.82814, 12.0993, 12.5444, 9.35789, 3.01832, 7.80739, 5.49898, 2.23688, 3.07641, 2.84831, 10.1759, 9.26493, 19.5151, 27.1999)
(8.93738, 7.08934, 9.35768, 12.0909, 14.5405, 15.4247, 8.4268, 3.4874, 3.44341, 6.87559, 10.3264, 12.4606, 9.47514, 9.26356, 8.52261, 5.71474, 7.12169, 8.35811, 8.02691, 7.59445, 11.5987, 11.8635, 5.24661, 4.79404, 5.81324, 5.10734, 3.0967, 1.57148, 4.1359, 9.70136, 15.4342, 18.6797, 26.4195)
(7.10026, 7.03394, 9.99967, 15.8686, 22.5507, 13.9002, 5.30138, 3.42219, 4.09415, 4.1011, 6.62782, 7.55681, 7.62648, 11.5888, 8.48237, 6.38911, 6.83053, 7.33457, 12.3018, 8.9808, 12.1405, 10.7682, 7.68233, 4.68126, 3.81814, 2.99728, 3.05247, 0.430431, 3.18396, 9.15408, 14.9898, 21.1857, 28.8246)
(7.05184, 5.14738, 11.3429, 11.9168, 22.8581, 10.8894, 5.72632, 3.85299, 3.44902, 7.39686, 10.3685, 12.9296, 5.9659, 13.7458, 6.10446, 5.73213, 9.34776, 7.0397, 10.8627, 8.18114, 10.2925, 9.79831, 9.12563, 6.40762, 4.71566, 1.98835, 1.10441, 0.614006, 1.33508, 8.07258, 18.4946, 20.1508, 27.9913)
(6.60755, 9.09363, 10.925, 18.9591, 15.5623, 15.8307, 7.23318, 1.95841, 2.24354, 4.52767, 7.05894, 9.15914, 13.6606, 8.41187, 8.53405, 8.15508, 7.21315, 9.74188, 7.95052, 7.40608, 10.5936, 9.17399, 1.53523, 2.78027, 4.32635, 4.80917, 2.62675, 0.681053, 3.39137, 7.95093, 17.0752, 22.0822, 32.7415)
(0.849962, 10.1213, 10.6306, 10.9624, 6.29144, 15.2342, 10.0918, 0.493296, 5.15961, 5.49455, 24.6709, 15.2102, 5.70462, 1.23, 5.40697, 19.309, 5.57798, 5.59706, 5.85557, 5.49845, 15.2856, 15.3245, 0.738245, 10.0339, 0.651158, 5.01485, 0.170632, 0.104325, 0.221628, 0.824907, 24.9682, 16.5528, 40.7193)
(5.267, 6.73973, 11.0115, 17.451, 24.3122, 16.6589, 5.29643, 2.20693, 2.2297, 4.01915, 4.80748, 5.9584, 9.75539, 8.46106, 9.09346, 9.26083, 9.33024, 11.5514, 13.6298, 7.11337, 8.02252, 7.82345, 2.34274, 3.27224, 4.84692, 2.96122, 1.48768, 0.32176, 3.04114, 7.67489, 15.4122, 18.3256, 40.3136)
(3.75508, 8.19542, 16.2612, 16.5876, 14.9723, 10.9032, 7.48332, 2.79745, 2.44153, 7.5637, 9.0392, 6.61364, 9.01707, 13.0454, 5.32675, 4.96628, 7.30056, 10.6515, 16.4443, 6.73061, 9.0281, 10.8757, 6.31788, 5.31628, 4.75912, 0.932252, 0.351947, 0.347911, 0.605451, 6.267, 13.8403, 24.0222, 37.2397)
(3.72936, 4.14353, 5.89029, 28.3717, 27.8604, 16.507, 3.23835, 1.21442, 0.993849, 4.51549, 3.53557, 11.4256, 10.7219, 5.29628, 12.9163, 11.6912, 9.30487, 7.56828, 6.17387, 8.68042, 5.0288, 11.1926, 3.23435, 1.33521, 1.57001, 1.78796, 1.08055, 0.424349, 1.73864, 4.98422, 18.1436, 23.3985, 42.3027)
(6.07534, 3.52576, 11.4412, 19.2021, 23.0874, 23.4583, 6.04344, 3.10611, 0.907924, 1.20815, 1.94431, 4.41136, 4.21622, 13.7713, 6.51348, 3.75497, 12.9478, 4.20613, 11.7206, 19.7429, 11.8007, 6.91445, 1.78886, 12.0805, 7.72735, 0.857321, 0.540165, 0.190049, 0.727896, 10.9643, 15.0057, 18.7121, 31.4058)
(1.06273, 0.887438, 1.52988, 6.38175, 26.2539, 25.775, 16.4258, 11.9446, 8.08611, 0.669986, 0.982787, 5.21715, 9.19492, 5.46093, 20.5702, 4.87535, 8.89765, 12.7013, 13.1002, 12.9092, 5.62686, 1.44624, 27.6094, 8.27249, 4.54199, 4.49764, 0.406256, 0.125973, 4.3349, 5.38609, 14.054, 14.7342, 16.0371)
