(7.51279, 8.95236, 13.1277, 16.1177, 19.491, 13.0831, 5.06762, 2.03254, 1.75711, 5.086, 7.77209, 8.60005, 7.97379, 6.85254, 11.5366, 8.40608, 8.24795, 10.9367, 10.8364, 6.98396, 9.38842, 10.2376, 1.91747, 2.00604, 2.87739, 3.61132, 2.45742, 0.918583, 3.99894, 8.3993, 13.4804, 20.7598, 39.5733)
(6.48961, 11.6018, 15.4081, 16.5693, 19.4455, 10.4716, 3.40662, 1.85789, 2.50678, 4.71191, 7.53099, 9.08329, 9.40593, 9.86618, 8.67896, 9.3208, 8.46286, 10.319, 9.31618, 8.01591, 9.20973, 8.32118, 2.43824, 1.83804, 2.0852, 2.4484, 1.77568, 0.667122, 4.46853, 11.5181, 17.861, 20.8446, 34.055)
(10.5609, 8.38195, 7.01514, 9.55705, 14.9517, 13.3438, 6.18373, 3.26076, 4.74204, 8.75781, 13.2451, 12.9402, 11.0337, 8.78254, 8.0736, 6.32737, 6.61521, 7.25287, 6.80818, 7.61889, 10.2523, 14.2951, 7.91971, 4.99745, 5.01525, 3.40616, 3.13828, 1.17126, 3.9472, 10.6805, 15.1006, 19.9834, 24.6402)
(11.9334, 7.87848, 9.90356, 11.6897, 12.6781, 7.82776, 6.18848, 6.12428, 5.25813, 8.80625, 11.7119, 14.4038, 10.867, 11.694, 7.02303, 5.31166, 7.88908, 9.12255, 7.02992, 9.21356, 7.80005, 9.64544, 7.33665, 9.23338, 6.59063, 4.39102, 2.07566, 0.738079, 2.02852, 6.73448, 13.1036, 18.0145, 29.7535)
(7.73002, 10.1883, 12.9378, 16.0894, 19.287, 11.8008, 4.41603, 1.81446, 2.49702, 4.9745, 8.2647, 8.63078, 9.95532, 10.3976, 8.37577, 7.80993, 8.06223, 11.4011, 9.41998, 8.09555, 9.60334, 8.24846, 2.59765, 2.34609, 2.41893, 2.57168, 1.59279, 0.950731, 4.85991, 11.3116, 16.8333, 21.7889, 32.7284)
(10.1302, 9.835, 7.66036, 8.39609, 12.19, 11.6353, 8.15008, 7.32377, 5.77795, 7.51943, 11.3819, 10.8573, 7.96102, 9.25343, 8.03002, 9.78423, 8.38191, 9.25805, 7.75873, 9.01871, 9.34564, 10.3509, 11.2428, 10.0018, 7.75915, 5.85415, 2.64864, 1.03438, 3.99471, 6.61453, 14.1108, 15.582, 21.157)
(9.92013, 9.63044, 7.59394, 8.44584, 12.7796, 11.2376, 7.92418, 6.74802, 6.39547, 8.88635, 10.4384, 10.8058, 8.21101, 7.82365, 9.07183, 9.45364, 8.91091, 9.33313, 7.64728, 8.48114, 9.26253, 10.999, 10.6434, 12.0318, 7.70717, 6.38654, 2.54028, 0.75128, 3.66805, 6.67929, 12.5844, 16.1683, 20.8395)
(11.3122, 6.89493, 8.21984, 9.01424, 10.8805, 13.6761, 8.39351, 4.27869, 5.32655, 8.50417, 13.4992, 11.7707, 10.5219, 9.76416, 8.7184, 6.365, 7.28023, 6.76938, 7.54753, 7.90015, 10.7299, 12.6327, 6.30777, 6.48671, 6.15834, 4.79562, 4.26454, 1.0619, 4.88822, 9.42036, 12.8993, 19.5242, 24.193)
(10.7619, 9.05223, 9.53662, 11.0627, 14.6701, 11.9846, 6.94924, 2.411, 4.12805, 7.74819, 11.6954, 13.4918, 9.55697, 9.68522, 6.96743, 5.15336, 7.77093, 6.88027, 7.88403, 8.87588, 9.29189, 14.4422, 8.1509, 5.75076, 4.73867, 2.50496, 2.85234, 0.737721, 4.02663, 9.91893, 14.2281, 21.098, 25.9931)
(10.0269, 11.3038, 15.5026, 17.8834, 15.6743, 7.49679, 3.98503, 2.82787, 1.67034, 3.60515, 10.0238, 6.64994, 6.2972, 10.7048, 9.49759, 10.6539, 7.38027, 13.4937, 9.20034, 9.60952, 9.47264, 7.04004, 6.44973, 4.98349, 3.00633, 2.34804, 1.5404, 0.158005, 2.78499, 7.57185, 15.6373, 20.4795, 35.0404)
(9.354, 8.09801, 10.4894, 11.9439, 14.551, 13.8934, 6.71671, 3.63719, 3.95592, 6.88135, 10.4791, 13.5198, 10.7666, 8.00453, 7.86025, 6.30072, 6.30659, 7.50367, 7.94334, 8.63612, 10.8875, 12.2708, 4.0126, 4.01108, 4.34317, 3.42817, 2.85595, 1.11892, 4.7874, 8.43172, 14.5658, 19.7967, 32.6485)
(7.3457, 12.3114, 14.3222, 17.7994, 15.9506, 8.91167, 3.82538, 3.91017, 1.71393, 3.36843, 10.5411, 6.5381, 6.50881, 10.3939, 8.38548, 9.99595, 9.41627, 13.0895, 10.3213, 9.91366, 9.53409, 5.9029, 5.54936, 5.34671, 3.90309, 2.39271, 1.77041, 0.523018, 3.25968, 7.05394, 16.8405, 19.938, 33.4226)
(8.39907, 8.06206, 8.6942, 9.2622, 11.526, 14.1132, 8.77448, 5.78019, 4.36685, 7.40608, 13.6157, 11.4314, 8.8719, 8.34987, 7.99065, 8.23797, 7.54405, 9.14681, 8.60358, 9.03832, 10.0283, 10.7572, 6.53781, 7.23524, 6.69117, 6.09567, 4.43134, 1.08924, 4.23296, 8.27896, 13.1503, 18.4505, 23.8068)
(6.55017, 6.49403, 11.5729, 15.3403, 21.007, 16.0142, 6.10257, 2.5673, 2.57531, 4.73107, 7.0451, 8.83308, 11.1901, 9.00459, 9.41182, 7.24035, 8.11722, 10.3228, 9.29616, 7.87004, 9.39934, 9.31454, 2.39603, 2.82919, 3.50482, 3.6668, 2.92697, 0.941337, 4.50996, 9.03488, 13.2977, 20.6142, 36.2782)
(7.07006, 6.17245, 8.12034, 11.2209, 14.0415, 16.8429, 8.56393, 4.88924, 4.17451, 6.53906, 12.3651, 10.5035, 9.2193, 9.52104, 8.44813, 7.99223, 8.33277, 9.69263, 7.588, 8.66977, 9.15997, 10.8727, 4.68389, 6.88308, 6.67482, 5.11542, 4.82204, 1.34839, 4.28324, 10.5676, 14.6449, 18.3833, 22.5933)
(7.12087, 9.34521, 13.127, 14.1989, 18.0471, 14.6822, 5.88091, 2.4673, 2.25507, 4.24702, 8.62845, 10.4205, 9.08424, 9.39864, 7.54603, 8.24516, 8.23787, 10.1535, 7.53463, 8.9988, 11.0315, 9.34911, 2.5229, 2.95725, 3.1561, 3.8463, 3.17368, 0.977979, 4.92276, 11.193, 16.421, 21.6451, 29.1839)
(11.3733, 11.5234, 10.5028, 10.4164, 12.3843, 10.1826, 6.30272, 5.23948, 5.32474, 6.08076, 10.6694, 11.0438, 7.94548, 10.2245, 7.80071, 8.36854, 8.78388, 9.15553, 9.36485, 9.04572, 7.83998, 10.427, 12.1081, 9.2562, 6.8028, 5.23227, 1.89728, 0.422577, 3.83225, 7.53283, 12.9235, 15.0625, 24.9296)
(9.158, 7.48327, 9.11077, 12.1938, 13.7848, 15.2704, 8.2881, 4.20166, 3.69024, 6.4346, 10.3844, 11.6678, 11.0373, 8.9225, 7.84018, 7.44976, 6.99339, 8.58312, 7.44265, 7.49816, 10.102, 12.4631, 4.65734, 5.45336, 5.24383, 5.0695, 3.29976, 1.16074, 4.40247, 9.2175, 14.537, 19.2155, 27.743)
(10.1276, 11.2334, 14.1132, 17.2601, 14.5943, 9.55258, 3.84007, 3.2298, 2.52873, 3.6795, 9.84074, 6.57582, 7.30584, 9.87264, 9.88576, 11.2713, 9.8828, 13.7421, 9.42655, 8.11088, 7.71838, 6.20799, 6.4283, 5.38306, 3.50765, 3.13312, 1.1059, 0.14043, 2.24995, 6.83706, 15.3823, 19.2652, 36.567)
