(0.290974, 0.69408, 15.1561, 8.56346, 41.624, 26.1087, 1.19224, 0.670997, 0.418884, 4.82966, 0.450926, 14.3044, 5.75205, 6.19311, 14.6459, 10.9639, 6.0723, 2.87134, 11.0157, 10.7961, 6.54634, 10.8388, 5.0064, 5.25385, 1.01263, 0.445473, 0.110056, 0.0401813, 0.546209, 5.60711, 10.8862, 35.9914, 35.1005)
(0.131584, 0.139598, 12.4053, 6.73503, 43.2724, 12.6188, 12.239, 6.15734, 0.091601, 6.11808, 0.0912255, 6.24262, 0.196438, 6.26595, 6.23169, 6.31792, 12.4182, 0.475176, 12.5345, 18.4873, 6.3061, 24.5241, 0.0510332, 6.12196, 6.09235, 0.0698514, 0.00562298, 0.00914212, 0.109097, 6.25969, 12.5372, 18.9372, 49.8069)
(5.34237, 3.23101, 8.59702, 23.6522, 21.9859, 19.8716, 4.94157, 3.60183, 4.60134, 1.57317, 2.60208, 7.41523, 3.79691, 5.85066, 6.72205, 8.69053, 7.2327, 18.2914, 12.7737, 9.23649, 8.62764, 11.3627, 3.2981, 3.2172, 0.797802, 3.5423, 0.323148, 0.230361, 2.60989, 7.81459, 17.3165, 21.5641, 39.286)
(3.42078, 9.87883, 10.9631, 16.1074, 27.2507, 20.1889, 5.81808, 1.01764, 3.10696, 0.992704, 1.25485, 4.44035, 11.1125, 2.77387, 2.52086, 9.52781, 3.21751, 11.5364, 13.6192, 19.0061, 11.5595, 10.6859, 0.998009, 3.21181, 2.76198, 5.05183, 0.135226, 0.0989162, 5.79376, 11.2478, 11.9561, 17.8387, 40.9059)
(0.892784, 1.65538, 21.3536, 16.5608, 22.8341, 28.2713, 1.22673, 0.625178, 0.740211, 2.87832, 2.96158, 3.86695, 11.2341, 6.48075, 6.2102, 6.99684, 6.18394, 12.516, 16.9603, 14.7395, 7.21698, 7.59443, 3.07421, 3.09954, 0.681959, 0.900744, 0.10244, 0.0662308, 7.93276, 6.8382, 17.1511, 24.6732, 35.4796)
(0.828684, 1.05209, 13.7402, 19.477, 21.525, 11.7149, 8.93233, 12.6119, 0.553183, 0.788049, 8.77668, 9.37383, 9.65609, 1.92307, 5.87785, 10.0744, 1.66986, 6.33878, 5.86274, 17.4475, 21.5161, 10.2598, 12.6021, 1.01614, 13.0918, 0.688345, 0.160131, 0.0332343, 0.645417, 1.58103, 6.44379, 28.6049, 35.1331)
(2.22661, 5.47155, 16.1076, 18.219, 22.3759, 22.6367, 2.7842, 2.48833, 1.67641, 3.31795, 2.69559, 5.7367, 6.24974, 11.7118, 8.12237, 7.83912, 5.70236, 13.4335, 10.3076, 10.8335, 8.79894, 11.2644, 3.30677, 2.93355, 1.78365, 3.15202, 0.418596, 0.244241, 3.61667, 6.77109, 13.5675, 26.2685, 37.9374)
(6.98843, 6.66053, 6.73567, 0.857058, 13.7282, 25.5796, 6.6383, 19.0238, 0.57354, 6.54542, 6.66939, 19.4239, 19.2139, 0.769506, 6.95259, 6.70141, 6.49699, 0.492874, 6.5723, 0.660214, 13.2435, 19.4728, 13.1377, 12.9972, 18.8675, 6.67432, 0.183649, 0.0221457, 0.395641, 0.664286, 7.00367, 26.1075, 13.9463)
(0.610217, 1.66349, 5.26709, 21.0941, 39.1274, 17.5116, 4.40236, 4.41817, 1.98836, 2.87156, 1.04574, 3.74564, 7.29729, 7.99956, 7.04273, 12.0887, 8.53709, 17.0586, 12.6349, 7.08267, 8.87313, 7.63966, 1.10318, 4.36078, 6.10511, 1.12419, 0.255627, 0.0613839, 1.40779, 4.54048, 10.4683, 27.863, 42.7101)
(0.0846778, 0.294205, 1.31284, 34.2329, 42.9361, 12.9633, 6.54108, 0.72492, 0.244471, 0.483389, 0.182103, 1.5521, 1.52918, 5.81311, 6.34339, 15.2472, 20.4603, 19.8206, 10.8734, 14.5933, 1.71995, 2.04745, 0.260143, 1.72682, 9.72663, 0.197209, 0.0520156, 0.00952439, 0.160395, 1.07816, 9.98936, 14.7326, 62.0671)
(8.52313, 4.53647, 12.5946, 13.0744, 25.1863, 9.42631, 4.51442, 8.44668, 4.3918, 4.67534, 4.63055, 12.8588, 12.7333, 4.99961, 8.77104, 12.3915, 0.576802, 0.547106, 12.4866, 4.70911, 24.3295, 5.59661, 8.86426, 4.51774, 0.473704, 4.3343, 0.158773, 0.011083, 4.44285, 12.5599, 16.9212, 21.7326, 25.9836)
(5.88228, 5.63445, 8.6336, 17.7067, 19.814, 15.0712, 6.21727, 3.70172, 3.93226, 4.75751, 8.64902, 9.88949, 10.9467, 9.96093, 10.5897, 8.85113, 6.59456, 7.45286, 8.07874, 7.72383, 8.14612, 11.766, 3.20623, 3.00284, 2.8284, 3.64721, 1.24709, 0.118438, 3.39473, 10.3568, 17.1174, 24.1461, 30.9347)
(4.32405, 6.82669, 10.8963, 16.9571, 19.9814, 16.3188, 6.77118, 4.48545, 3.50373, 2.99266, 6.94255, 7.44654, 8.37616, 7.94339, 8.36079, 9.26396, 6.10411, 9.18456, 8.31495, 9.30156, 11.6175, 14.0865, 3.78641, 5.56881, 4.9717, 3.90889, 1.57423, 0.578176, 3.78274, 7.80354, 10.2656, 19.6286, 38.1313)
(0.524082, 3.18174, 10.7357, 19.493, 26.2745, 23.9462, 10.1111, 3.32667, 0.677163, 0.864904, 0.864924, 9.84343, 6.18888, 8.81388, 8.26392, 13.2493, 6.04805, 3.25017, 6.83622, 8.58177, 17.502, 11.4224, 4.93065, 5.74255, 5.73881, 6.91722, 0.263616, 0.0505177, 0.845156, 4.05945, 11.2338, 29.2882, 30.93)
(22.0209, 21.8204, 0.142161, 0.22671, 0.372407, 0.428921, 5.56237, 16.4652, 11.0388, 5.53944, 16.3827, 16.6322, 11.12, 5.6211, 11.0902, 0.148824, 5.5574, 16.3797, 0.120161, 11.0157, 16.5069, 5.80781, 21.9574, 11.1953, 27.274, 16.4516, 5.49489, 0.00405753, 5.4916, 0.168001, 0.218979, 5.90196, 5.84213)
(6.9371, 3.96027, 7.2026, 10.5659, 14.6431, 16.9333, 4.22946, 4.08404, 6.53432, 15.0323, 9.87766, 8.02382, 7.65761, 10.1133, 12.783, 1.79669, 9.22207, 3.91378, 4.7635, 6.92529, 13.0392, 21.7617, 28.7692, 4.07766, 3.6798, 1.03036, 0.327163, 0.106304, 11.8585, 4.70291, 8.31751, 18.086, 19.0446)
(9.18266, 5.17997, 9.91599, 18.1453, 19.9816, 16.2425, 3.57347, 1.64818, 5.52634, 4.49296, 6.11103, 14.3415, 13.1063, 11.6483, 11.3571, 5.71453, 6.76282, 8.42545, 7.37627, 9.87673, 5.60039, 5.7906, 1.56403, 4.11139, 2.56955, 2.7068, 0.484802, 0.0904341, 4.16423, 5.93667, 14.718, 27.4247, 36.2295)
(5.67065, 7.12826, 8.74519, 17.3575, 18.8894, 16.5347, 4.3895, 4.64982, 4.03391, 3.60165, 8.9994, 9.39791, 8.11878, 8.80238, 6.46497, 6.10098, 9.24937, 11.4171, 9.85873, 8.6719, 9.57469, 12.3431, 3.02882, 3.41051, 2.19219, 2.70034, 1.24331, 1.0625, 5.13567, 5.61486, 15.37, 26.1464, 34.0954)
(4.06336, 8.34753, 15.665, 21.6947, 14.3618, 12.4632, 6.00212, 5.822, 1.27176, 8.21649, 2.09203, 11.7358, 7.26311, 14.0005, 4.69632, 4.74398, 3.77805, 5.77026, 10.9116, 13.0245, 4.774, 19.3019, 4.02132, 3.44161, 0.964073, 5.48661, 2.54171, 0.0324317, 1.24144, 9.57153, 17.1193, 19.4206, 36.1593)
(5.82515, 5.89436, 3.9414, 12.0288, 31.7705, 14.2729, 5.84906, 5.71923, 5.46343, 5.79182, 3.44335, 8.93019, 6.33879, 18.5943, 10.9862, 8.51858, 3.22014, 3.30103, 6.07954, 3.75148, 10.9813, 19.2984, 8.18866, 3.26434, 3.02967, 3.14188, 0.299257, 0.0231783, 7.83561, 13.6138, 14.2772, 29.8986, 16.4278)
(5.14925, 5.70637, 6.86328, 20.5381, 17.9947, 20.8536, 6.55157, 2.86766, 1.6894, 2.8195, 8.96649, 5.60744, 12.5033, 5.35806, 10.8506, 9.90108, 6.83756, 6.34149, 8.84033, 9.92367, 10.1242, 13.7123, 3.53357, 3.03529, 2.11676, 6.26579, 0.722083, 0.203087, 3.65476, 8.09866, 17.6239, 24.2096, 30.5365)
(0.965951, 9.7698, 13.6413, 16.0305, 23.8194, 20.4341, 8.48162, 2.63527, 0.798895, 1.98773, 1.43547, 4.69105, 7.58969, 6.48487, 6.3465, 5.09962, 7.55954, 12.1809, 19.1802, 12.0056, 8.65534, 10.2067, 3.84956, 2.68402, 1.048, 3.70901, 4.45405, 0.118327, 5.29158, 10.4338, 11.7, 18.9664, 37.7452)
(24.8592, 2.66634, 1.60455, 6.30878, 12.1224, 20.6787, 2.01519, 6.96554, 14.8459, 5.67143, 2.26203, 21.0653, 11.4847, 10.5593, 11.3584, 1.66807, 5.95741, 2.22635, 1.34181, 6.42527, 7.43232, 20.4811, 16.0533, 24.5744, 3.09567, 10.962, 5.11042, 0.0699303, 1.15934, 5.83693, 6.43604, 17.5574, 9.14461)
(0.48341, 7.5824, 7.56729, 7.96053, 8.11203, 37.0272, 7.65611, 7.63345, 7.48697, 7.63552, 0.855142, 7.99302, 7.80181, 0.811408, 7.79599, 7.65314, 14.8198, 7.67672, 36.518, 0.432484, 7.70026, 0.797332, 15.3139, 7.50544, 0.642581, 0.252493, 0.0559584, 0.0241605, 7.52335, 0.394348, 0.622189, 29.9134, 37.7522)
(4.55489, 4.96459, 17.7437, 13.9826, 21.6957, 7.25093, 6.28059, 2.52687, 4.32146, 4.24439, 12.4343, 16.0629, 8.80152, 1.84587, 8.35011, 6.5054, 16.2137, 5.66906, 9.1801, 8.75985, 10.7392, 7.87233, 2.33984, 4.34177, 2.30599, 2.35244, 0.344663, 0.165868, 2.84939, 7.01703, 19.1534, 22.7542, 36.3754)
(3.65963, 4.9942, 8.34421, 19.4786, 16.5765, 20.8165, 5.50955, 7.15381, 4.86819, 2.40199, 6.19687, 8.39891, 9.65521, 6.39588, 6.30715, 5.43688, 9.33191, 12.0952, 8.11324, 9.60777, 9.78438, 14.8735, 5.83221, 5.77632, 2.75703, 2.56475, 1.16581, 0.315658, 2.54147, 8.41949, 16.0403, 25.0456, 29.5414)
(0.882751, 4.82508, 7.59823, 22.2073, 28.8718, 22.9522, 1.51113, 2.7934, 4.49067, 2.38346, 1.48402, 4.03573, 7.05157, 14.5014, 10.63, 1.44109, 5.98501, 11.8867, 9.79538, 12.778, 11.3718, 10.5233, 2.6257, 2.78463, 2.53711, 4.28125, 2.33307, 0.136145, 6.51419, 11.6186, 25.4978, 18.8162, 22.8552)
(0.102293, 9.03237, 4.68078, 22.4903, 45.0102, 13.6494, 0.135916, 0.102973, 4.59353, 0.0939847, 0.108199, 22.5731, 22.5011, 4.58867, 4.6215, 4.62299, 4.66492, 0.20079, 4.59425, 13.4783, 17.96, 0.194517, 9.03836, 4.59384, 0.0776056, 0.0837408, 0.0313985, 0.0129637, 0.0574487, 4.65268, 22.5999, 22.7483, 36.1037)
(8.04717, 2.56271, 5.89142, 4.64937, 18.9189, 17.5593, 8.56364, 9.54387, 8.32689, 4.23242, 11.7043, 17.5193, 8.82875, 8.4087, 7.26642, 7.07253, 7.83899, 14.648, 4.84571, 4.60974, 7.28298, 11.6789, 6.83335, 12.391, 5.4751, 5.67686, 0.69647, 0.327417, 3.2595, 9.40121, 19.4791, 20.8094, 15.6506)
(3.96661, 1.25435, 10.9079, 4.39763, 17.641, 22.0767, 15.8647, 8.44665, 6.01774, 1.13273, 8.29396, 14.3125, 9.33668, 13.2561, 9.08602, 8.84968, 1.26306, 3.5609, 5.97343, 10.8979, 13.5734, 9.89036, 1.47383, 18.3581, 1.12401, 10.5255, 2.84971, 2.43685, 7.95776, 1.70588, 2.35132, 30.0276, 21.1893)
(5.0983, 6.04182, 5.01785, 9.77052, 19.2171, 19.1483, 10.6817, 8.02544, 7.57685, 4.24717, 5.17496, 10.3737, 16.3748, 5.76891, 12.712, 10.5285, 4.02726, 2.64788, 3.10679, 8.45, 7.75705, 18.2531, 6.19695, 7.57265, 5.8325, 4.28759, 2.82307, 0.194753, 5.63432, 8.91691, 13.5945, 19.5242, 25.4226)
(4.36437, 4.50329, 13.0443, 9.02769, 29.4238, 29.431, 8.75464, 0.163071, 0.451531, 0.333066, 0.503187, 12.7462, 4.75307, 12.4852, 12.932, 4.77981, 0.815486, 12.7677, 12.6498, 8.45671, 0.89353, 16.7204, 4.39752, 4.44525, 0.309934, 4.54242, 0.170023, 0.0927035, 0.290239, 12.5359, 9.4051, 13.4543, 50.3567)
(2.01168, 2.09753, 5.16761, 5.61246, 24.4261, 18.5995, 7.7099, 3.44792, 12.9423, 12.2667, 5.71827, 7.22746, 18.5627, 6.94394, 9.61092, 7.2802, 8.64372, 10.1001, 9.74795, 8.65602, 9.10984, 4.11722, 9.14266, 2.38334, 8.00743, 6.73493, 0.768806, 2.73099, 3.68642, 12.1333, 14.4593, 21.2164, 18.7364)
(19.9166, 14.1159, 2.52192, 10.6035, 8.72614, 6.79106, 6.31003, 6.18485, 0.264883, 6.22832, 18.3368, 6.57141, 12.3318, 12.3, 10.2955, 6.366, 8.26585, 12.2091, 8.38148, 12.1703, 4.45274, 6.65568, 6.14082, 2.33771, 4.20832, 2.31264, 4.02798, 0.0260805, 4.16192, 8.35765, 14.4595, 17.0303, 36.9371)
(12.263, 12.2328, 9.00903, 10.0797, 8.56597, 8.47763, 5.72667, 5.51158, 0.540303, 3.93479, 23.6586, 12.387, 12.4654, 9.31376, 9.1343, 7.41144, 5.94633, 10.8661, 12.3296, 6.08897, 5.96878, 8.0882, 3.80002, 3.85654, 2.25615, 8.49068, 1.91308, 0.0566694, 3.76644, 9.14136, 10.016, 23.7124, 32.9907)
(3.46361, 3.80375, 7.13004, 18.4811, 22.163, 20.9447, 5.56571, 3.52085, 5.08052, 2.71078, 7.13599, 9.1766, 7.22439, 10.3959, 6.17879, 3.7863, 10.6223, 11.0334, 8.58032, 8.77823, 9.38962, 14.8342, 3.77543, 3.65312, 2.92991, 2.69068, 2.05752, 0.434754, 4.56553, 11.9042, 18.6191, 26.5357, 22.8341)
(3.54096, 6.9552, 12.6088, 13.739, 24.9365, 11.8218, 6.46376, 6.94071, 7.0436, 3.35148, 2.5983, 15.9742, 13.712, 6.97589, 6.10002, 8.87903, 11.7513, 7.3478, 6.38272, 5.40491, 6.85975, 10.6124, 7.09801, 7.94828, 3.71199, 2.85564, 2.357, 0.33155, 2.88795, 8.72736, 15.6344, 24.6688, 23.7791)
(7.70199, 14.8176, 13.2176, 11.9692, 13.7695, 6.87959, 6.12295, 5.88996, 5.64182, 5.85541, 8.13437, 18.4657, 7.99117, 6.26525, 9.62893, 7.93536, 4.3145, 2.62295, 4.37064, 14.8975, 13.2136, 10.2944, 7.44779, 13.001, 2.41019, 5.82398, 3.76956, 0.0305288, 0.461915, 4.50206, 13.6405, 23.2554, 25.657)
(4.83595, 9.09404, 9.31184, 14.2402, 14.2036, 11.6321, 7.8182, 10.1317, 0.542282, 6.10709, 12.0829, 5.38196, 3.98133, 13.2981, 5.18994, 9.17795, 14.4274, 7.88671, 5.26885, 9.31491, 5.46184, 20.611, 1.87746, 6.2905, 10.1417, 7.47474, 1.70256, 0.051361, 4.56702, 13.1819, 8.79838, 23.1285, 22.7858)
(7.29926, 8.80881, 10.4319, 11.0732, 11.4035, 17.0687, 8.9763, 6.18886, 4.07752, 4.41367, 10.2583, 8.10908, 10.8759, 8.19353, 8.53959, 9.52195, 5.13121, 7.78334, 8.60454, 7.56657, 10.3843, 15.29, 5.38072, 11.3066, 7.30741, 3.92052, 2.67675, 0.144511, 5.37495, 8.9781, 11.5341, 19.4814, 23.895)
(12.9732, 10.9711, 11.3965, 14.1783, 19.7131, 8.19862, 8.45899, 2.05073, 4.43964, 3.99441, 3.62545, 15.4142, 6.67174, 7.32131, 8.73497, 10.8606, 16.0515, 7.86027, 10.0462, 4.83245, 5.28943, 6.9174, 3.87971, 5.74248, 5.83806, 4.87762, 0.594988, 0.110304, 1.37052, 6.96991, 13.1614, 18.4139, 39.0412)
(1.9769, 3.7656, 5.18044, 18.6991, 24.7474, 26.5622, 10.3007, 3.37842, 1.23952, 1.62065, 2.52905, 6.2863, 5.93135, 7.14401, 10.1713, 10.9916, 11.0266, 9.2118, 8.74365, 5.01984, 13.7385, 11.735, 3.46684, 8.02529, 5.03725, 5.13627, 1.25161, 0.557061, 5.94115, 7.44303, 14.6116, 21.5988, 26.9311)
(0.174518, 0.225033, 0.406957, 20.4644, 10.9872, 37.2324, 20.0298, 6.74457, 0.0902783, 3.43323, 0.211628, 0.433948, 10.1876, 6.90386, 3.69625, 13.6421, 20.2587, 7.06162, 10.2407, 13.4925, 3.76766, 10.3151, 6.70498, 23.1876, 13.3612, 6.72798, 3.36848, 0.0497677, 0.233914, 3.72917, 0.701665, 17.4681, 24.4671)
(0.0557199, 0.130094, 0.218957, 12.5599, 85.5252, 1.14526, 0.0954317, 0.0316765, 0.0314025, 0.0934471, 0.112866, 0.524284, 12.3621, 12.4275, 12.2751, 12.2096, 0.14397, 12.5124, 24.7188, 12.5529, 0.117364, 0.156012, 0.0811056, 0.0567564, 0.252019, 0.0806931, 0.0280173, 0, 0.0595556, 12.4581, 0.376512, 24.8887, 61.7185)
(0.531709, 0.698077, 9.88062, 16.0806, 26.7438, 33.6665, 3.04466, 6.30213, 0.803264, 1.07342, 1.17523, 8.26647, 5.65145, 4.25306, 9.53136, 15.4515, 16.2118, 15.8395, 5.57782, 13.8236, 3.59884, 1.79468, 12.0901, 0.811859, 4.24756, 0.389687, 2.15077, 0.250905, 0.781602, 6.28577, 21.2938, 28.2109, 23.487)
(2.90237, 4.79557, 17.9173, 14.8891, 18.8984, 20.117, 10.501, 0.798434, 3.43997, 1.45433, 4.28651, 7.11353, 7.05451, 4.63864, 11.1173, 10.5115, 12.5666, 11.3246, 9.02146, 4.6936, 13.4406, 8.51766, 2.82891, 5.02566, 2.28575, 7.29454, 2.53509, 0.760874, 3.3934, 5.46893, 19.0468, 16.602, 34.758)
(4.40537, 4.29412, 0.612345, 8.20639, 15.6135, 19.7651, 4.34428, 11.4313, 7.72733, 4.38553, 19.2147, 8.37583, 4.49829, 19.0594, 11.732, 4.36955, 0.705594, 4.34906, 4.60809, 7.81147, 8.07991, 26.4108, 30.0916, 7.8384, 18.8971, 4.03895, 0.171112, 0.0766956, 7.74141, 0.601788, 4.54442, 8.88546, 17.1131)
(13.2011, 6.12963, 4.16575, 8.99897, 14.4827, 16.068, 9.85682, 5.54038, 5.8797, 8.47789, 7.1991, 14.7048, 9.79076, 5.6828, 7.49003, 12.1138, 8.2371, 5.81091, 4.87812, 7.20053, 7.96646, 16.1248, 5.43852, 5.55717, 6.16592, 9.48066, 3.15245, 1.80342, 4.99278, 9.84216, 13.7064, 18.7146, 21.146)
(12.4664, 8.28835, 3.54057, 5.6796, 9.58481, 15.2203, 3.47978, 8.14841, 3.13014, 12.2352, 18.2265, 13.169, 7.19158, 13.8732, 8.77774, 7.07111, 4.95166, 8.56801, 10.3987, 6.88937, 3.83442, 15.2751, 6.78091, 7.14026, 10.1008, 8.09729, 2.56669, 0.0936171, 6.20415, 10.5931, 9.52317, 19.5306, 19.3694)
(2.27245, 3.89461, 7.61797, 19.3998, 17.4348, 32.6999, 3.69911, 3.65955, 1.76315, 3.56134, 3.99729, 7.24453, 7.39751, 5.08052, 6.93689, 3.49713, 14.8519, 17.4281, 11.4864, 4.51725, 9.71869, 11.8411, 1.30678, 3.68774, 2.65166, 1.38664, 1.50471, 1.72436, 7.24006, 17.6946, 21.2694, 22.3574, 19.1767)
(11.0351, 5.4363, 7.31453, 7.88703, 10.4801, 14.1428, 7.19641, 5.69808, 7.70093, 10.3281, 12.7806, 14.5603, 8.2256, 7.08006, 8.16848, 7.75208, 6.352, 8.6073, 8.29901, 6.91202, 9.1969, 14.8463, 7.68655, 10.526, 7.71935, 5.63521, 4.66167, 0.281794, 4.52613, 9.19855, 10.8372, 16.6043, 22.3232)
(7.33144, 1.0376, 3.25296, 11.4926, 10.1469, 27.575, 7.53603, 6.83224, 6.72283, 14.6415, 3.43087, 17.6202, 9.12095, 1.32299, 9.19207, 1.55002, 3.24756, 14.8194, 18.644, 5.09304, 9.43447, 9.95522, 5.14635, 9.63213, 10.7493, 4.97111, 4.47132, 0.0655475, 4.49531, 13.0373, 11.6862, 18.462, 17.2833)
(3.81523, 7.17501, 10.7463, 11.4407, 9.22139, 17.4847, 15.2197, 4.67253, 2.23378, 3.69567, 14.295, 13.6789, 7.84116, 10.4031, 8.37635, 8.68979, 9.43923, 8.2695, 6.12643, 5.55927, 9.28126, 12.335, 0.992419, 4.73195, 9.5906, 10.3918, 3.80303, 1.26681, 2.69566, 8.16443, 13.002, 19.0145, 26.3467)
(5.44131, 5.63139, 7.11631, 17.8705, 17.5703, 27.0369, 4.57073, 3.37483, 1.92014, 3.78958, 5.67802, 9.12383, 6.64585, 6.05189, 6.30198, 7.64228, 14.0557, 9.69966, 8.48682, 6.81679, 11.4102, 13.7651, 1.608, 3.2555, 3.87766, 2.03308, 2.14661, 2.3452, 8.79526, 14.3324, 17.1495, 21.4246, 23.0322)
(6.72007, 7.06222, 13.1393, 13.3407, 23.3698, 10.1574, 5.64372, 3.94431, 6.41898, 5.14861, 5.05491, 11.9683, 8.50507, 4.93052, 9.14718, 13.1191, 9.49026, 11.2192, 7.73643, 6.51621, 8.78624, 8.58149, 5.27388, 5.5038, 4.37605, 3.66707, 1.31364, 0.162094, 1.66505, 8.73396, 15.7747, 27.6833, 25.8465)
(3.31907, 7.3087, 16.2176, 14.6491, 30.0697, 7.72836, 5.13027, 3.89504, 4.05503, 1.87081, 5.75627, 8.65927, 7.66011, 2.60203, 10.9106, 10.3472, 10.8801, 12.8918, 9.49092, 8.61531, 8.26289, 9.67976, 2.36189, 4.51875, 2.07645, 1.94832, 0.61829, 0.0764937, 0.933077, 13.6557, 14.6663, 27.4296, 31.7151)
(7.86415, 7.60252, 7.73192, 11.5616, 25.7424, 15.3124, 7.96744, 7.52096, 3.98954, 4.06179, 0.645281, 22.0399, 4.25917, 7.63123, 4.39807, 14.7543, 0.863946, 7.7701, 4.27841, 11.0695, 4.46877, 18.4666, 14.6077, 8.11961, 7.57366, 11.0493, 0.330526, 0.0255418, 0.310649, 7.76954, 14.9939, 22.5567, 12.6629)
(0.253056, 0.754455, 1.36873, 11.858, 35.6165, 48.0349, 0.638084, 0.0926015, 0.247537, 0.588386, 0.547654, 19.6382, 2.45674, 11.0092, 1.89199, 1.52962, 0.906465, 19.6652, 21.2289, 19.9516, 0.611101, 1.11108, 0.532037, 0.340937, 9.74838, 0.468052, 0.139425, 0, 0.294602, 11.3117, 10.5059, 22.3418, 44.3171)
(0.677296, 0.456002, 6.29366, 34.6341, 36.3861, 13.1953, 5.96093, 0.887195, 0.443401, 0.688257, 0.377777, 1.47644, 1.8289, 5.67699, 2.14536, 14.1776, 24.7318, 6.11712, 20.372, 18.7893, 2.90258, 1.7818, 0.42805, 1.95531, 9.62491, 0.201481, 0.0322846, 0.00614459, 0.259148, 0.503519, 6.29304, 22.9907, 57.7054)
(4.75968, 0.281138, 14.104, 20.5721, 12.4122, 23.8829, 5.19436, 9.13901, 4.58522, 4.76748, 0.30195, 0.688537, 5.21195, 5.20722, 0.774598, 5.57937, 15.0185, 5.42801, 10.7592, 10.225, 14.1525, 26.9552, 0.31233, 18.0166, 13.977, 0.158278, 0.0304944, 0.00507063, 0.199984, 4.67, 9.77188, 20.4549, 32.4034)
(3.66178, 2.69885, 6.0667, 3.0083, 20.2392, 10.1189, 19.9473, 7.62253, 2.20624, 15.2957, 9.1344, 28.1302, 11.0573, 9.23491, 1.54842, 7.20957, 7.24103, 14.8243, 6.49101, 1.64375, 9.18557, 3.43402, 14.8702, 7.2702, 21.9964, 8.27148, 1.29782, 0.114539, 0.714269, 3.10062, 4.1862, 6.1963, 31.9819)
(4.66827, 4.46834, 3.53674, 13.0935, 10.7648, 20.8633, 11.828, 6.80372, 5.61476, 6.62986, 11.7286, 16.5083, 12.4446, 11.6493, 6.66767, 7.56461, 6.10947, 12.0084, 4.4993, 6.01889, 8.52974, 7.99969, 15.6343, 4.25424, 19.2132, 4.23238, 1.52539, 0.402966, 2.0101, 6.51424, 11.3825, 13.2469, 21.5838)
(0.167156, 0.197265, 3.64782, 13.9981, 17.5875, 33.9867, 16.6598, 10.0091, 3.35489, 0.174833, 0.216878, 3.69056, 6.98824, 6.90211, 3.69556, 16.7645, 23.4534, 7.04327, 6.93981, 10.1919, 10.4482, 3.88253, 19.6838, 16.5775, 13.3283, 6.62635, 0.106237, 0.0532385, 0.346709, 3.84828, 0.679936, 17.5098, 21.2397)
(5.95364, 6.23967, 11.594, 14.3045, 17.5463, 12.5595, 4.00222, 0.663431, 15.4187, 5.79286, 5.92517, 14.0183, 6.85376, 8.40207, 18.8765, 6.51096, 4.11111, 8.77503, 3.84239, 8.36946, 6.58222, 13.6582, 10.4556, 10.7092, 1.06073, 8.2075, 2.74302, 0.190646, 2.97158, 6.11608, 26.7345, 18.3772, 12.4339)
(9.88188, 9.8969, 12.2278, 7.82865, 10.2738, 10.3779, 14.4411, 4.95543, 0.536543, 7.4332, 12.1468, 7.89756, 12.3387, 9.91201, 12.3806, 5.27633, 12.0344, 5.23493, 9.73575, 7.44075, 5.44266, 12.3064, 2.93487, 14.4166, 9.70409, 2.73549, 4.77804, 0.110024, 2.59473, 5.14072, 14.8315, 12.9619, 29.792)
(5.74772, 5.27826, 6.2977, 8.20995, 13.4265, 16.7264, 10.0259, 3.96263, 5.22972, 9.85049, 15.2447, 11.5103, 10.8307, 10.1689, 8.05946, 9.02849, 9.8601, 7.65745, 7.75972, 5.66405, 8.12686, 11.334, 3.50958, 6.10304, 8.37579, 4.80262, 3.02555, 1.15673, 4.72656, 11.7855, 12.0328, 19.3881, 25.0938)
(5.35924, 6.28967, 7.35785, 17.1978, 20.6259, 24.9397, 4.15546, 3.16436, 2.11361, 3.43098, 5.36546, 9.03278, 6.91393, 5.58023, 5.95573, 8.17636, 12.5182, 10.0334, 8.61453, 9.19308, 9.42808, 14.5537, 1.61713, 2.23383, 3.04879, 2.13695, 1.77471, 1.59712, 9.42045, 13.1935, 17.4221, 23.5933, 23.9621)
(5.71932, 9.05733, 10.0611, 14.2991, 14.6225, 14.378, 7.37803, 6.02908, 3.81322, 6.87143, 7.77089, 9.34968, 10.771, 6.73066, 9.0029, 8.58228, 10.0954, 9.0238, 9.011, 5.78884, 10.0207, 11.6238, 3.19694, 6.89508, 4.63184, 5.2034, 2.33916, 0.619865, 3.99724, 7.80869, 15.0031, 20.8278, 29.4769)
(4.02644, 8.01967, 5.69721, 10.6527, 6.44229, 16.6524, 15.6455, 5.54369, 10.1303, 8.08521, 9.10456, 9.16239, 5.83408, 6.22861, 4.4703, 12.3554, 8.73814, 14.3502, 11.3747, 7.04407, 8.67785, 11.7642, 2.95239, 4.67817, 6.91918, 10.7991, 6.72871, 0.214773, 4.13676, 6.57386, 13.8007, 18.6566, 24.5398)
(1.22303, 1.31846, 29.9356, 13.4244, 25.4841, 17.893, 8.34004, 0.443676, 0.648455, 0.758635, 0.530676, 5.23854, 1.45365, 1.11801, 16.3107, 12.714, 22.399, 13.1478, 9.73508, 4.61126, 11.8285, 1.44356, 1.23908, 0.713992, 1.03727, 7.77764, 7.10546, 0.0304844, 0.287902, 2.08006, 12.7855, 17.9798, 48.9628)
(5.14347, 5.15434, 11.1068, 15.7026, 21.3028, 35.6605, 5.42367, 0.0800085, 0.138547, 0.19414, 0.0932326, 10.2766, 5.23057, 5.13345, 15.6875, 10.6175, 0.971371, 20.5016, 25.3237, 0.372476, 0.660809, 5.22437, 5.21421, 0.122765, 5.13708, 5.29928, 0.252738, 0.00674707, 0.0672525, 10.268, 5.76689, 15.9888, 51.8763)
(11.3812, 4.41992, 9.90428, 12.9481, 14.3059, 7.88768, 11.5531, 4.35399, 4.05487, 11.5668, 7.62414, 15.7296, 16.1398, 9.14719, 2.13893, 2.5075, 5.90444, 6.09047, 14.6397, 5.92098, 12.7308, 9.05058, 7.58088, 1.03175, 4.99972, 3.81181, 0.1146, 0.0336178, 3.99589, 4.12539, 9.52889, 24.1216, 40.6558)
(1.98198, 2.97708, 8.35876, 21.0686, 36.0756, 17.3273, 2.67989, 4.07902, 1.9155, 2.06659, 1.46969, 8.57657, 8.00194, 6.83251, 11.1428, 7.44223, 5.79632, 15.9677, 17.5431, 7.80212, 6.74741, 4.14737, 1.51662, 1.56876, 3.89499, 0.716917, 0.121533, 0.0215237, 0.988382, 2.14676, 9.63241, 28.8685, 50.5237)
(20.9648, 7.20188, 0.164673, 0.234933, 14.3385, 0.355062, 14.185, 7.08937, 7.04691, 21.1862, 7.23271, 21.4945, 21.1835, 14.0793, 0.134878, 0.250499, 7.03923, 14.1646, 0.134117, 0.168506, 14.1366, 7.21421, 7.22624, 7.10308, 14.3087, 14.1193, 7.00449, 0.017317, 0.0751953, 14.032, 7.31165, 21.1406, 7.66144)
(11.1809, 12.6769, 7.83143, 13.7247, 13.1068, 15.7291, 4.3129, 5.0537, 5.07258, 5.34398, 5.96709, 9.0442, 10.482, 6.67749, 11.9708, 9.95941, 7.08097, 10.012, 10.6312, 7.74845, 10.3308, 6.06272, 6.87731, 5.42951, 5.20234, 3.56491, 2.73168, 0.946313, 5.02993, 5.38861, 13.0726, 20.9215, 30.8352)
(0.232799, 0.272264, 0.515157, 21.7379, 28.2783, 32.8709, 6.76985, 8.58132, 0.176015, 0.261496, 0.304062, 2.66326, 12.9795, 8.75175, 6.73373, 13.0325, 13.3051, 8.92791, 2.57091, 6.76777, 15.2574, 9.01022, 6.56007, 6.6449, 8.66159, 2.27046, 4.25901, 0.0738285, 6.60365, 13.1613, 9.15623, 15.9644, 26.6445)
(6.60658, 11.763, 10.9924, 18.4983, 15.0266, 14.6493, 6.18818, 1.95205, 6.09504, 5.05693, 3.17162, 10.1224, 13.04, 4.63056, 19.2833, 9.22084, 4.27516, 5.10529, 6.54361, 6.28683, 10.0372, 11.4549, 2.89026, 4.99068, 5.43049, 4.8336, 1.02559, 0.335851, 2.64939, 6.31148, 19.5456, 28.8289, 23.1582)
(7.21784, 11.9561, 12.408, 12.842, 11.3235, 13.2698, 8.58448, 4.65719, 6.29387, 8.08863, 3.35855, 12.9502, 14.2687, 13.7251, 9.12012, 5.37019, 1.66128, 8.41576, 3.32364, 4.92566, 18.9784, 7.26088, 11.9391, 10.4069, 6.56307, 4.4654, 2.31979, 1.91966, 0.669193, 4.76097, 5.89145, 14.225, 36.8394)
(9.77829, 5.62168, 6.68796, 11.2457, 10.5202, 18.1284, 12.8044, 4.79981, 5.23586, 4.99489, 10.1828, 13.9433, 8.63139, 6.17589, 9.38027, 8.8037, 7.71839, 10.9554, 7.30799, 6.76626, 7.90353, 12.4139, 6.39577, 6.69446, 9.49783, 8.4058, 4.14984, 2.40429, 3.39511, 5.11971, 11.0702, 20.8983, 21.9687)
(7.34695, 6.44898, 9.1274, 12.9637, 11.5793, 14.9451, 11.3885, 5.64791, 4.53666, 8.32865, 7.68692, 13.3268, 8.43124, 6.20866, 8.29489, 8.47047, 6.97208, 7.86413, 6.52938, 9.07505, 11.299, 13.5283, 5.30804, 7.17711, 6.47777, 9.11129, 3.60689, 0.825366, 3.58439, 6.66382, 13.3483, 16.5818, 27.3153)
(7.93709, 7.86414, 13.8565, 6.08167, 20.6757, 10.6874, 4.45067, 3.40531, 7.5064, 7.28671, 10.2484, 15.844, 8.16217, 5.43442, 6.16683, 7.78663, 14.089, 13.6219, 9.60245, 6.23344, 8.04904, 5.01017, 5.89666, 10.7453, 4.03187, 4.96869, 0.716443, 0.131812, 4.08885, 9.20046, 11.7722, 21.8093, 26.6384)
(10.1476, 6.95606, 9.8623, 12.8024, 16.3979, 12.8034, 10.3318, 6.00988, 4.52718, 4.81569, 5.34582, 9.61411, 9.49294, 7.71063, 8.04315, 12.4305, 9.67595, 7.89654, 7.74668, 8.30427, 9.43084, 9.65437, 9.02344, 8.39862, 7.21453, 5.46329, 2.97937, 0.610986, 2.71219, 6.56107, 9.55398, 17.4018, 30.0808)
(7.08659, 8.23518, 7.60882, 18.0793, 7.29113, 15.7042, 9.24936, 4.526, 7.78774, 5.8463, 8.58546, 9.39692, 13.5238, 5.54333, 6.77891, 10.7487, 12.8026, 12.173, 7.30997, 3.22979, 10.1259, 8.36697, 0.733629, 3.54162, 5.40102, 8.90944, 2.5163, 1.28532, 1.64883, 5.11161, 14.7032, 26.5742, 29.5748)
(7.90211, 8.4768, 10.3381, 12.6334, 21.619, 26.0226, 2.20316, 1.85497, 1.74764, 3.2079, 3.99432, 10.7689, 9.8069, 6.30321, 7.90647, 9.27077, 13.9661, 10.3894, 8.39114, 5.7032, 8.66474, 8.82915, 0.927874, 1.56013, 2.15459, 1.8836, 2.174, 2.12009, 7.59194, 17.0907, 14.8408, 21.8788, 27.7775)
(6.00552, 7.71965, 21.4774, 15.5185, 18.5207, 10.9946, 14.6562, 0.795088, 0.691693, 2.90334, 0.717394, 1.54316, 8.11865, 20.8079, 5.87562, 13.1243, 10.4435, 8.07436, 5.7171, 3.51956, 16.815, 5.9608, 14.4394, 5.6016, 1.04544, 5.20066, 2.56281, 0.0521055, 0.395662, 5.57334, 6.27596, 25.1507, 33.7023)
(3.90749, 6.34802, 8.03605, 15.1071, 18.4958, 20.2523, 4.80354, 3.60797, 3.80298, 6.31604, 9.32275, 11.0359, 9.80865, 9.64083, 5.88703, 5.2181, 11.0816, 9.9628, 9.90939, 11.0755, 8.84243, 7.5377, 2.30193, 3.65439, 3.60899, 3.83918, 0.951904, 0.353757, 4.27442, 8.37685, 16.0459, 17.9766, 38.6161)
(4.56533, 1.01897, 11.536, 13.0448, 33.057, 10.4761, 2.91864, 2.66845, 2.64483, 6.88119, 11.1886, 11.9529, 5.59914, 2.1232, 9.11084, 7.21776, 17.796, 7.96509, 7.58585, 13.7498, 11.2024, 5.69702, 6.42989, 4.49179, 0.590951, 0.672025, 0.276823, 0.166998, 2.73497, 7.91545, 16.9475, 31.4175, 28.3561)
(4.19038, 6.38524, 10.8175, 15.9281, 19.8742, 25.8361, 4.10564, 1.56048, 1.72743, 4.22475, 5.35022, 12.7702, 10.9922, 11.6712, 9.38511, 6.31881, 6.89704, 7.13369, 12.5288, 9.75253, 7.70223, 4.84823, 1.4214, 2.53783, 5.12163, 3.47658, 2.2431, 0.111385, 4.20868, 10.3502, 13.3737, 20.91, 36.2454)
(0.974582, 1.76794, 15.6293, 20.104, 24.6724, 21.0225, 3.33023, 1.25211, 4.53037, 4.53383, 2.18281, 8.79836, 7.2825, 11.6246, 5.97676, 12.7911, 13.8423, 10.5357, 9.24143, 7.55998, 5.33413, 7.01322, 3.37315, 0.805681, 1.12967, 0.787467, 0.413719, 0.370167, 2.8552, 13.9426, 19.173, 25.9555, 31.1938)
(1.19047, 8.27917, 12.828, 14.3724, 18.6439, 23.262, 10.069, 1.27857, 0.997065, 4.0438, 5.03563, 11.8388, 14.0552, 12.0357, 10.3525, 7.13986, 6.27631, 5.65177, 13.4672, 7.85904, 2.85171, 8.47193, 2.10658, 5.2484, 8.54393, 5.86319, 0.695557, 0.0270052, 1.48156, 15.3408, 13.0553, 20.5953, 27.0424)
(2.6921, 1.35762, 9.59342, 24.3363, 28.2303, 18.8781, 3.57058, 2.84272, 4.78797, 0.755532, 2.9554, 15.4809, 2.85483, 7.93028, 6.72799, 8.97254, 7.68094, 16.2592, 15.0326, 8.48881, 4.53046, 6.04145, 2.69221, 0.569156, 0.766398, 0.607249, 0.380543, 2.4127, 3.4783, 12.227, 26.1245, 21.1101, 29.6319)
(4.60624, 4.43217, 21.0632, 22.3989, 18.9594, 13.8516, 4.65644, 0.484613, 0.429916, 8.53805, 0.579472, 9.1445, 13.0814, 13.0779, 4.93761, 8.999, 5.01995, 1.18567, 21.2801, 5.04564, 9.2631, 8.96518, 4.43043, 0.444249, 4.50148, 0.262024, 0.0665084, 0.0165658, 4.27587, 0.462176, 9.21882, 27.1266, 49.1953)
(11.5999, 14.2977, 7.71419, 8.56607, 10.3841, 8.91298, 2.42557, 1.29566, 7.17977, 15.964, 11.6601, 14.0718, 16.1063, 8.46653, 1.36661, 11.1533, 1.12215, 8.42162, 4.22562, 4.57881, 12.1154, 18.3718, 7.89564, 13.5026, 8.95849, 11.227, 3.80854, 3.11119, 3.63562, 2.22218, 15.9268, 16.9349, 12.777)
(5.99963, 16.697, 1.46369, 5.79939, 18.8327, 10.2907, 9.73721, 5.06653, 4.75034, 11.4278, 9.93507, 34.4099, 14.6639, 2.20735, 8.54377, 5.74615, 1.01012, 9.66364, 1.16625, 8.88451, 6.71169, 6.99272, 9.31931, 1.61508, 14.0654, 13.113, 4.51906, 0.103587, 4.23162, 9.45886, 18.3138, 8.45674, 16.8036)
(4.7381, 2.74689, 5.57448, 16.791, 24.7927, 19.14, 10.882, 4.84346, 0.649146, 6.681, 3.16114, 3.58631, 7.38683, 9.30283, 9.23454, 5.53919, 5.71049, 13.0487, 15.1153, 3.82875, 15.6833, 11.5638, 2.87756, 6.85237, 12.5223, 2.48109, 0.209351, 0.0694489, 2.6859, 6.90895, 9.75688, 19.6788, 35.9574)
(2.34091, 4.06825, 6.57783, 16.8958, 23.0085, 26.6074, 8.08982, 4.0994, 1.80629, 2.98333, 3.52255, 9.69869, 8.61024, 8.15506, 9.4954, 8.1507, 11.8462, 9.27045, 6.61091, 8.04932, 11.5745, 8.53846, 4.39536, 6.57462, 5.51149, 2.33654, 1.29541, 0.576591, 6.18722, 9.50542, 11.5985, 23.0489, 28.9699)
(6.17005, 9.134, 9.89361, 13.3579, 21.57, 12.8504, 4.37717, 3.77647, 8.64804, 3.73561, 6.48672, 16.2644, 10.139, 6.79004, 12.1358, 8.91894, 9.05907, 10.0243, 6.24694, 6.38336, 7.31959, 6.71854, 3.71287, 5.05247, 6.00464, 3.81251, 1.86897, 0.130827, 1.26207, 6.79268, 19.2721, 27.141, 24.9499)
(9.08046, 4.44458, 10.8644, 15.1309, 11.7886, 14.632, 8.54351, 7.802, 6.16235, 5.21675, 6.33435, 15.7909, 11.8557, 8.05568, 8.93063, 9.26151, 5.85198, 6.06704, 7.32977, 6.72277, 8.78016, 11.3538, 11.2276, 9.89021, 6.53908, 4.33719, 2.38062, 0.52497, 1.52744, 5.14605, 6.98403, 18.1074, 33.3353)
(7.60419, 6.71414, 9.20258, 15.8556, 12.6004, 16.188, 7.29931, 3.73395, 5.03268, 6.9672, 8.80193, 11.8939, 8.64235, 6.39112, 8.04471, 7.56946, 11.1966, 9.9318, 6.53071, 6.05873, 11.6617, 12.0789, 1.7158, 4.04239, 3.65196, 5.75653, 1.95746, 0.785374, 3.15678, 8.14865, 14.4375, 25.8718, 30.4758)
(4.21194, 5.74075, 10.5009, 9.70483, 20.4742, 30.8082, 4.16595, 2.70829, 1.95679, 5.71971, 4.00845, 5.82077, 7.33329, 5.27474, 6.9691, 6.86958, 13.0027, 10.5708, 9.30334, 11.336, 11.5548, 11.965, 1.38091, 2.3685, 1.63629, 1.14189, 2.01918, 2.46921, 9.88709, 16.3958, 15.116, 21.766, 25.8191)
(6.10564, 9.41995, 10.061, 10.0663, 15.9878, 13.6444, 7.87647, 7.77339, 8.01644, 5.60447, 5.44412, 12.0331, 9.92309, 5.85255, 8.59061, 11.6596, 14.7787, 8.21823, 5.53086, 8.81873, 7.15589, 7.43872, 4.93791, 7.44221, 11.3082, 5.34862, 1.32102, 0.280048, 1.56064, 6.27497, 12.3241, 24.3615, 24.8407)
(10.2614, 6.82765, 9.92727, 9.77645, 12.7449, 22.9387, 6.21984, 2.04909, 2.07236, 9.30135, 7.88106, 5.85698, 8.85572, 5.06218, 8.16779, 8.66996, 10.8839, 8.32832, 6.5594, 7.73078, 11.8811, 18.0039, 1.61517, 2.10798, 3.23245, 2.3918, 3.47449, 1.39747, 4.79479, 9.29252, 15.6551, 23.8586, 32.1796)
(17.8907, 4.25538, 6.54849, 9.79011, 10.4458, 12.7192, 5.0717, 11.9387, 3.95179, 7.90976, 9.4784, 13.5234, 6.15469, 3.34334, 8.63715, 8.99289, 11.5166, 5.9803, 10.1034, 8.60752, 9.95653, 13.1841, 12.9284, 12.7461, 8.36288, 5.28875, 3.49822, 1.50161, 7.50919, 7.08732, 11.8365, 7.25218, 21.9889)
(6.88253, 3.46191, 12.0729, 15.3852, 16.8788, 16.3264, 9.88148, 5.3447, 3.80216, 3.81354, 6.15032, 11.2139, 8.99759, 9.16585, 7.92991, 8.72046, 8.41501, 7.68091, 10.1752, 8.18773, 6.3792, 13.1343, 12.9719, 10.3941, 5.63062, 3.76241, 4.16549, 0.510256, 5.47819, 8.31635, 10.2932, 17.7342, 20.7432)
(8.02979, 9.86651, 8.52601, 12.3595, 12.0521, 28.6694, 2.71139, 1.33593, 1.6485, 6.77039, 8.03051, 8.06912, 8.77828, 6.42204, 5.44267, 8.06988, 17.7854, 11.9774, 6.41578, 7.59006, 9.93763, 9.51177, 1.02617, 1.38787, 2.17381, 3.05448, 4.23965, 2.7191, 6.41808, 12.5005, 12.8149, 19.3517, 34.3137)
(6.45764, 9.78634, 10.8434, 11.6307, 18.942, 10.3116, 9.77169, 7.40452, 3.76059, 5.68029, 5.41113, 5.17569, 9.74052, 4.09154, 7.92461, 14.0362, 19.662, 8.68137, 6.83384, 6.82366, 7.0609, 9.96969, 5.9832, 7.89988, 8.20347, 3.2911, 0.530323, 0.106068, 2.73416, 4.7396, 16.766, 19.6931, 30.0531)
(3.54473, 3.36372, 17.3057, 10.1353, 7.61117, 12.3953, 15.8558, 7.13657, 5.06258, 8.81264, 8.77657, 9.87652, 9.00751, 4.71023, 8.91255, 8.9874, 12.1413, 11.0365, 11.0163, 6.69632, 9.00513, 8.61032, 1.92201, 8.63692, 10.6209, 6.69219, 3.82311, 0.224563, 4.75302, 5.56652, 11.9072, 17.7454, 28.1082)
(6.25397, 6.78392, 8.47473, 10.4694, 13.1164, 16.4549, 10.9852, 5.04385, 5.72805, 6.56427, 10.1254, 10.6174, 11.968, 8.05893, 7.2823, 7.60688, 8.96775, 6.18737, 8.34986, 7.29086, 10.9668, 12.7038, 3.78947, 5.15794, 5.10566, 6.1539, 2.31051, 0.954735, 4.21565, 7.2286, 13.0339, 21.012, 31.0376)
(5.64159, 6.73178, 10.1628, 13.9898, 24.9586, 21.7809, 3.31948, 3.19985, 1.92487, 4.52767, 3.76269, 13.6935, 9.33565, 6.51621, 10.2708, 9.80056, 10.9249, 8.01105, 7.63685, 7.22915, 5.87389, 10.7075, 1.61741, 1.77161, 1.70975, 1.3765, 0.881286, 1.95808, 7.81919, 13.8511, 17.5542, 23.5713, 27.8896)
(0.746695, 0.598045, 1.79369, 13.3595, 29.9172, 21.2748, 8.65639, 0.274178, 7.74608, 15.2772, 0.356178, 4.74305, 11.9076, 4.55147, 20.0914, 5.88019, 5.33091, 9.25003, 8.86192, 12.0034, 16.1005, 1.27967, 12.1486, 0.537227, 8.19828, 7.79568, 0.477895, 0.0645154, 3.90573, 15.9248, 17.0954, 10.7172, 23.1347)
(8.96728, 10.7844, 2.35357, 16.4186, 11.3915, 4.6093, 5.79524, 12.4134, 0.295501, 5.62338, 21.3479, 5.95766, 9.35271, 11.0119, 10.9321, 5.67443, 7.52191, 12.5763, 5.8625, 10.8611, 7.47706, 12.7723, 10.5864, 5.55587, 5.62222, 5.58574, 1.89228, 0.0323664, 5.40249, 9.25785, 16.4756, 11.7026, 27.8865)
(6.55648, 9.58501, 8.37886, 12.3813, 9.67061, 4.16809, 8.33873, 10.8366, 1.98908, 6.66925, 21.4259, 11.6066, 7.47082, 11.5159, 7.02645, 6.82099, 9.99097, 8.53528, 11.4056, 7.07093, 9.80428, 8.75216, 4.93832, 7.78947, 9.35043, 7.91375, 1.74997, 0.0814636, 2.04898, 11.3531, 12.4808, 13.0458, 29.248)
(4.56579, 3.04828, 7.79312, 16.4052, 21.371, 22.9817, 4.31714, 3.7407, 3.86946, 5.92929, 5.97839, 16.8739, 7.81245, 11.1383, 6.3305, 5.54263, 9.65901, 9.3766, 6.94765, 8.95692, 7.17128, 10.1908, 3.45191, 1.86617, 2.39694, 2.48253, 1.65605, 0.619169, 3.14183, 12.732, 15.933, 25.5271, 30.1934)
(3.31498, 8.93069, 10.3113, 14.7696, 13.8387, 16.4821, 4.22549, 0.890062, 8.55553, 11.7206, 6.96096, 16.2371, 13.6353, 1.99544, 2.57597, 2.03673, 10.1939, 2.06422, 5.573, 7.31557, 12.0891, 26.2836, 22.3758, 3.5424, 4.15287, 1.11137, 0.412754, 0.00985083, 6.01845, 8.39536, 9.14696, 13.633, 31.2013)
(0.607137, 1.24527, 9.05417, 20.5574, 24.653, 24.8333, 1.37921, 4.03245, 0.756157, 1.35557, 11.5264, 12.846, 16.2024, 1.80499, 8.61933, 8.21535, 15.3834, 8.16299, 12.3198, 5.18549, 4.92835, 6.33195, 5.08365, 0.888973, 4.58439, 4.23776, 0.31715, 0.0122845, 0.791052, 15.9634, 16.6796, 21.542, 29.8996)
(1.3411, 5.47825, 15.1421, 25.6801, 20.2791, 20.1078, 3.51671, 3.00659, 1.00463, 1.87747, 2.56617, 9.05343, 7.69838, 19.2768, 11.2525, 6.51118, 9.67911, 6.50395, 11.1385, 6.3726, 8.76165, 3.75192, 0.867303, 1.15366, 4.75496, 4.32775, 0.955402, 0.157761, 4.28574, 6.99387, 21.9089, 22.3447, 32.25)
(0.69546, 7.08887, 18.4783, 23.203, 19.1803, 16.6318, 3.18322, 6.68858, 0.665252, 0.962282, 3.22296, 10.5038, 10.1991, 14.8467, 11.9199, 11.7008, 10.3406, 4.5846, 2.65932, 3.98387, 5.80639, 13.455, 0.582023, 0.633207, 4.81536, 2.76826, 4.2177, 0.158834, 0.984852, 4.61118, 18.5039, 24.9733, 37.7514)
(0.581423, 1.20778, 21.3952, 18.6622, 18.4762, 26.6232, 10.3083, 0.588482, 0.577191, 0.668613, 0.911417, 8.83331, 20.7391, 9.25716, 2.32046, 8.36529, 11.8054, 2.97538, 14.9657, 8.10234, 11.0027, 1.63311, 0.440988, 0.503403, 6.88836, 6.74597, 3.39256, 0.230779, 7.19179, 12.1789, 8.17583, 11.8358, 42.4156)
(6.57048, 7.01817, 6.61163, 7.13995, 13.878, 13.1058, 6.70334, 0.863738, 0.605469, 24.5807, 12.9228, 9.16023, 2.32156, 0.971237, 6.50909, 12.5671, 0.328883, 1.00816, 6.14877, 12.3415, 18.4521, 30.1913, 1.03191, 6.42136, 12.6756, 6.76002, 0.52321, 0.0601787, 0.482308, 6.83186, 13.9444, 30.7684, 20.5008)
(7.85716, 7.92095, 5.65163, 13.3926, 14.0693, 14.8039, 6.36437, 2.96146, 4.48055, 10.0758, 12.4222, 8.24604, 13.9933, 7.04991, 9.88768, 9.25219, 6.00915, 9.53458, 5.07483, 7.69995, 10.6106, 12.6418, 4.00983, 3.99585, 2.36805, 4.04453, 0.762588, 0.1222, 3.88024, 5.48613, 14.3735, 19.9158, 41.0412)
(7.17779, 4.65236, 10.0377, 18.2628, 14.2084, 15.1981, 6.63764, 5.46468, 5.15146, 5.06141, 8.14755, 10.3274, 8.3955, 7.67541, 7.64561, 9.93802, 7.62915, 6.37988, 6.7823, 11.2859, 12.0319, 11.9089, 5.86565, 6.33908, 4.08585, 3.29852, 1.97022, 0.348002, 3.29089, 5.48545, 10.1658, 20.4828, 38.6677)
(5.34407, 4.85515, 11.9124, 37.0582, 15.9278, 12.2952, 5.86779, 1.2254, 2.49983, 1.39559, 1.61857, 8.00162, 23.4298, 13.1139, 12.2441, 5.56003, 6.45355, 10.0547, 6.62323, 4.56557, 4.9048, 5.04867, 4.68009, 6.70892, 2.03762, 0.881182, 0.650176, 0.0230698, 0.604265, 10.5382, 17.9596, 24.8696, 31.0474)
(9.88248, 9.73852, 7.93502, 10.391, 9.78246, 16.5556, 6.18992, 4.82522, 3.77565, 8.59691, 12.3272, 9.72401, 11.164, 11.2857, 8.3458, 8.91237, 7.03068, 8.17894, 7.42618, 7.95811, 9.51702, 10.4572, 6.13926, 7.21747, 8.03771, 5.72338, 1.77837, 0.351173, 4.56084, 6.59621, 13.0428, 15.0089, 31.544)
(6.46487, 3.45436, 5.03444, 7.99673, 14.1484, 25.7376, 8.38246, 6.82944, 7.24686, 7.61406, 7.09073, 15.0936, 7.28977, 9.42275, 7.62806, 10.2552, 4.98554, 13.4749, 10.0363, 8.14034, 7.42033, 6.25329, 11.9178, 7.8082, 5.56178, 9.38143, 5.68498, 1.31405, 4.13117, 10.3175, 12.932, 10.9638, 19.9873)
(5.7275, 7.04868, 9.9919, 12.2259, 7.72829, 19.1473, 10.8936, 3.68224, 4.17544, 8.01652, 11.3626, 13.7999, 11.2381, 10.5533, 5.86866, 6.42177, 8.63146, 8.61008, 6.5368, 6.06647, 10.9544, 11.319, 2.62951, 5.41161, 6.20126, 6.74131, 3.38407, 2.01972, 1.59632, 8.42106, 12.7164, 23.8895, 26.9893)
(6.74934, 6.34121, 9.87015, 13.4835, 15.4411, 26.0978, 4.97296, 2.52481, 2.30994, 5.78838, 6.42076, 11.9917, 8.01995, 3.52551, 8.6272, 6.73263, 10.831, 9.89045, 8.61155, 6.14718, 11.2136, 14.4092, 1.55091, 3.50714, 3.02946, 1.3423, 1.18534, 1.5904, 10.1337, 11.8632, 15.7166, 26.5656, 23.5153)
(7.10601, 4.2184, 16.6824, 17.5148, 13.6228, 16.7571, 7.77513, 7.58557, 1.71962, 2.37358, 4.64458, 11.9732, 9.28824, 7.26213, 5.55098, 9.70647, 9.76787, 6.45829, 9.27687, 8.2254, 10.0211, 12.4694, 7.92678, 6.57075, 5.56703, 7.35034, 3.25859, 1.36489, 3.86618, 6.54683, 9.66587, 20.5405, 27.3422)
(4.81384, 9.33475, 6.02083, 6.13971, 15.2014, 29.1297, 1.35765, 0.102414, 3.51576, 10.4803, 13.9036, 3.77557, 7.11531, 4.7659, 5.93868, 10.4983, 19.7066, 8.28339, 11.6146, 4.80085, 10.5697, 12.9311, 0.0791002, 1.24069, 5.79301, 0.120717, 2.36864, 1.18992, 6.97499, 9.41434, 13.0064, 16.7102, 43.1021)
(11.6041, 10.346, 11.2033, 9.97267, 5.2517, 10.0304, 12.3729, 5.10246, 2.86005, 6.45128, 14.8051, 12.5324, 8.92967, 8.50882, 7.67883, 6.79546, 7.90751, 9.94546, 11.8278, 6.5474, 4.78749, 14.5391, 3.94318, 9.456, 6.38875, 7.41793, 4.78993, 0.181, 2.61173, 7.41276, 8.53247, 12.0555, 37.2107)
(9.75808, 3.49121, 8.91801, 15.302, 9.95541, 15.4444, 12.6077, 3.23837, 5.16458, 10.2199, 5.90032, 11.9873, 8.94921, 4.87515, 10.0421, 9.55772, 8.83609, 12.0675, 6.47851, 9.09191, 7.91553, 10.199, 3.99351, 5.15929, 7.25353, 9.59023, 4.97937, 1.22584, 2.31729, 4.67348, 13.3933, 21.4163, 25.9979)
(7.60452, 13.9018, 5.57054, 10.9468, 10.9448, 25.95, 0.216336, 0.106421, 2.2171, 10.7137, 11.828, 8.79781, 7.66816, 5.48312, 8.62513, 14.9586, 15.1377, 5.59865, 11.8161, 2.34549, 7.65968, 11.9096, 1.12568, 1.15562, 3.27692, 1.19143, 1.14959, 0.0576003, 8.55981, 6.63907, 13.0774, 19.6492, 44.1177)
(8.15007, 6.30056, 8.60118, 19.2535, 15.0866, 15.2166, 10.9678, 3.83227, 4.97083, 3.41569, 4.20487, 10.4173, 8.33393, 8.01395, 9.83664, 8.01343, 6.59792, 9.02063, 11.34, 8.36182, 9.54245, 10.522, 8.81624, 9.09644, 8.67675, 5.363, 4.92104, 0.38907, 4.97688, 6.50752, 12.977, 16.2551, 22.0209)
(6.57728, 5.53666, 11.4733, 14.4711, 11.2643, 14.7804, 13.0051, 5.0912, 4.5049, 6.50224, 6.79363, 12.0169, 9.93244, 6.68882, 9.15306, 8.71247, 9.82388, 9.03602, 8.45206, 7.07632, 7.72509, 11.3829, 4.16964, 7.8226, 7.33205, 6.15569, 4.48777, 1.49739, 3.473, 6.35901, 12.157, 21.0604, 25.4854)
(7.73227, 11.5543, 7.90215, 18.7916, 6.60331, 19.2683, 10.0457, 4.79715, 3.76628, 4.62721, 4.91167, 14.1434, 8.50963, 8.8349, 8.08295, 7.27587, 8.83784, 10.0514, 6.68677, 6.20856, 9.89103, 11.4776, 3.47145, 5.95281, 5.17536, 4.40446, 4.20248, 2.74909, 3.45985, 3.66463, 15.2808, 20.3324, 31.3067)
(15.224, 5.30226, 8.12241, 13.1171, 10.591, 15.7768, 10.6642, 5.76858, 4.31251, 5.67638, 5.44477, 16.3027, 8.13979, 2.7739, 5.90745, 10.6017, 7.3538, 8.67824, 6.35484, 8.34257, 11.2725, 14.2725, 6.64373, 9.02654, 6.68008, 5.36376, 3.12603, 1.31136, 2.28488, 7.08205, 12.9888, 18.7611, 26.7316)
(7.49894, 6.33992, 6.25523, 8.71527, 10.6, 18.6342, 13.877, 4.50933, 7.12514, 7.64269, 8.80232, 11, 10.5579, 8.1001, 7.23206, 7.49909, 9.9129, 8.19944, 8.12638, 7.43478, 10.2195, 11.7178, 3.61089, 6.06471, 6.57795, 8.48677, 2.92099, 1.13646, 4.38637, 8.45662, 13.1265, 18.8229, 26.4099)
(5.02131, 4.92506, 9.28095, 21.3197, 19.1227, 17.4385, 6.50504, 3.12451, 2.95808, 4.15237, 6.15173, 11.0968, 13.5803, 10.0904, 7.31157, 6.46321, 8.21288, 5.89743, 8.97386, 8.09904, 10.5044, 9.77015, 5.44753, 2.9878, 2.87877, 3.46604, 2.47967, 0.824876, 3.70472, 9.3604, 16.1372, 24.186, 28.527)
(12.727, 2.84442, 1.67381, 15.489, 24.2643, 12.0714, 9.09644, 6.33594, 4.5519, 8.39266, 2.55311, 10.8103, 8.98282, 2.96464, 5.49744, 17.0754, 7.36289, 7.30807, 10.9894, 8.83681, 7.32303, 12.8492, 8.89529, 3.16525, 2.96427, 4.53781, 4.24898, 0.0722232, 4.27837, 12.7576, 21.1954, 16.3882, 21.4967)
(2.48789, 3.18448, 12.0213, 13.0256, 32.6503, 20.0401, 8.01857, 1.05053, 3.28368, 2.94908, 1.28846, 3.66863, 7.54041, 6.67212, 10.9645, 11.5755, 11.7793, 13.9394, 9.98445, 6.72663, 8.28066, 8.86842, 9.10884, 3.90891, 3.76532, 1.17643, 3.27926, 1.73192, 1.36, 14.4211, 15.8994, 24.2601, 21.0887)
(6.17968, 6.02327, 7.83668, 10.4965, 15.7232, 15.6052, 11.1527, 5.06809, 6.889, 6.62579, 8.39991, 12.4922, 9.93824, 7.41245, 11.8302, 7.5954, 8.40077, 6.90406, 9.29342, 5.58207, 8.18706, 12.3642, 6.47762, 6.29886, 7.73155, 5.15703, 3.71008, 0.460698, 3.53153, 8.75006, 13.6997, 21.2157, 22.9671)
(3.96244, 5.24946, 8.61696, 14.192, 16.2305, 20.8886, 7.34412, 7.4185, 3.99365, 4.90971, 7.1941, 12.6849, 12.2802, 8.19559, 7.35244, 6.39262, 10.403, 8.69843, 8.88357, 6.39496, 7.41935, 11.295, 3.62704, 4.46763, 4.28588, 4.32967, 1.58039, 0.502707, 3.08491, 8.35335, 15.6583, 20.3124, 33.7978)
(3.10567, 3.63729, 15.4888, 25.7406, 12.3956, 13.747, 8.16461, 3.02361, 3.07049, 9.93019, 1.69621, 15.3355, 7.37737, 13.6824, 5.109, 4.3545, 4.43915, 8.08077, 6.76066, 12.6668, 7.94032, 14.2535, 3.58324, 3.29422, 3.4478, 5.33934, 2.71145, 0.0252289, 1.25283, 5.19441, 17.1588, 25.3439, 32.6488)
(3.79166, 5.98706, 9.43673, 18.6346, 21.0636, 18.3231, 5.85531, 2.10808, 2.89071, 6.20353, 5.70563, 9.09637, 11.3068, 11.1685, 10.835, 8.36917, 8.04552, 7.42389, 8.80575, 7.3951, 5.58525, 11.9687, 3.53242, 3.92978, 3.97955, 3.65527, 2.07929, 0.136484, 4.03309, 11.7276, 18.6908, 21.7766, 26.4591)
(4.41211, 3.4395, 11.202, 24.8555, 19.4108, 17.2414, 5.23294, 2.76424, 3.83612, 3.53613, 4.06928, 8.48343, 9.16442, 11.1647, 9.10249, 9.01693, 9.91972, 6.07758, 7.83102, 10.7091, 10.7687, 7.76197, 4.98134, 4.43879, 2.85242, 2.23552, 0.751143, 0.192676, 4.6717, 4.52984, 14.4907, 22.7585, 38.0973)
(0.561098, 3.69963, 7.0611, 10.5707, 14.0652, 16.9438, 3.66203, 12.9933, 3.52293, 10.4389, 16.4814, 32.829, 26.2501, 6.99367, 3.67279, 7.13248, 0.30525, 0.580328, 0.56168, 3.79519, 7.21917, 10.6604, 3.72438, 6.73773, 3.64819, 0.494516, 6.46709, 0.0260258, 6.51119, 6.97119, 20.3473, 17.4105, 27.6619)
(6.50864, 5.65797, 6.66662, 18.1344, 19.2501, 15.3533, 5.99831, 3.57151, 3.77394, 6.31748, 8.76771, 9.44702, 12.2359, 10.3606, 10.5173, 10.8193, 7.98645, 8.57911, 6.39187, 7.11974, 7.61129, 8.93144, 3.86188, 3.36133, 3.96913, 3.34942, 1.75309, 0.232666, 2.42459, 7.84169, 17.8987, 19.7057, 35.6018)
(0.12173, 0.207378, 4.53174, 34.2833, 38.6735, 21.5001, 0.177674, 0.0849391, 0.163849, 0.114519, 0.141221, 21.5143, 34.1741, 12.915, 4.6101, 4.52471, 4.37361, 0.223125, 8.6133, 4.40768, 4.4074, 0.236775, 8.62997, 8.61395, 0.130392, 0.0452803, 0.0517997, 0.000875089, 0.0559879, 12.8744, 17.3372, 17.5577, 34.7024)
(3.52946, 9.01883, 10.0637, 10.9063, 36.2018, 7.25633, 4.01109, 3.23111, 1.57672, 5.79359, 8.41113, 23.7402, 10.2802, 5.31827, 13.012, 14.62, 4.00409, 6.60969, 2.04194, 6.68023, 6.69153, 7.0019, 7.07837, 4.47725, 1.33278, 0.499983, 2.86385, 0.0222547, 2.88168, 7.26083, 14.3645, 18.6652, 40.5534)
(11.2545, 13.9716, 17.0688, 8.84216, 7.44545, 9.23894, 2.29301, 5.04849, 7.88282, 6.85859, 10.0956, 13.0229, 8.63272, 6.96831, 11.301, 5.41875, 11.243, 6.96132, 5.24727, 11.2957, 6.93476, 12.9742, 5.1329, 8.08856, 3.63191, 7.93314, 3.20654, 0.0620719, 1.89365, 3.80557, 7.61176, 21.3144, 37.3195)
(9.48792, 2.73711, 6.26475, 6.72625, 7.86134, 11.4795, 7.46417, 6.04682, 7.04125, 19.4989, 15.392, 8.8187, 9.77985, 5.18834, 1.9728, 8.44515, 6.32025, 12.964, 5.16298, 12.9698, 13.0314, 15.3467, 4.92572, 3.87858, 3.85719, 6.0268, 2.45111, 2.26156, 4.70916, 7.33752, 13.5262, 26.1891, 24.8371)
(6.1301, 6.86434, 7.93809, 10.9048, 13.4148, 16.3664, 10.038, 5.67029, 3.86225, 8.12373, 10.6871, 11.5014, 9.51538, 8.28582, 10.1364, 8.2413, 7.46111, 7.45563, 7.356, 8.49355, 10.0799, 11.4736, 6.1873, 6.07655, 5.66875, 5.43647, 3.09054, 0.861214, 2.90764, 7.32156, 13.2754, 19.9163, 29.2583)
(7.74295, 11.4355, 9.69743, 11.0343, 12.5625, 14.4248, 5.85645, 5.55503, 9.31168, 5.68486, 6.69445, 10.1494, 8.57001, 8.31243, 12.2977, 8.33537, 8.5396, 9.27117, 6.74356, 7.57196, 7.95592, 12.2528, 12.4615, 10.3472, 6.37384, 3.4373, 1.91891, 1.05844, 2.58693, 6.15494, 10.8249, 20.3314, 24.5047)
(6.60333, 3.28945, 9.02902, 15.5562, 16.3535, 18.1479, 9.53669, 6.29096, 3.68528, 5.72301, 5.78466, 16.4255, 8.43515, 6.94569, 7.77637, 7.26797, 8.66006, 5.60436, 8.85022, 9.39996, 10.683, 9.9518, 11.8263, 11.1614, 6.58323, 7.95991, 4.94729, 1.29806, 2.36518, 7.81606, 10.5635, 15.3269, 20.1523)
(9.01197, 5.42496, 7.28183, 6.61865, 14.9202, 15.2525, 7.50027, 10.1949, 5.04902, 7.37963, 11.3661, 15.7394, 9.41042, 5.63792, 8.25796, 7.99414, 4.2506, 9.21355, 10.7594, 8.21239, 7.10276, 13.4215, 15.0417, 7.08318, 9.31953, 5.11491, 4.73479, 1.38796, 3.23703, 10.3411, 14.9288, 10.2224, 18.5885)
(7.27145, 7.12053, 10.3484, 12.9907, 10.7374, 14.9064, 7.90821, 3.98078, 4.98626, 10.3838, 9.36603, 13.4955, 8.6577, 7.49289, 9.01545, 7.90588, 8.47413, 7.76052, 7.29902, 7.30467, 9.71634, 12.8778, 3.96414, 3.85318, 3.63016, 2.96566, 1.99028, 0.870943, 2.84545, 6.13783, 14.6225, 25.7362, 33.3837)
(7.36486, 6.60442, 10.9639, 15.7915, 12.8749, 12.7395, 10.579, 6.36767, 3.56706, 4.65733, 8.48977, 11.1603, 9.96624, 7.51364, 8.13804, 9.79768, 7.90896, 8.682, 8.36237, 8.12785, 7.69114, 12.6518, 5.93332, 7.36135, 6.96722, 5.37895, 3.52327, 0.59006, 2.18202, 7.86806, 10.902, 17.5787, 31.715)
(6.2267, 16.4663, 11.32, 8.40575, 11.5284, 27.4231, 1.12442, 0.53891, 0.722843, 5.20235, 11.0411, 9.94462, 12.2315, 7.09335, 4.29016, 6.44789, 20.4894, 13.2815, 7.41793, 7.12915, 6.58182, 5.09267, 0.501028, 0.581234, 0.704148, 2.61404, 3.40884, 4.06016, 3.90036, 15.199, 7.78651, 17.8818, 43.3629)
(23.6236, 4.86022, 10.7943, 7.65892, 8.10598, 7.86477, 4.66426, 8.85597, 6.84849, 8.37196, 8.35153, 15.3499, 9.3637, 6.38959, 6.26424, 6.50634, 9.47289, 3.54587, 9.56392, 12.9827, 9.23035, 11.3305, 13.6443, 10.6222, 9.75436, 9.81461, 1.63994, 0.173473, 5.30542, 4.22438, 8.92448, 9.05446, 26.8424)
(5.56058, 3.92149, 7.45643, 12.2792, 11.6446, 19.2715, 9.61644, 5.41503, 3.40226, 9.005, 12.4275, 15.7584, 8.45036, 8.57164, 7.80842, 5.69369, 9.45078, 4.57178, 11.7746, 10.7915, 6.81891, 10.31, 5.20995, 5.51863, 6.43695, 3.63833, 1.51996, 0.311582, 3.29432, 3.61763, 13.3857, 29.9017, 27.1652)
(5.76899, 5.2064, 7.75519, 13.7674, 12.5741, 17.583, 13.819, 5.1944, 5.7077, 7.02001, 5.60375, 13.168, 9.20465, 6.81623, 8.06637, 9.40871, 10.0814, 7.95742, 6.23055, 7.73639, 9.22968, 12.1007, 5.23484, 7.61246, 6.39018, 10.1411, 3.30448, 1.00866, 4.2231, 8.50497, 12.2281, 18.3912, 22.9609)
(9.92192, 5.01158, 5.07466, 10.0679, 24.8178, 17.5763, 5.05276, 2.5201, 1.29953, 8.70139, 9.95609, 25.9897, 7.54768, 8.73684, 5.04926, 5.04236, 7.55593, 5.05491, 9.97873, 11.1839, 8.74768, 5.11303, 2.52166, 4.97571, 4.99088, 3.76762, 0.0489852, 1.24802, 2.53356, 12.4284, 19.9054, 22.4945, 25.0852)
(10.1012, 5.47411, 7.80733, 8.57203, 11.4169, 13.695, 9.79732, 3.99177, 8.10446, 10.7761, 10.2637, 12.506, 10.5119, 6.33904, 8.01769, 7.97706, 8.12252, 8.74638, 9.08222, 6.10075, 10.1042, 12.4922, 7.91181, 10.7938, 8.61503, 6.44851, 4.20701, 0.875985, 4.03587, 7.21313, 11.24, 17.8064, 20.8525)
(7.94315, 9.38399, 8.43131, 10.3681, 10.4586, 9.59314, 8.64725, 14.1907, 1.74084, 4.55543, 14.6875, 3.85437, 9.95262, 13.4274, 9.6516, 8.35379, 12.2227, 4.77394, 8.65701, 7.04623, 7.19498, 14.8653, 5.43384, 6.87908, 9.38026, 11.8044, 1.53331, 0.0752854, 2.9392, 12.1482, 10.5594, 16.0311, 23.2159)
(0.0604611, 4.96594, 0.211005, 19.9195, 44.6266, 24.9447, 5.08189, 0.0443248, 0.0561886, 0.0718117, 0.0175022, 5.00496, 9.9278, 5.03694, 5.18191, 0.276666, 5.15616, 5.23173, 9.97573, 24.5628, 24.6157, 5.02965, 5.04795, 9.90296, 0.098035, 0.0380128, 0.122789, 0.0244297, 0.0746676, 10.0475, 24.8414, 19.9763, 29.8259)
(5.36141, 3.21593, 11.3699, 12.3133, 29.2861, 17.2345, 3.69357, 5.41886, 5.37243, 3.43844, 3.29565, 6.41706, 6.3968, 16.1587, 8.76395, 8.43666, 5.99804, 5.9596, 8.49713, 8.57729, 5.92444, 18.8704, 7.99692, 3.20197, 0.81022, 3.21684, 2.80214, 0.019991, 10.2313, 8.72043, 16.9315, 27.4961, 18.5726)
(3.21017, 8.48275, 9.2563, 19.308, 16.1345, 18.6883, 4.48013, 3.18165, 1.12746, 5.28493, 10.8459, 7.51077, 14.387, 9.0896, 9.92866, 8.7379, 7.58407, 8.44286, 12.6741, 7.06385, 6.13921, 8.44199, 2.97092, 3.70038, 2.82315, 6.31664, 0.90149, 0.466247, 4.07874, 11.5329, 19.8183, 21.5076, 25.8836)
(5.67455, 5.01571, 12.5164, 19.0471, 20.23, 11.2894, 3.1755, 4.79091, 3.54444, 7.71205, 7.00401, 13.4113, 9.48663, 7.12779, 4.11319, 9.60901, 4.28419, 9.37121, 9.74156, 6.79762, 11.5563, 14.5011, 5.03262, 3.80738, 1.37308, 3.68758, 0.748427, 0.135661, 1.1418, 7.47812, 20.7956, 21.5246, 34.2752)
(4.23768, 4.94513, 10.6536, 20.1369, 17.2164, 18.6682, 3.40578, 6.21484, 2.78471, 7.86957, 3.86718, 15.198, 17.4587, 17.0867, 8.14413, 6.47275, 2.39669, 9.66621, 7.0843, 5.43717, 2.71054, 8.34482, 3.54905, 1.20099, 4.29819, 6.26761, 2.15553, 1.77398, 1.0336, 11.4149, 13.5967, 19.4263, 35.2832)
(6.64969, 3.54506, 5.14759, 21.3695, 16.747, 16.6029, 9.69154, 1.83514, 3.3674, 8.20024, 6.844, 16.1184, 7.01769, 11.4738, 8.45655, 6.84013, 5.2652, 14.6141, 8.15748, 8.32266, 3.81602, 9.91797, 7.99763, 0.368092, 7.9467, 3.31206, 1.67026, 0.0225051, 1.78014, 6.66222, 16.6911, 18.5474, 35.0019)
(4.15064, 4.01153, 7.95628, 16.9051, 21.0118, 22.335, 4.8659, 3.37375, 5.12926, 4.15135, 6.10943, 14.4562, 8.42699, 10.9044, 8.80282, 5.23583, 9.58243, 8.62527, 6.46807, 8.89678, 9.21472, 9.38652, 3.67042, 4.35464, 3.23892, 2.00768, 1.33789, 0.653413, 5.58601, 11.3108, 17.0262, 21.64, 29.174)
(3.67996, 6.94683, 10.8459, 14.0598, 20.9027, 16.4077, 8.36235, 4.31321, 6.39672, 3.77776, 4.30701, 13.1867, 13.1756, 8.27896, 14.2991, 11.6072, 4.68217, 6.01043, 5.38362, 5.96283, 6.08118, 11.3322, 8.26476, 6.00892, 9.23946, 2.14436, 2.19522, 0.142879, 1.26603, 5.839, 13.9234, 22.7688, 28.2071)
(8.31253, 4.79106, 7.53624, 12.0832, 13.6459, 16.6601, 7.94966, 5.60851, 3.9603, 7.84406, 11.6085, 11.0784, 11.4873, 7.29862, 9.52006, 7.69899, 9.1122, 9.48158, 6.89075, 9.08806, 8.83064, 9.51344, 5.57439, 5.91391, 6.20977, 4.13515, 2.08106, 0.47444, 3.0936, 6.52432, 15.508, 22.188, 28.2974)
(5.58736, 3.95756, 8.34167, 13.9049, 16.0024, 19.6362, 7.74071, 6.94345, 4.79519, 5.68755, 7.40298, 16.3237, 10.6041, 5.47187, 7.62901, 6.06001, 9.83052, 7.89741, 7.42712, 10.3653, 8.95915, 9.43176, 5.92745, 5.219, 3.60873, 2.24205, 1.74333, 0.422565, 3.50582, 8.59928, 15.8567, 23.421, 29.454)
(8.89437, 8.49107, 9.96341, 13.3899, 12.5239, 13.3699, 9.01009, 5.68982, 8.26337, 4.07981, 6.32432, 9.83624, 9.80847, 8.49407, 9.12491, 7.64417, 8.04416, 6.90824, 9.33675, 8.66759, 8.60257, 13.5328, 12.6948, 9.74501, 5.92717, 3.48144, 2.35019, 0.274091, 1.97495, 7.29505, 10.9768, 21.526, 23.7545)
(3.31172, 3.48471, 11.2697, 17.2247, 21.2248, 23.0849, 4.90023, 2.86597, 2.43761, 4.15953, 6.03612, 9.91321, 11.5359, 8.83586, 8.65429, 5.41102, 9.83675, 12.9817, 8.81678, 5.09055, 9.05053, 9.87349, 2.96654, 3.19508, 3.01943, 1.19484, 0.887754, 1.36302, 4.46169, 15.0567, 19.2176, 24.6705, 23.9668)
(5.78152, 3.50491, 9.2097, 12.4332, 11.7499, 15.4775, 16.0415, 10.5318, 2.21829, 6.51187, 6.53983, 17.5062, 8.78746, 5.7861, 8.45982, 6.87961, 4.71806, 9.22972, 7.45963, 9.5008, 11.9827, 9.68996, 13.9984, 8.79756, 11.0474, 7.72673, 4.35277, 1.23969, 3.99641, 7.50119, 10.6691, 12.4692, 18.2016)
(5.83958, 6.44462, 12.1351, 14.4644, 11.0704, 17.5287, 11.2521, 6.3332, 2.32448, 6.15282, 6.45455, 12.2969, 12.3863, 6.82033, 7.63222, 7.37825, 7.14128, 8.02886, 11.4633, 7.53477, 8.45644, 10.8613, 5.9566, 7.23124, 7.49764, 3.6295, 3.91863, 1.01726, 2.48675, 7.44245, 12.9591, 19.2576, 28.6031)
(4.65509, 5.76161, 17.9313, 15.9654, 18.3093, 14.8478, 10.5342, 8.53118, 0.568183, 0.707192, 2.18886, 14.3608, 8.90181, 6.08363, 4.85488, 11.3677, 10.0316, 6.27553, 11.397, 6.23364, 10.0769, 10.4165, 7.49098, 5.04058, 4.91984, 11.0651, 1.83749, 2.68179, 2.99775, 6.12832, 10.3771, 21.4289, 26.0321)
(6.53554, 5.35583, 11.4499, 15.7567, 12.6432, 14.7501, 12.5745, 5.28854, 3.81313, 4.75053, 7.08195, 11.1134, 9.89054, 7.82219, 8.3967, 8.83283, 8.65293, 9.17809, 8.51591, 7.064, 8.24046, 12.2929, 6.30355, 7.43877, 7.6453, 6.32809, 4.06638, 1.36214, 2.98377, 6.76136, 11.9933, 19.3395, 25.7779)
(7.19819, 5.55014, 10.5172, 13.9522, 11.1188, 17.6734, 9.44356, 3.55072, 4.38285, 7.54334, 9.06956, 13.8514, 9.21069, 7.81732, 6.94878, 8.06405, 9.56356, 8.89267, 8.49943, 7.11755, 9.81594, 10.2186, 4.51042, 4.5323, 4.4451, 4.08401, 2.13213, 0.648628, 3.11527, 6.26585, 12.5789, 26.5688, 31.1185)
(7.33908, 6.59104, 11.9552, 10.6287, 10.457, 22.8057, 2.31578, 1.03605, 6.19569, 10.8601, 9.81576, 11.0748, 7.20796, 7.98909, 3.75881, 9.71615, 22.1915, 10.8731, 6.97311, 3.68545, 7.22332, 9.30676, 1.0303, 1.8606, 1.93496, 3.24642, 2.98775, 2.53271, 4.11871, 5.49022, 12.9437, 18.4095, 45.4452)
(7.6793, 3.17994, 11.0195, 15.3076, 12.1887, 17.4196, 12.6316, 3.78846, 5.48929, 8.02865, 3.26737, 11.5864, 8.74598, 8.77315, 6.56655, 10.8281, 9.19664, 11.0379, 8.13227, 8.26236, 6.72364, 10.1469, 4.22583, 8.26775, 6.2664, 7.89786, 5.18442, 1.2109, 2.94399, 6.00198, 14.9361, 22.2759, 20.7889)
(5.64406, 2.57948, 5.04703, 13.7737, 13.8777, 21.9362, 13.2543, 6.27324, 7.88815, 5.52432, 4.20175, 10.6503, 12.6413, 8.25992, 6.22278, 8.7225, 7.28925, 8.58496, 8.60579, 4.65554, 12.5501, 11.8176, 4.43354, 12.4581, 9.59346, 7.01323, 1.0793, 0.279662, 3.51568, 10.7447, 13.2937, 22.5805, 15.0082)
(5.37018, 5.06203, 8.94397, 13.5279, 15.732, 23.4569, 8.09865, 3.69641, 4.3996, 5.55751, 6.1548, 12.5563, 8.12204, 7.31727, 6.78665, 7.4041, 11.2429, 10.0242, 8.58956, 7.96748, 7.99061, 11.9989, 3.42443, 3.00811, 4.6565, 5.06413, 3.02323, 1.33074, 4.67402, 8.77644, 15.567, 21.2239, 29.2515)
(5.07564, 2.79336, 6.08142, 11.2284, 15.0197, 19.0859, 12.3834, 1.97923, 10.6068, 10.7624, 4.98377, 10.9171, 11.8342, 6.75455, 10.3247, 6.31989, 4.92413, 8.6147, 12.4306, 7.29267, 9.34131, 11.2461, 7.98356, 13.2294, 10.1642, 5.66731, 3.92994, 0.797429, 3.51394, 9.54537, 9.89772, 20.3171, 14.954)
(6.63091, 6.19689, 9.95324, 15.953, 25.2304, 16.7344, 10.4629, 2.67448, 2.68108, 2.01733, 1.46541, 4.65596, 7.6911, 9.08591, 11.7512, 12.0286, 14.0775, 10.7685, 10.7079, 6.80516, 7.34465, 5.08348, 4.9886, 8.93747, 5.05865, 4.54462, 2.13026, 0.100731, 2.09638, 8.22515, 17.0292, 19.2787, 27.6102)
(4.48612, 7.23218, 9.12541, 10.0033, 7.43036, 21.5554, 17.6655, 3.80955, 2.60369, 4.6351, 11.4534, 14.1214, 7.62389, 10.4318, 6.60903, 8.84846, 8.73992, 7.19286, 8.62716, 6.27923, 6.73565, 14.7906, 4.236, 6.97006, 7.17062, 9.1875, 5.20255, 1.20582, 1.60086, 7.73781, 10.1462, 21.3927, 25.1499)
(2.97918, 7.08978, 6.74317, 15.4879, 20.3672, 28.2942, 8.07374, 2.54368, 2.52764, 3.2599, 2.63362, 13.0218, 8.85926, 11.3347, 10.8482, 8.17037, 6.43089, 7.85715, 6.64828, 7.14221, 7.3431, 12.344, 3.67726, 2.35166, 4.59368, 2.67934, 3.8904, 1.37927, 6.60308, 13.3429, 13.263, 20.9982, 27.2213)
(3.68347, 3.93749, 12.668, 16.7238, 32.7549, 17.6402, 4.71401, 3.43561, 3.26184, 0.687851, 0.492813, 3.88535, 7.07437, 4.38416, 11.0727, 27.6493, 13.564, 9.13053, 5.44048, 9.01857, 4.59961, 4.18085, 1.66677, 9.10904, 3.63159, 0.861649, 0.939156, 0.234766, 1.1418, 15.5267, 20.0828, 27.6774, 19.1284)
(1.56393, 4.37391, 5.49001, 20.8665, 24.5567, 27.1942, 10.0757, 2.85904, 1.17521, 1.38072, 0.464078, 6.60968, 6.7532, 7.7476, 12.6745, 8.2885, 11.8431, 15.8565, 7.65656, 6.85395, 10.03, 5.68637, 7.74704, 9.52633, 3.67746, 0.796549, 9.71951, 0.779512, 3.99752, 9.59227, 18.5773, 12.3707, 23.2158)
(3.05675, 0.991345, 3.99709, 6.64341, 23.5511, 25.5049, 17.169, 9.75248, 0.87036, 1.01347, 7.45013, 5.72848, 6.27955, 10.0632, 17.5423, 6.63631, 4.0617, 6.01951, 8.05597, 12.3133, 10.2421, 13.0576, 3.48247, 18.8658, 7.91906, 7.47268, 2.75262, 0.0396334, 7.45988, 1.86142, 4.84516, 27.8464, 17.4549)
(2.25807, 4.65161, 13.3383, 7.59927, 17.8823, 23.7579, 11.1044, 5.68799, 4.35812, 3.8194, 5.5426, 5.96344, 10.0799, 8.34449, 13.8094, 11.937, 8.9535, 8.11755, 7.07352, 7.49945, 7.17885, 11.043, 6.09252, 4.87883, 5.96935, 9.46925, 3.68239, 0.0864823, 6.39917, 10.0893, 13.6644, 16.3285, 23.3398)
(2.724, 8.06048, 11.726, 15.6506, 14.8617, 14.4901, 9.26063, 4.85787, 1.92592, 3.52861, 12.9141, 7.61628, 12.5993, 10.2576, 9.2494, 8.73196, 8.46344, 9.66044, 9.3878, 6.48733, 8.83153, 8.71489, 3.23522, 7.20912, 6.09434, 3.6715, 3.08288, 0.337437, 3.22008, 11.8057, 14.9492, 16.8477, 29.5468)
(0.32199, 5.98352, 6.18814, 1.1051, 12.4701, 28.3735, 16.9179, 16.4546, 0.317281, 5.97665, 5.89114, 11.4061, 16.76, 0.974697, 16.85, 11.4787, 0.758343, 0.731901, 6.12592, 6.19592, 11.4782, 17.2402, 6.39309, 11.507, 11.3494, 0.4008, 0.25262, 0, 0.462301, 11.4231, 17.0758, 28.5522, 12.5836)
(4.80503, 8.9749, 9.77356, 28.4525, 12.6753, 17.053, 4.9679, 4.07451, 1.04672, 1.57434, 6.60227, 10.8535, 13.2681, 11.881, 16.2483, 3.83857, 5.51108, 4.314, 4.93409, 10.4052, 8.70616, 10.04, 4.48194, 1.22508, 2.49631, 0.750413, 3.51404, 0.176376, 0.922771, 1.88256, 21.4469, 25.6376, 37.4661)
(6.92231, 3.24866, 11.0138, 8.31263, 17.6303, 15.5205, 9.98719, 3.10343, 6.33596, 10.6723, 7.25294, 12.231, 18.6607, 11.2873, 9.23678, 6.59761, 7.05905, 3.17282, 4.70544, 9.16665, 9.31526, 8.56738, 22.2449, 8.14495, 2.75436, 4.50999, 2.19765, 0.0893508, 4.14123, 7.67009, 16.3628, 11.6017, 20.2829)
(5.95446, 5.36868, 3.97798, 25.5896, 19.2312, 19.6898, 2.96905, 1.7806, 2.57278, 8.00089, 4.86488, 8.98075, 11.9978, 9.77286, 12.4786, 7.2041, 10.3158, 10.1863, 6.95104, 7.68221, 6.6326, 7.79789, 2.42419, 3.00444, 2.77411, 3.42909, 2.87749, 0.158158, 3.42163, 5.58915, 21.9691, 24.4192, 29.9333)
(5.35945, 5.04195, 6.9605, 21.9163, 20.1936, 15.8033, 6.34198, 2.55387, 2.74519, 6.20133, 6.88248, 10.3865, 9.96816, 11.0833, 9.53227, 8.17319, 8.56439, 12.9313, 5.35622, 8.28147, 8.33095, 7.39222, 4.35278, 4.00395, 3.26638, 2.01636, 1.92855, 0.238634, 2.97815, 6.00707, 19.6744, 22.2968, 33.237)
(0.891073, 1.28283, 7.51585, 8.97808, 21.3466, 29.8648, 4.96959, 0.935864, 16.6069, 3.86272, 3.74563, 8.1454, 12.1293, 15.6401, 13.997, 5.54801, 1.41949, 6.99167, 13.5734, 10.3314, 4.51683, 7.70745, 10.2185, 9.6359, 4.81008, 1.13829, 0.357636, 0.0274727, 5.77285, 4.49463, 12.4755, 19.4683, 31.6008)
(6.51847, 5.99885, 8.01521, 15.8805, 17.8116, 13.976, 5.83841, 7.64609, 2.5983, 4.31537, 11.4012, 12.2893, 9.6102, 7.302, 7.49501, 8.93135, 10.6403, 11.5456, 9.2113, 9.46438, 7.40278, 6.10774, 4.63046, 6.2681, 5.81118, 3.69281, 1.37334, 0.285788, 3.88149, 9.21811, 19.3256, 20.2082, 25.305)
(4.43109, 7.63714, 6.30703, 16.2013, 15.9037, 20.1603, 6.39345, 2.89655, 3.85061, 6.50749, 9.71134, 11.8059, 7.79722, 10.1912, 6.078, 8.155, 9.35469, 9.69823, 8.73982, 10.648, 9.41072, 8.12119, 3.51037, 4.58879, 4.82544, 2.61721, 3.78917, 1.12656, 5.86995, 4.29831, 14.2332, 20.2034, 34.9376)
(1.48847, 1.91048, 3.2505, 9.22534, 15.3438, 25.4375, 10.8356, 3.26697, 20.4748, 5.49344, 3.27316, 5.68491, 17.3732, 7.35123, 12.2547, 8.69137, 5.68185, 4.51395, 13.4602, 10.9025, 8.16387, 5.92221, 7.03508, 4.52632, 9.08475, 7.25078, 0.435156, 0.0386002, 0.810993, 6.49166, 18.5711, 22.7969, 22.9586)
(8.28989, 3.72225, 5.34306, 12.8109, 18.918, 16.2925, 7.64466, 5.97547, 5.11941, 6.66965, 9.21422, 10.6349, 10.6241, 11.8484, 8.23108, 9.34179, 9.51992, 10.4734, 6.19666, 8.46498, 6.20231, 8.46248, 9.41755, 6.79156, 5.21421, 4.07571, 2.36688, 0.37918, 4.98623, 8.954, 16.4678, 16.1052, 25.2416)
(5.06593, 3.52685, 5.49299, 11.3038, 15.4349, 17.1198, 13.1772, 6.40704, 6.63654, 6.93718, 8.89779, 9.80285, 9.97326, 8.92115, 13.7763, 10.497, 9.43052, 7.91011, 6.33851, 6.308, 5.45941, 11.5829, 11.7527, 10.86, 7.5639, 6.61934, 3.25076, 2.60905, 3.64788, 10.4419, 12.9795, 14.2499, 16.025)
(8.32067, 8.31336, 6.97085, 18.4497, 28.3538, 12.2745, 5.16217, 3.38522, 3.39696, 3.46557, 1.90722, 13.473, 10.0898, 3.52592, 3.58217, 14.9428, 5.30176, 6.89216, 8.5083, 13.3238, 3.66686, 16.6934, 0.122646, 1.79255, 1.78244, 0.129369, 0.0860989, 1.6667, 6.69661, 6.93769, 21.7553, 26.9598, 32.0708)
(7.37885, 14.0855, 17.689, 11.512, 11.5805, 11.3958, 4.63604, 5.84492, 7.14698, 2.9199, 5.81052, 10.1433, 8.94051, 9.32274, 8.49458, 7.88305, 8.47089, 10.9077, 9.64696, 8.19805, 8.04029, 9.95197, 7.87636, 10.9745, 7.68006, 4.69511, 0.961348, 0.120807, 1.12228, 6.3541, 13.3741, 18.6096, 28.2317)
(3.22701, 4.90305, 8.87478, 10.982, 7.06498, 14.1246, 19.7041, 10.7114, 3.82953, 6.36087, 10.2177, 12.572, 9.74736, 5.39519, 7.16403, 10.4221, 6.19205, 9.00829, 11.3207, 10.7952, 8.20176, 9.18129, 5.27617, 17.3136, 10.4052, 8.46471, 5.77089, 0.440995, 2.93109, 9.20109, 7.69055, 14.6174, 17.8883)
(7.4754, 3.61067, 8.80175, 15.0709, 12.1523, 17.4449, 10.2282, 5.06498, 4.34242, 7.45503, 8.35345, 12.5762, 8.94323, 5.98403, 7.05129, 8.37396, 12.401, 10.0425, 7.7152, 5.38331, 10.7495, 10.7798, 3.47396, 5.37655, 5.2374, 5.14951, 2.45611, 0.720373, 2.51653, 6.30716, 15.1231, 26.6313, 27.008)
(19.9346, 9.69885, 9.21328, 6.22413, 8.47584, 8.51021, 4.65212, 9.37716, 5.24083, 6.64386, 12.0292, 14.3586, 10.9816, 5.49787, 6.97037, 3.66745, 7.04424, 3.29585, 9.40208, 12.4742, 13.2186, 13.0892, 14.7863, 8.25864, 10.0773, 7.45371, 4.10156, 0.17271, 4.24656, 4.0453, 9.45417, 10.127, 27.2768)
(7.44504, 3.34796, 7.27808, 13.9572, 13.3542, 19.1114, 12.5195, 7.35028, 3.35522, 4.77338, 7.50776, 13.3529, 8.38837, 6.75861, 9.91952, 8.97582, 3.87729, 9.43602, 6.80314, 11.0744, 12.0913, 9.32264, 11.3563, 8.51485, 7.19454, 6.53265, 4.2469, 2.10032, 5.18737, 6.49804, 11.8493, 16.9934, 19.5263)
(5.64736, 4.68567, 10.6636, 16.421, 13.8513, 22.8324, 7.47028, 3.69669, 2.86977, 8.04651, 3.81541, 12.065, 12.8484, 6.12685, 6.93468, 7.92157, 12.2692, 7.46894, 11.0761, 5.21091, 8.56184, 9.51653, 3.64986, 4.88094, 3.42326, 5.76563, 4.93056, 3.3865, 4.10125, 7.53879, 15.479, 21.1682, 25.6759)
(7.41671, 5.78057, 8.01132, 12.473, 16.4088, 24.2422, 3.1992, 1.82496, 3.12672, 7.97356, 9.54294, 11.4785, 10.047, 7.74804, 7.40912, 7.24342, 10.4374, 12.1976, 9.11637, 7.23224, 7.88377, 9.20658, 1.81822, 2.02363, 2.43448, 3.13605, 3.98509, 1.32571, 4.93074, 11.0426, 14.0846, 24.6463, 30.5725)
(5.35417, 19.8214, 17.0451, 11.0431, 8.08507, 5.31128, 7.31145, 8.84307, 6.34371, 2.45877, 8.38298, 7.41926, 11.2863, 5.48384, 3.91868, 12.3905, 17.964, 5.74042, 9.48659, 3.7227, 9.09435, 13.4933, 8.87126, 12.7926, 5.45687, 4.8858, 0.384394, 0.0562605, 2.29089, 4.2217, 10.4536, 15.8424, 34.7442)
(1.40597, 2.89854, 12.0557, 13.8582, 9.42905, 19.0714, 19.8422, 2.90165, 4.6633, 5.13966, 8.73429, 11.6574, 10.2588, 6.28929, 6.35019, 13.5248, 12.0572, 9.37388, 10.0845, 4.4223, 5.41661, 10.5649, 3.02402, 5.19935, 9.54577, 7.03466, 7.0789, 0.278103, 6.99737, 4.46891, 13.7689, 22.6803, 19.9238)
(9.616, 4.96706, 10.3469, 13.1612, 17.1795, 13.3703, 9.13357, 9.2545, 5.87924, 2.61436, 4.47723, 12.1246, 11.5907, 8.30542, 10.3168, 11.0568, 6.14718, 8.54201, 6.71064, 7.03236, 10.6094, 7.56398, 11.0855, 12.1925, 5.36826, 4.89193, 1.28738, 0.161026, 1.41652, 5.57264, 7.00717, 14.4008, 36.6163)
(0.988029, 3.53445, 6.76188, 5.34747, 26.3654, 37.5149, 6.36887, 5.54334, 3.15234, 3.48487, 0.938506, 14.6413, 9.34979, 4.18533, 6.53349, 9.10924, 9.63145, 16.8429, 11.6233, 1.77953, 9.0108, 7.29286, 5.87113, 0.630347, 3.17097, 0.633267, 0.585681, 0.245509, 1.07459, 9.88489, 15.4895, 29.0368, 33.3773)
(1.17096, 4.75295, 8.11837, 17.1809, 13.3584, 28.3927, 12.0477, 4.14628, 1.18599, 4.33293, 5.31282, 12.1079, 13.4438, 12.7124, 8.02574, 7.69489, 4.97774, 12.3824, 8.09601, 11.636, 5.02377, 3.89933, 6.45959, 13.7889, 4.3765, 3.76452, 3.03765, 0.114651, 5.90487, 6.29545, 10.64, 17.8784, 27.7395)
(8.55928, 3.02855, 4.07414, 22.559, 22.1953, 19.6432, 4.51114, 6.32715, 4.32769, 2.81986, 1.95472, 11.1045, 6.09155, 9.23257, 10.397, 11.2, 14.2118, 8.70178, 4.71449, 11.452, 6.83004, 6.06439, 6.87142, 3.21523, 0.645551, 2.29416, 0.391227, 0.304583, 1.46549, 6.12573, 21.8659, 18.2052, 38.6155)
(2.5997, 4.27051, 6.38636, 19.4053, 21.0348, 17.1008, 9.26206, 2.41523, 3.96652, 2.65705, 10.9016, 13.475, 5.06918, 3.78199, 12.5318, 6.26499, 14.4569, 5.29293, 12.6361, 9.94084, 9.90501, 6.64521, 2.53868, 5.65267, 2.45782, 2.21407, 0.53085, 1.72737, 2.66128, 6.28777, 17.343, 28.1873, 30.3992)
(9.27985, 9.59704, 12.5566, 8.86371, 11.0559, 7.3378, 7.60815, 2.86402, 11.3793, 8.63608, 10.8215, 13.9141, 4.14711, 15.7364, 11.9091, 4.08335, 1.45961, 3.71763, 4.18385, 9.74615, 11.3166, 19.7861, 13.5948, 15.5033, 3.50181, 4.93745, 4.37207, 0.0535915, 2.41734, 5.21464, 11.0009, 17.9085, 21.4956)
(8.07307, 9.6353, 13.01, 11.2944, 10.6638, 18.3505, 10.2646, 4.11056, 5.22251, 4.19754, 5.17769, 7.2002, 10.4096, 7.63188, 11.6962, 12.5676, 10.1884, 8.63775, 12.367, 6.95953, 4.13717, 8.20469, 12.4387, 8.61646, 5.33435, 6.77461, 3.90276, 1.30036, 3.70536, 5.62749, 11.356, 15.6783, 25.2657)
(7.97913, 8.1287, 14.0102, 8.93444, 13.2211, 13.9171, 11.1899, 5.07413, 5.69244, 5.56548, 6.2875, 13.0541, 6.873, 12.2906, 10.2995, 8.19335, 6.88253, 5.94579, 10.5274, 8.39589, 8.03034, 9.50758, 15.5317, 8.01902, 7.44364, 6.38686, 2.2488, 0.444787, 2.04155, 5.31658, 10.1781, 14.3921, 27.9969)
(5.26711, 5.06752, 8.35456, 12.6978, 14.1354, 19.6578, 12.7464, 9.75674, 3.13497, 3.699, 5.48277, 8.99934, 10.5748, 10.1032, 8.64557, 7.70328, 10.0025, 7.91591, 11.9988, 9.18799, 6.63904, 8.22971, 5.85962, 9.62752, 11.7751, 5.99309, 3.78405, 0.520747, 3.60216, 7.91601, 12.6289, 16.7542, 21.5385)
(0.241012, 2.976, 21.2859, 18.609, 15.9508, 23.0835, 7.28172, 1.5637, 5.71049, 3.02675, 0.271182, 15.7981, 0.339168, 8.61831, 8.65295, 10.0938, 8.75479, 11.4785, 10.1074, 3.09404, 5.9283, 17.1347, 1.50528, 1.56554, 4.35133, 2.92216, 2.88092, 1.42619, 2.95121, 8.73544, 21.4535, 26.0347, 26.1737)
(5.1709, 8.41446, 15.2623, 5.66586, 25.3822, 27.2285, 0.432336, 3.4459, 1.84909, 3.55871, 3.58972, 7.21857, 10.2163, 3.66184, 10.1938, 13.5217, 7.07734, 5.39789, 11.8922, 13.4333, 10.2423, 7.1447, 0.157535, 1.85178, 0.230029, 0.177219, 1.76006, 0.0563139, 8.37028, 21.7092, 12.249, 24.1453, 29.2932)
(12.0683, 5.4017, 10.7821, 6.86997, 21.536, 14.9417, 5.447, 1.39158, 1.39877, 6.74739, 13.4155, 22.806, 8.13934, 2.77949, 5.43016, 4.12127, 8.13818, 5.45748, 13.4387, 12.099, 9.44931, 8.14106, 0.0710607, 2.73021, 2.72721, 2.72376, 0.0426552, 0.0131795, 6.70803, 12.0982, 22.8229, 25.6525, 24.4103)
(8.69569, 2.85086, 20.4648, 13.9097, 14.7016, 8.34623, 16.3597, 5.04152, 6.50074, 0.446103, 2.68308, 10.8848, 7.22242, 12.5224, 9.44563, 13.2699, 9.35594, 7.28591, 7.44046, 6.7411, 8.80865, 7.02279, 16.2844, 12.7649, 3.02718, 6.44568, 0.578564, 0.052768, 0.512505, 1.41672, 4.36337, 20.0797, 34.4742)
(2.04123, 4.59913, 8.75564, 16.4151, 35.8519, 18.0451, 6.07897, 3.27559, 3.30128, 0.589381, 1.04665, 4.06672, 4.3596, 7.11215, 15.2478, 12.0194, 16.5309, 16.3244, 8.98982, 7.48309, 3.22901, 4.63703, 2.98096, 4.04415, 3.55148, 2.24609, 3.94682, 0.116492, 3.64818, 14.6871, 24.7157, 19.299, 20.7641)
(8.06967, 19.9491, 7.13146, 1.33723, 6.71353, 9.10429, 7.87645, 6.87312, 8.04856, 12.7296, 12.1669, 6.96472, 3.38851, 14.8205, 9.19535, 5.54414, 4.68523, 8.6585, 5.3362, 14.7553, 13.0658, 13.5858, 26.5723, 11.5451, 20.1856, 4.36925, 4.12757, 0, 4.46125, 1.19571, 3.79543, 17.0417, 6.70611)
(0.389381, 1.02926, 6.74647, 2.92439, 8.13941, 8.69926, 17.2603, 16.3525, 20.9808, 16.212, 1.26617, 17.0424, 17.4306, 12.0797, 6.69368, 1.44595, 1.46189, 12.3574, 1.5924, 6.50874, 1.26098, 22.1262, 11.5036, 27.225, 11.166, 0.575515, 0.413992, 0.060281, 0.613821, 17.1876, 12.8628, 8.30272, 10.0886)
(2.49464, 1.60477, 5.4115, 13.8803, 47.0525, 15.9113, 5.32093, 1.58323, 1.32961, 2.87501, 2.53625, 7.03082, 10.5407, 9.41414, 8.73533, 14.5506, 11.1615, 6.91063, 14.0634, 11.0328, 2.99637, 3.56378, 8.95393, 1.9592, 0.993733, 1.35427, 0.567198, 0.114427, 1.07485, 3.63128, 18.8662, 21.0414, 41.4436)
(5.14099, 4.69511, 5.09344, 12.9374, 23.0438, 24.7551, 7.28404, 3.51828, 1.9594, 6.33446, 5.23793, 9.75787, 13.2074, 9.01262, 7.33095, 9.96116, 7.99743, 11.8669, 9.89466, 7.47332, 6.34433, 7.15337, 8.3431, 4.90152, 1.95045, 3.12718, 0.971329, 0.207063, 1.89058, 8.43318, 19.3463, 20.1993, 30.63)
(2.0152, 2.3686, 9.40249, 21.0014, 21.9152, 23.6693, 7.27762, 3.30067, 3.35505, 1.86155, 3.83296, 10.7981, 7.02264, 9.71528, 12.0365, 9.26016, 8.86442, 8.79648, 11.9846, 6.76934, 9.0799, 5.67254, 5.19604, 2.65357, 1.86875, 4.07573, 0.761181, 0.545124, 3.51194, 6.71157, 14.4294, 25.2498, 34.9969)
(0.361751, 4.29977, 8.45469, 20.3355, 20.5524, 36.2843, 0.557049, 0.240265, 8.41134, 0.26683, 0.236105, 4.45962, 8.58838, 4.47805, 4.54719, 20.2218, 4.24177, 19.8233, 16.4496, 12.185, 4.32309, 0.682192, 4.44, 0.48156, 4.3739, 4.18951, 0.100527, 0.013243, 4.01736, 12.035, 8.94942, 24.6749, 36.7246)
(9.26834, 11.4449, 13.9381, 12.4209, 10.6819, 16.47, 10.9337, 4.29619, 3.94891, 2.50811, 4.08889, 8.61428, 10.4085, 11.1941, 7.31781, 10.1221, 6.09222, 9.15547, 11.477, 8.84123, 6.48207, 10.2953, 7.66935, 9.37578, 8.69346, 8.26718, 2.57602, 0.252431, 3.5317, 3.71162, 12.3031, 17.7613, 25.8581)
(7.70335, 4.76943, 2.5112, 5.54944, 11.0798, 17.0952, 17.9237, 3.57932, 12.7847, 6.38041, 10.6236, 15.0448, 6.63039, 3.82942, 3.84675, 5.33221, 7.72862, 17.2442, 9.4255, 11.9363, 11.9562, 7.02565, 10.7183, 10.8231, 10.5539, 6.33155, 5.97295, 0.111183, 1.90475, 10.5936, 15.0384, 15.7072, 12.2451)
(6.54423, 4.58093, 8.08551, 10.2955, 14.5297, 19.1028, 10.5919, 3.67209, 6.90394, 8.86996, 6.8235, 12.821, 7.44285, 7.84182, 9.65384, 8.73894, 4.88023, 11.4041, 7.66399, 9.59894, 8.54259, 11.4117, 9.28778, 5.8598, 8.50793, 6.64823, 4.71425, 0.370628, 4.72614, 9.59932, 12.3429, 17.7798, 20.1633)
(5.77858, 4.72672, 6.62092, 8.67135, 12.3953, 15.5001, 14.622, 6.91185, 8.11649, 7.31234, 9.34435, 10.1456, 8.29787, 6.96888, 7.54831, 6.86944, 10.5245, 12.9196, 8.7757, 7.46883, 9.59059, 10.8907, 6.49289, 7.59441, 6.02457, 5.04214, 3.96629, 0.530851, 2.77936, 9.08034, 12.1618, 23.9422, 22.3851)
(6.23999, 6.30109, 7.04508, 12.0148, 18.7206, 16.798, 9.51211, 4.96265, 5.52719, 5.04654, 7.83199, 11.9902, 10.7118, 7.3268, 8.18133, 9.54967, 7.40699, 7.02838, 7.5582, 8.62865, 11.0139, 10.6041, 5.52752, 6.59087, 4.35737, 4.27071, 3.62018, 0.674474, 3.64711, 8.45312, 13.6119, 23.2329, 26.0138)
(4.50205, 5.29284, 6.55987, 15.62, 23.3465, 22.8483, 5.27429, 3.3026, 4.75097, 5.20663, 3.29601, 8.87403, 11.2767, 6.59094, 6.40306, 11.0031, 6.04882, 6.66502, 8.09165, 10.785, 6.08717, 18.1745, 2.04627, 4.08, 4.07337, 1.74299, 1.56678, 1.29385, 4.30919, 12.4208, 17.1993, 19.9519, 31.3154)
(5.94644, 5.15025, 6.46113, 10.2096, 17.2791, 13.014, 14.6393, 6.06483, 3.92583, 5.17675, 12.1327, 8.53464, 9.035, 11.0546, 11.9976, 11.1516, 9.87713, 9.37905, 7.18718, 6.57784, 5.92294, 9.28242, 8.42901, 9.60444, 7.25798, 4.55942, 2.88604, 1.23268, 3.41907, 9.28273, 12.8617, 18.2915, 22.1754)
(5.19764, 2.72628, 15.1636, 17.7508, 13.4228, 10.578, 10.2173, 12.2838, 7.47426, 0.120023, 5.06541, 7.73571, 7.68336, 10.1086, 7.95836, 15.1583, 12.7627, 7.80249, 22.064, 0.500779, 2.90107, 5.32464, 10.1438, 7.73613, 7.52505, 5.11459, 7.31032, 0.0267829, 2.56396, 0.601205, 15.2943, 25.1598, 18.524)
(1.81009, 4.05879, 7.06557, 18.2133, 22.7254, 31.8275, 6.87302, 1.57536, 1.96557, 2.05805, 1.82734, 5.74705, 8.53065, 7.47941, 6.1481, 8.16651, 8.1867, 6.53612, 11.0195, 15.3142, 11.6692, 11.2025, 3.26916, 4.62175, 3.89546, 4.7, 1.55082, 0.384594, 5.25534, 6.00314, 17.2747, 17.6099, 35.4351)
(3.13358, 4.21254, 5.50398, 6.6328, 20.7186, 20.0529, 17.1196, 8.36524, 5.11909, 6.49072, 2.65097, 9.04189, 8.57013, 5.29885, 7.75609, 5.98543, 9.51119, 11.2816, 11.8243, 8.21998, 9.18831, 13.3222, 20.4366, 11.5501, 5.87678, 2.22744, 1.4983, 0.353168, 2.00807, 4.50983, 11.7307, 13.4385, 26.3705)
(0.533417, 5.69701, 6.14778, 6.64548, 8.79883, 36.4364, 17.4243, 8.58378, 5.74426, 3.45623, 0.532536, 1.63695, 6.4531, 3.64421, 6.26315, 8.71857, 9.28397, 16.7987, 9.44165, 11.589, 13.9744, 12.1962, 22.4064, 11.5398, 8.36855, 0.498418, 0.381629, 0.0978472, 0.562803, 1.27452, 9.82617, 15.3139, 29.73)
(2.39231, 3.24799, 18.2566, 25.9684, 32.1257, 8.6699, 2.73352, 1.39342, 2.52032, 1.20627, 1.48561, 5.95828, 3.50586, 11.2717, 11.3135, 14.8161, 2.49294, 8.62225, 9.13467, 16.4467, 10.4328, 6.00535, 2.88051, 3.10148, 2.45228, 1.72374, 0.715941, 0.071712, 3.39238, 2.41354, 31.5799, 15.4232, 36.2453)
(6.9597, 2.83128, 8.9359, 5.47262, 7.634, 22.0408, 15.2097, 4.71979, 0.820951, 8.74998, 16.6253, 19.1386, 9.05474, 10.9228, 1.09265, 11.1107, 4.98358, 9.01284, 9.26821, 7.13524, 10.8948, 7.38581, 16.9984, 9.13156, 12.8056, 6.83418, 4.43884, 2.01841, 4.44261, 9.0625, 5.75809, 13.9736, 14.5363)
(0.196509, 0.192536, 0.401648, 17.927, 32.6371, 27.1698, 17.8368, 3.11699, 0.179133, 0.149595, 0.192971, 3.39961, 9.11911, 14.7413, 11.8637, 9.12361, 14.9964, 11.939, 3.37878, 6.18567, 9.04886, 6.204, 0.235301, 6.17576, 8.93926, 5.9782, 2.97846, 0.0239376, 5.93858, 14.8422, 6.3353, 15.4491, 33.1039)
(4.68549, 10.0656, 22.8943, 14.2082, 27.6102, 11.4062, 4.69679, 1.45218, 1.09449, 0.649543, 1.23708, 5.22449, 6.43087, 5.93222, 7.84125, 25.3422, 9.33282, 13.614, 4.92182, 11.0928, 7.05645, 3.21106, 3.68777, 5.04142, 4.82718, 1.19672, 1.03203, 0.0800832, 0.581609, 8.62451, 19.2726, 29.2781, 26.378)
(10.2041, 8.44366, 13.7917, 15.6182, 14.1965, 11.6869, 8.08081, 5.56871, 4.02961, 4.14945, 4.23039, 10.4073, 8.32912, 9.64052, 7.98764, 11.9001, 8.70389, 7.48082, 10.3865, 8.09509, 8.93184, 8.1372, 8.43715, 9.18394, 7.86959, 4.49521, 2.73396, 0.482508, 2.58853, 8.0878, 15.3579, 17.2233, 23.5401)
(10.8821, 5.08472, 4.09415, 6.15415, 10.504, 15.2275, 10.3704, 12.0437, 2.27814, 12.0732, 11.2879, 6.13521, 5.64192, 1.55327, 4.28378, 15.2234, 12.3198, 12.5989, 12.5363, 9.75133, 8.44336, 11.5127, 10.9852, 9.7607, 9.51926, 7.87333, 3.4425, 0.126508, 6.08684, 8.32148, 14.5477, 11.4933, 17.8432)
(6.50756, 3.22121, 6.95311, 9.99312, 8.62238, 16.3317, 16.5351, 4.40738, 3.10683, 8.35906, 15.9625, 13.8339, 9.1755, 9.94767, 7.90307, 8.98544, 6.12664, 10.2098, 9.0852, 8.02766, 8.22934, 8.47577, 8.36128, 3.57747, 7.34225, 5.0104, 5.79028, 0.138225, 2.79542, 8.95002, 11.1841, 21.312, 25.5386)
(3.01588, 4.96152, 8.76696, 15.7964, 20.7154, 25.6484, 7.36201, 3.81426, 5.11669, 2.79283, 2.00975, 12.5442, 12.4886, 12.2489, 8.41498, 12.3109, 5.96463, 10.2717, 6.73216, 9.20471, 3.54516, 6.27416, 2.69012, 5.2653, 4.81671, 1.10523, 1.96533, 1.39332, 6.10497, 10.8392, 13.7538, 20.5933, 31.4727)
(5.41508, 6.08038, 12.2448, 15.2793, 24.0901, 14.0404, 7.84901, 6.95292, 2.45649, 1.56218, 4.02941, 12.3755, 11.0235, 7.52514, 7.46204, 12.981, 10.1274, 7.86041, 8.90796, 8.62013, 6.68517, 6.43178, 4.97656, 6.43423, 5.20728, 2.9202, 2.88671, 0.122646, 1.69971, 8.21578, 18.1948, 20.279, 29.0631)
(7.60203, 9.46503, 12.6219, 8.00043, 16.9963, 14.6471, 10.3807, 6.41059, 3.01389, 4.55577, 6.30631, 13.8273, 7.88582, 8.14135, 8.16247, 12.934, 7.9378, 5.17481, 6.57572, 9.36525, 6.30856, 13.6869, 5.50087, 7.76513, 6.18583, 6.49474, 3.8469, 0.408451, 2.59065, 10.3903, 14.2751, 16.7202, 25.8218)
(6.80026, 6.24385, 6.24665, 10.9577, 23.467, 14.6574, 10.6438, 8.15102, 3.247, 2.40179, 7.18352, 12.6327, 8.12251, 6.86956, 6.61942, 15.615, 7.12003, 5.36366, 6.91541, 8.76743, 6.6237, 15.3505, 6.32869, 10.0037, 4.27085, 5.96199, 2.35175, 0.406908, 2.50409, 16.3706, 18.1944, 14.0635, 19.5436)
(0.620225, 1.06464, 12.3038, 27.2163, 30.696, 17.4777, 8.31877, 0.955968, 0.730721, 0.183698, 0.432241, 1.24174, 4.56041, 5.12512, 19.959, 12.8464, 20.3639, 16.6802, 5.38182, 4.9023, 7.70128, 1.23785, 1.02682, 4.51918, 0.960004, 7.38572, 4.17763, 0.0363488, 0.82959, 6.29611, 14.989, 31.152, 28.6275)
(0.71783, 1.18316, 8.40778, 6.8128, 25.7523, 31.0053, 18.6216, 4.5275, 1.13517, 1.12657, 0.710023, 5.55675, 2.27393, 11.5032, 5.07918, 9.05916, 19.1136, 12.6167, 12.468, 9.48846, 6.02345, 6.81758, 15.0302, 7.9669, 1.35455, 0.735138, 3.77835, 0.200198, 4.35908, 9.25366, 7.94783, 21.6654, 27.7087)
(0.334408, 0.372606, 0.753619, 10.289, 18.4676, 34.9796, 25.304, 8.44326, 0.341791, 0.248118, 0.466002, 9.24361, 17.0153, 1.07433, 9.18009, 0.911152, 9.30947, 17.1389, 9.1694, 17.1567, 0.996977, 8.80407, 16.709, 0.567305, 8.45374, 0.413033, 0.150802, 0.0860817, 0.421815, 0.740969, 25.757, 26.6411, 20.0591)
(2.84698, 4.78418, 2.87097, 6.02147, 16.5312, 32.9115, 21.4373, 6.59537, 4.71833, 0.516984, 0.765673, 7.31517, 13.7228, 6.0498, 3.28364, 10.2644, 17.7617, 7.72782, 7.61728, 6.59073, 7.46204, 12.2046, 8.4273, 18.2721, 10.5032, 5.09767, 2.57114, 0.106236, 2.96019, 7.52843, 4.39675, 13.4328, 26.7042)
(9.65707, 4.39239, 7.29056, 10.2347, 11.7889, 16.9648, 11.6685, 6.50465, 3.4632, 6.51654, 11.5188, 9.74719, 7.64966, 10.479, 6.45844, 12.0632, 9.7395, 8.56247, 9.08948, 8.5646, 7.51128, 10.1352, 8.64919, 10.3752, 6.78451, 6.85603, 3.33819, 0.445637, 3.99378, 8.46111, 11.4732, 16.3497, 23.2734)
(6.27079, 15.7533, 9.04244, 6.88736, 8.51765, 3.20276, 7.83242, 13.0144, 7.28455, 7.49861, 14.6957, 13.5112, 9.14399, 7.83847, 11.9933, 2.27624, 9.05004, 6.49858, 6.41372, 9.21468, 11.9533, 12.1065, 15.7905, 7.55686, 6.09772, 4.57876, 3.10377, 0.0635179, 0.375925, 4.96624, 5.66398, 17.2766, 34.5262)
(5.46743, 4.33927, 5.60743, 13.8967, 18.3102, 23.0009, 6.56064, 7.52012, 4.75536, 4.96481, 5.57709, 13.7175, 9.59834, 6.92805, 7.85457, 7.63677, 7.3578, 8.59911, 8.73639, 10.6498, 9.27864, 9.64306, 5.53786, 4.41644, 3.60573, 2.01989, 2.49647, 0.333402, 3.57107, 8.73839, 14.6384, 23.0537, 31.5887)
(2.82946, 3.04275, 5.82571, 16.2688, 26.1714, 23.6017, 5.15516, 3.57371, 5.45411, 3.68193, 4.39529, 14.8824, 6.30559, 10.2135, 5.78547, 6.83595, 9.46151, 9.95262, 7.24543, 9.61141, 9.15824, 10.5479, 4.30841, 3.81527, 2.53941, 1.56292, 1.6329, 0.459824, 3.17435, 12.6513, 18.6476, 25.6997, 25.5083)
(8.04049, 6.83922, 6.20057, 15.2154, 18.2442, 14.4644, 7.71739, 5.48324, 1.81944, 4.31195, 11.6638, 8.2671, 7.70627, 10.0426, 8.99534, 8.33161, 8.35598, 9.96873, 8.80971, 11.6962, 6.45047, 11.376, 7.56808, 5.15544, 4.4448, 2.90574, 2.42541, 0.808544, 3.9803, 7.28741, 15.5894, 18.8402, 30.9946)
(5.39079, 4.1889, 5.62021, 12.1689, 9.70805, 23.5515, 12.0267, 5.19247, 7.20825, 8.00029, 6.94405, 13.9373, 9.16194, 10.0828, 4.40907, 11.6512, 9.82127, 7.33193, 9.15743, 8.12181, 7.23676, 9.08855, 13.3553, 9.55044, 5.79479, 7.48653, 2.51912, 0.510667, 2.72592, 8.45986, 13.61, 16.1315, 19.8558)
(5.01696, 1.25487, 8.86756, 20.1667, 13.8251, 14.148, 12.4229, 11.7584, 4.48659, 3.11029, 4.94266, 9.51544, 8.90276, 8.80855, 12.3876, 9.0042, 3.10381, 6.97474, 5.36393, 8.78014, 14.0789, 13.0799, 1.50088, 12.0709, 8.49688, 2.92463, 2.42869, 1.89955, 4.30526, 5.37524, 8.20189, 28.6553, 24.1409)
(5.63489, 8.22022, 10.8829, 10.227, 18.1311, 17.9721, 9.51692, 5.03074, 4.04478, 2.52953, 7.80977, 11.2436, 6.82582, 9.51421, 14.2028, 4.75849, 6.17797, 7.15017, 8.21672, 7.23874, 11.9413, 12.7302, 7.19401, 3.98392, 3.83918, 6.66283, 2.42141, 0.338561, 5.0275, 10.6044, 17.2779, 19.4778, 23.1724)
(5.23474, 1.19453, 6.96758, 11.0081, 34.7612, 28.6026, 5.77359, 5.16361, 0.399574, 0.358856, 0.535753, 14.7465, 10.4337, 5.73631, 14.6842, 6.9662, 5.9876, 10.1459, 10.048, 9.97599, 9.87259, 1.40305, 5.13734, 14.1579, 1.06136, 0.521654, 0.483527, 0.0449596, 4.73901, 10.1346, 16.2405, 12.4884, 34.9907)
(1.70034, 2.37402, 6.67207, 14.3591, 31.6492, 26.4996, 5.04533, 4.48066, 3.90454, 1.71961, 1.59555, 7.72313, 6.14091, 13.3739, 7.24267, 11.3298, 11.7767, 7.85959, 7.42078, 7.99914, 9.90402, 9.22933, 4.32833, 3.53495, 1.71371, 0.866514, 0.903644, 0.645924, 5.44348, 12.1353, 18.8691, 27.0193, 24.5397)
(4.71275, 8.74447, 3.97618, 18.9989, 20.6532, 19.3233, 7.08807, 3.18737, 2.39007, 3.80816, 7.11757, 13.661, 5.47702, 7.41521, 10.2015, 8.60785, 12.8988, 14.2564, 5.47139, 5.23749, 10.8029, 5.9705, 5.40425, 1.91417, 3.71202, 3.29883, 1.03359, 0.206328, 2.50933, 8.6248, 24.5683, 18.2996, 30.4288)
(5.00259, 7.44146, 8.41949, 15.4437, 18.4049, 17.7971, 10.9446, 2.86435, 3.77637, 5.909, 3.99645, 9.97607, 7.58202, 9.35856, 5.10396, 7.67079, 9.50412, 9.08214, 11.5432, 12.3905, 8.36129, 9.42743, 4.35171, 5.29428, 6.09871, 1.99525, 0.819734, 0.189225, 7.19838, 7.01253, 16.7606, 19.6123, 30.6673)
(2.53198, 2.67339, 6.67286, 17.1955, 31.1485, 15.8719, 10.2471, 2.66328, 4.27552, 4.16932, 2.55072, 9.27912, 6.74742, 5.61309, 4.86536, 7.01497, 10.9105, 7.13551, 14.0328, 14.5455, 10.765, 9.09076, 4.53739, 6.13499, 5.95832, 2.1691, 2.12849, 0.143422, 2.81325, 9.13453, 12.4629, 30.9344, 23.5833)
(7.07748, 0.455483, 10.8123, 28.1013, 18.7977, 12.3144, 7.44436, 7.2428, 3.72759, 3.56283, 0.463743, 4.31584, 4.24605, 7.67827, 14.1398, 4.19172, 4.28465, 7.74108, 14.1548, 7.57532, 24.11, 7.56242, 7.159, 14.0222, 7.11962, 0.253455, 0.25639, 0.04337, 0.341025, 4.10584, 11.2533, 28.857, 26.5888)
(7.23062, 6.85185, 10.2755, 15.0448, 16.5541, 17.7308, 5.30088, 5.05188, 3.5232, 5.00064, 7.43571, 10.905, 8.00989, 10.9414, 9.50848, 8.39875, 6.23724, 8.96737, 7.70782, 9.67659, 10.1442, 9.50331, 4.04886, 5.4936, 3.82534, 2.7122, 3.15381, 0.347964, 2.86081, 6.57575, 15.8402, 23.0833, 32.0582)
(7.29072, 5.55851, 8.83346, 16.6072, 18.2103, 17.762, 6.70606, 2.89582, 3.41721, 5.82698, 6.89173, 9.04303, 8.90556, 10.8689, 11.7173, 9.26042, 7.13007, 8.0945, 6.37219, 8.77654, 8.28393, 11.5476, 3.7658, 3.47016, 3.11052, 3.26533, 2.68325, 0.504291, 3.00963, 7.79498, 18.4691, 21.8143, 32.1126)
(6.88622, 6.43743, 10.5172, 16.5498, 18.8679, 16.2128, 6.07289, 5.74574, 4.44106, 1.87572, 6.39332, 9.14433, 7.26395, 10.995, 8.99069, 8.1647, 7.13513, 7.78125, 7.95341, 10.8024, 11.594, 10.1752, 4.36349, 7.56917, 3.09106, 2.12731, 2.89993, 0.249401, 3.25496, 6.50876, 14.9039, 22.3601, 32.6719)
(7.26707, 6.47785, 7.45743, 18.1572, 14.4494, 17.4787, 7.44264, 6.19421, 2.51431, 6.7831, 5.77813, 13.7869, 9.60079, 14.5752, 9.75655, 6.37164, 2.70513, 9.65149, 6.10752, 7.53742, 6.76387, 13.1435, 1.6172, 3.04784, 5.70213, 4.35052, 2.2941, 1.71263, 1.36944, 7.86181, 16.2034, 20.5494, 35.2915)
(5.798, 6.96801, 6.89276, 20.7336, 24.039, 21.056, 3.99631, 1.89085, 1.74907, 2.4917, 4.38469, 8.69165, 7.22495, 12.9725, 11.6674, 8.8301, 9.95846, 9.77045, 7.71968, 9.33737, 8.58644, 5.24097, 4.04305, 3.48964, 1.74696, 2.64674, 2.13139, 0.268529, 2.63114, 9.67969, 19.9826, 20.3124, 33.0679)
(2.12707, 2.02874, 4.69906, 11.4352, 47.8805, 19.3643, 6.24733, 1.58806, 0.613054, 1.78624, 2.23039, 6.03567, 6.30302, 12.4201, 10.2175, 18.4164, 14.5864, 9.92223, 8.36678, 7.32196, 2.8094, 3.60059, 6.91078, 1.44973, 1.2021, 1.4282, 0.468456, 0.195106, 1.39925, 4.02323, 15.8483, 20.8078, 46.2671)
(4.3259, 4.22151, 3.83321, 14.7765, 30.0864, 24.7986, 7.82124, 2.24931, 0.886273, 3.56427, 3.43685, 6.59957, 10.3413, 13.1473, 10.8593, 10.2175, 13.8144, 12.0703, 6.79585, 4.89754, 5.27689, 5.98017, 5.02785, 1.98743, 1.81029, 3.01079, 0.796576, 0.294774, 3.0557, 7.58423, 12.9522, 19.9375, 43.5426)
(0.132319, 0.138085, 0.151568, 10.1973, 68.589, 20.045, 0.398966, 0.125409, 0.00702522, 0.101138, 0.114252, 0.282163, 0.439951, 10.1506, 10.0756, 10.0238, 19.7134, 10.0102, 19.462, 19.4475, 0.161437, 0.233378, 0.39249, 0.070465, 0.142207, 0.0810466, 0.019223, 0.00680735, 0.0864217, 0.260522, 0.495131, 29.5217, 68.924)
(0.153413, 0.277803, 0.726914, 7.94816, 34.9809, 40.9526, 7.46749, 6.8092, 0.313321, 0.247988, 0.122163, 0.942596, 0.842069, 1.34053, 0.826614, 19.8245, 32.7978, 7.46034, 7.41573, 13.7573, 1.21605, 13.5765, 13.4462, 6.8177, 0.499071, 0.153029, 6.39317, 0.0802234, 0.557408, 13.6974, 33.1541, 15.2818, 9.91997)
(12.3836, 9.159, 5.87689, 5.58489, 11.3314, 9.86059, 6.71386, 9.43148, 13.4154, 12.3588, 3.88399, 15.2446, 15.023, 13.0989, 3.7048, 3.14562, 5.2295, 15.1814, 1.16305, 4.2729, 10.7852, 13.1511, 15.6826, 4.30568, 16.4849, 12.4216, 3.40952, 0.232689, 3.3392, 6.83853, 7.44862, 21.8918, 7.94489)
(3.12103, 5.6861, 3.25999, 11.5819, 4.10973, 17.2981, 11.1131, 5.75175, 13.4334, 13.6952, 10.9497, 29.8073, 19.1743, 3.30468, 3.3837, 5.94986, 0.466604, 3.2636, 5.9167, 5.91138, 3.27982, 19.5421, 10.9247, 8.40319, 8.31112, 3.0669, 5.44026, 0.0580522, 8.11939, 5.96336, 9.11961, 20.1737, 20.4197)
(3.91466, 3.44783, 10.0547, 17.9893, 21.5797, 24.8368, 4.66592, 5.25302, 3.44169, 1.46947, 3.3469, 8.04, 8.10471, 9.20293, 8.57699, 9.90514, 9.53898, 10.543, 7.1982, 10.0428, 9.7853, 9.062, 6.19486, 5.00244, 2.55756, 1.94569, 1.74345, 1.12179, 4.19111, 7.81693, 16.1708, 23.6254, 29.6301)
(1.30532, 4.03245, 7.26458, 17.6349, 30.7011, 21.3679, 4.64205, 3.97201, 0.621596, 4.17312, 4.28496, 8.17301, 1.91966, 8.03016, 8.38554, 7.64569, 12.9924, 16.5083, 16.1541, 1.60258, 7.50009, 11.0884, 3.88147, 3.83301, 0.875216, 3.72717, 0.413252, 0.157333, 0.714704, 13.4291, 17.9721, 24.7857, 30.211)
(3.86415, 5.29171, 10.3421, 22.753, 27.4848, 19.8787, 3.73908, 1.77358, 1.08164, 1.30141, 2.48986, 7.43114, 7.44498, 19.5326, 11.5484, 10.232, 9.32129, 6.45621, 9.34189, 8.40879, 6.69737, 3.58528, 1.71829, 1.58982, 4.16979, 3.88245, 1.26532, 1.46106, 2.51049, 8.5942, 22.7184, 22.7911, 29.2991)
(4.80646, 4.9496, 13.0744, 22.8611, 15.0913, 25.3364, 3.20092, 4.64896, 0.672231, 0.624869, 4.73378, 13.3464, 9.18972, 14.2427, 13.3445, 7.68428, 9.56356, 3.96258, 1.98326, 13.3307, 7.73675, 5.61555, 0.95479, 0.977347, 6.30783, 4.25924, 5.9277, 0.179585, 0.84532, 3.98791, 19.2594, 20.3479, 36.953)
(4.20526, 4.17181, 8.12615, 11.7658, 25.7494, 18.0021, 12.1278, 5.21369, 0.72958, 3.91605, 5.99238, 10.9319, 4.47993, 9.63756, 16.5154, 10.2934, 9.01559, 11.0775, 8.12928, 5.06187, 5.5368, 9.32071, 4.22591, 4.88807, 2.90652, 3.23866, 0.601506, 0.229653, 3.0696, 11.1536, 13.9523, 15.3009, 40.4333)
(0.821588, 0.975892, 1.19639, 17.8612, 35.7922, 11.7572, 22.6208, 7.53726, 0.147822, 0.502943, 0.786759, 8.62464, 22.749, 16.995, 16.6285, 2.15435, 9.79959, 2.26864, 2.11871, 9.16165, 1.2829, 8.21698, 29.2694, 0.4405, 14.6417, 0.519221, 0.215874, 0.0810893, 0.585785, 1.64147, 3.2302, 11.6534, 37.7212)
(0.0504908, 0.0415838, 8.35612, 24.9353, 41.4651, 8.42943, 8.31817, 8.31118, 0.0306328, 0.0236653, 0.0383353, 0.0603825, 8.3288, 8.34284, 16.6068, 0.0774959, 8.33032, 33.1232, 24.865, 0.0779088, 0.108512, 0.078716, 0.0486823, 8.34069, 8.30367, 0.0175593, 0.0193707, 0.00362072, 0.0213251, 0.0524904, 0.109785, 24.9857, 58.0971)
(11.2333, 4.64465, 8.5417, 12.9361, 8.63491, 15.4527, 1.60093, 7.89483, 2.28416, 19.3846, 7.39216, 19.0766, 10.7499, 9.69086, 1.65241, 5.21592, 1.69203, 11.5679, 1.22786, 7.94262, 10.5746, 20.6092, 9.37375, 10.6013, 5.73907, 11.1908, 6.81761, 3.20668, 3.82024, 4.88272, 14.0503, 24.2738, 6.0437)
(5.11718, 5.04178, 9.62433, 6.04728, 19.2121, 28.3807, 5.30148, 9.50187, 0.900003, 10.0718, 0.801518, 6.48094, 14.7108, 1.08946, 9.54135, 9.57854, 0.569797, 1.02724, 9.50005, 13.8863, 5.51572, 28.0998, 1.04779, 9.57586, 5.24542, 9.45689, 0.416069, 0.0996741, 0.53072, 9.65081, 19.1518, 29.0828, 15.7422)
(1.14869, 1.42171, 2.93613, 16.6863, 32.862, 31.3914, 7.31461, 3.49049, 1.01845, 0.629886, 1.10021, 12.7512, 6.77778, 14.6762, 6.71158, 5.4721, 9.74991, 12.0652, 6.9518, 8.995, 8.54308, 7.30617, 1.58607, 3.59083, 1.22903, 0.772847, 0.687682, 1.97224, 6.58892, 13.4676, 19.7305, 19.3617, 31.0126)
