(6.73567, 8.85009, 12.2178, 13.1031, 17.1256, 14.3099, 6.88229, 3.91236, 7.28819, 4.57134, 5.00371, 11.8432, 12.3108, 9.26457, 13.2484, 7.74426, 9.319, 7.80653, 5.72374, 6.12795, 8.09061, 8.5209, 5.19144, 7.9139, 5.59127, 3.73269, 1.78, 0.233206, 2.01515, 6.16093, 15.2901, 25.8094, 26.2819)
(7.30353, 4.89514, 15.7719, 14.8321, 19.0399, 14.8802, 7.43226, 5.8544, 3.39938, 2.63013, 3.96113, 8.12211, 8.28058, 7.43494, 9.16281, 12.675, 12.2757, 8.85357, 8.63568, 8.104, 7.05308, 9.40252, 6.18986, 6.99507, 7.19321, 4.92117, 1.85683, 0.283945, 2.01404, 9.86979, 13.1627, 19.4574, 28.056)
(6.78504, 8.46599, 14.3001, 12.0867, 14.0761, 16.0473, 8.35789, 3.88539, 6.12039, 4.71546, 5.15974, 8.41815, 9.19258, 8.81545, 11.0763, 11.7907, 7.67028, 7.93001, 10.8058, 8.36713, 6.25128, 9.68245, 10.4893, 8.25276, 5.30624, 5.79448, 3.0814, 0.710811, 2.35892, 6.2044, 13.6865, 18.1707, 25.9445)
(8.05433, 7.51632, 11.5142, 12.4534, 20.4341, 11.0338, 7.03455, 4.50689, 6.0697, 5.52504, 5.85769, 12.6511, 8.93722, 5.99718, 8.01211, 11.5188, 11.1467, 9.50885, 8.26125, 7.17028, 8.21563, 8.5808, 6.72413, 6.64896, 5.83659, 4.59496, 1.79161, 0.422525, 2.49682, 8.08444, 13.9478, 22.8686, 26.5837)
(9.21298, 7.09329, 10.9197, 12.6665, 17.6644, 13.2581, 9.26664, 5.02354, 4.56759, 4.98271, 5.3446, 9.60232, 8.98582, 5.84386, 7.76076, 11.5958, 12.3913, 9.19561, 8.20946, 7.27024, 9.34336, 9.80142, 7.36577, 7.74549, 6.40016, 4.84061, 2.18483, 0.4627, 2.41693, 7.27725, 13.152, 19.0133, 29.141)
(8.78043, 9.51892, 12.198, 12.3958, 11.7979, 15.6774, 10.2307, 4.73073, 5.4188, 3.78267, 5.46864, 10.0393, 9.56243, 9.99688, 8.29464, 9.96574, 7.60093, 8.11084, 11.2971, 8.50004, 6.85651, 9.77567, 10.7602, 9.00851, 7.89302, 5.98288, 2.57388, 0.492547, 3.2732, 5.67045, 12.1336, 16.7443, 25.4674)
(9.65933, 8.70943, 10.53, 12.6323, 19.7034, 11.859, 7.89459, 3.91337, 5.7562, 4.43573, 4.9066, 13.2834, 8.15069, 6.75173, 9.63061, 10.0827, 12.4232, 8.93879, 8.25809, 6.01267, 7.24473, 9.22342, 6.00573, 7.62911, 5.09397, 4.93333, 1.39111, 0.312594, 2.63966, 7.37341, 12.9457, 21.204, 30.4713)
(6.93986, 5.66531, 10.0992, 15.2297, 23.3666, 16.3234, 9.09038, 3.86098, 3.65735, 3.18867, 2.57849, 6.24161, 7.75244, 7.9314, 11.1044, 11.829, 12.3922, 10.8846, 9.79648, 7.17912, 7.89115, 6.9976, 6.33909, 8.47211, 5.89378, 4.27802, 2.48909, 0.324105, 2.98562, 9.69733, 15.0184, 19.5039, 24.9986)
(4.27899, 6.25956, 9.51592, 17.9908, 25.4247, 18.0498, 8.09553, 4.01449, 2.75302, 1.838, 1.77921, 4.24752, 5.81377, 6.52276, 15.7733, 11.2281, 17.2928, 12.5112, 8.09556, 6.90593, 6.07777, 5.53141, 5.79246, 6.22873, 6.58405, 4.30059, 2.32288, 0.161717, 3.55576, 10.5933, 16.4119, 20.3313, 23.7173)
(7.46722, 8.14409, 9.49086, 11.2147, 13.1869, 16.7517, 8.0863, 6.23496, 7.50685, 5.69824, 6.21816, 11.8659, 9.27621, 8.36991, 10.8405, 8.96033, 7.98104, 8.34456, 8.65335, 6.99487, 8.19867, 10.5146, 11.5705, 9.42535, 6.70685, 4.86249, 2.76008, 0.813143, 3.18166, 6.97304, 11.6469, 19.002, 23.058)
(9.92108, 7.1126, 10.7077, 10.4882, 13.0726, 14.5612, 9.6171, 7.18504, 5.14656, 4.82321, 7.36473, 12.5534, 9.65334, 7.60065, 8.02846, 8.57278, 7.14158, 6.61554, 9.39606, 9.6061, 9.61136, 11.2207, 10.3048, 8.99835, 8.26922, 6.40172, 3.61894, 0.585132, 3.51799, 7.13314, 11.877, 16.1134, 23.1802)
(8.22826, 5.5396, 6.67126, 9.45808, 12.9334, 20.253, 8.03939, 6.4866, 6.51199, 7.05565, 8.82277, 13.4118, 9.28431, 9.86136, 8.0823, 9.41263, 6.34499, 10.1936, 7.97414, 7.38297, 8.67277, 9.37918, 11.5718, 8.20638, 7.0263, 7.55207, 4.10482, 1.05025, 4.18065, 8.87689, 12.0255, 13.6342, 21.7712)
(8.51204, 5.54186, 6.65947, 8.9372, 10.8834, 20.0568, 7.47435, 6.50036, 6.35033, 9.77182, 9.31239, 13.5231, 9.27828, 9.14825, 7.70094, 8.8314, 6.54971, 9.46447, 9.07167, 6.62841, 8.92989, 10.8739, 10.983, 8.45705, 7.57343, 7.04062, 3.41347, 0.706989, 4.61581, 9.34294, 12.6888, 14.7943, 20.3835)
(7.84541, 5.65644, 8.50923, 11.3155, 12.3352, 16.8137, 11.3525, 5.59846, 5.00373, 7.2806, 8.28917, 12.3383, 8.42123, 9.13281, 7.75902, 9.43028, 6.41033, 8.44464, 9.14272, 8.47355, 9.20579, 11.2413, 9.29659, 8.76446, 8.12332, 6.45584, 3.70976, 0.771348, 3.88017, 8.58046, 11.9421, 17.8835, 20.5925)
(8.24139, 4.97219, 9.20434, 16.0051, 13.3089, 16.4207, 11.5708, 4.8677, 5.17401, 4.86231, 5.37259, 10.7862, 9.60341, 7.74488, 8.27158, 8.91012, 7.52177, 8.69538, 10.2093, 7.97557, 9.09266, 11.1891, 8.27837, 9.64559, 7.76013, 6.31516, 4.52574, 0.684679, 4.39453, 6.94817, 11.5314, 17.6942, 22.2221)
(5.74064, 5.36406, 7.71154, 16.4522, 21.0087, 17.8909, 7.68253, 4.61303, 2.34188, 4.91904, 6.2755, 10.3435, 7.56159, 11.4484, 10.7474, 8.86749, 7.61186, 9.81014, 8.25827, 7.66093, 6.73393, 10.9565, 4.06862, 3.95551, 4.11443, 3.94224, 2.14741, 0.855495, 2.4737, 8.64677, 15.8824, 19.6462, 34.2673)
(6.80378, 5.51853, 7.02321, 16.6343, 18.2161, 16.9587, 5.38789, 4.2814, 3.86948, 7.89766, 7.40897, 11.2109, 12.5226, 11.0906, 9.73312, 8.84204, 6.22095, 10.1054, 6.40922, 7.11889, 7.70593, 9.04037, 4.71705, 4.13534, 4.11602, 4.07347, 1.86497, 0.527372, 2.83196, 8.55052, 17.2216, 19.5445, 32.4172)
(6.24461, 6.50878, 9.424, 16.543, 17.8631, 15.5454, 6.26469, 4.88085, 3.67527, 5.67761, 7.37265, 10.4848, 9.84153, 10.7513, 9.45436, 7.31726, 5.55191, 7.3929, 9.01905, 8.67126, 8.48406, 13.0316, 4.39528, 4.45785, 3.28173, 4.20296, 1.60208, 0.164539, 3.92985, 9.10748, 15.3702, 23.1927, 30.2952)
(6.96693, 5.67828, 10.875, 14.445, 11.7979, 14.7647, 12.0675, 5.37793, 4.33383, 6.4427, 7.25028, 12.2381, 9.11928, 7.3162, 7.93107, 8.66329, 8.96351, 8.80416, 9.17597, 7.55889, 8.53525, 11.6942, 5.34535, 7.96086, 7.35705, 6.88511, 3.91217, 0.979385, 3.43674, 6.92994, 11.8085, 19.0303, 26.3546)
(7.20707, 5.55454, 7.9228, 15.6154, 19.2703, 17.992, 7.02688, 3.90574, 2.98962, 6.1122, 6.40346, 9.49415, 8.87435, 11.428, 11.9247, 8.88834, 7.2126, 8.67413, 6.41639, 8.04203, 7.75212, 11.2933, 4.04051, 4.07103, 3.86667, 3.21742, 2.69409, 0.510903, 2.91804, 8.34179, 18.0026, 20.027, 32.3099)
(7.32586, 5.84528, 7.09499, 16.617, 16.905, 15.5828, 5.95818, 3.84424, 3.959, 7.77345, 9.09422, 10.5817, 11.5112, 9.77922, 9.09009, 8.98582, 7.41677, 9.00318, 6.77188, 7.68984, 8.97361, 10.1967, 4.95001, 4.2706, 4.20125, 3.6761, 1.66564, 0.294724, 3.14557, 6.76148, 15.6792, 20.2944, 35.061)
(3.4078, 6.70988, 8.73841, 18.7237, 19.7995, 16.8675, 6.77845, 3.55339, 2.31237, 5.14829, 7.9608, 8.58729, 11.7103, 10.0402, 9.8358, 8.94418, 7.7147, 8.00553, 10.9336, 6.96481, 6.75185, 10.5117, 3.41529, 4.60572, 4.7458, 4.98764, 1.56472, 0.299684, 5.03169, 11.1761, 17.192, 19.9411, 27.0403)
(7.28167, 6.66312, 9.8882, 13.7962, 11.3162, 15.7077, 9.32853, 4.8735, 4.08393, 7.39896, 9.66207, 11.3612, 9.10771, 7.45852, 7.60704, 8.42237, 9.82617, 9.38997, 8.22584, 7.56751, 9.08295, 11.9507, 3.43219, 5.60817, 5.89202, 5.80195, 2.99799, 0.959421, 3.44083, 7.58715, 13.3306, 21.3357, 29.6141)
(4.96892, 6.48118, 9.54674, 17.0829, 19.3298, 16.7174, 7.23843, 3.90275, 3.17347, 3.59506, 7.96332, 7.33649, 9.18957, 8.1493, 8.98437, 9.50486, 6.51505, 9.17116, 8.49552, 8.53485, 10.5391, 13.5797, 3.55281, 5.1477, 4.63053, 4.5744, 1.92981, 0.274225, 3.36135, 8.60549, 13.4431, 21.2038, 33.2768)
(6.52149, 5.39937, 8.0673, 12.5029, 13.3954, 17.182, 8.24154, 5.4927, 4.41261, 8.49231, 10.2924, 12.0025, 9.84268, 7.23781, 8.10843, 7.515, 8.93839, 8.66236, 7.55091, 8.70361, 10.3894, 11.0489, 4.98542, 5.14403, 5.27963, 4.61529, 2.33762, 0.982744, 3.50879, 8.21885, 14.2415, 21.8261, 28.86)
(5.94665, 7.29872, 8.77649, 14.3783, 12.9291, 17.3308, 8.90722, 4.97698, 4.33817, 6.18711, 8.9305, 9.90141, 8.59407, 7.5733, 7.25105, 8.44447, 9.93793, 10.3104, 8.77476, 7.18383, 9.61983, 12.4089, 2.7956, 5.41275, 5.40182, 5.77497, 3.3662, 0.81584, 4.53182, 8.45102, 14.8834, 20.9227, 27.6438)
(6.30056, 5.71133, 10.0026, 16.4048, 20.0065, 17.606, 5.71149, 4.90355, 3.31451, 3.53162, 6.50704, 9.6248, 8.18631, 11.1577, 9.22089, 8.37576, 6.79647, 8.95365, 7.64947, 10.1442, 10.1681, 9.72259, 4.87912, 5.3991, 4.02928, 2.11882, 2.83718, 0.345953, 2.84689, 7.54765, 15.7286, 22.9309, 31.3365)
(5.79727, 5.5071, 8.66187, 13.688, 13.525, 19.8932, 10.0005, 4.13117, 4.82153, 6.57251, 7.40188, 12.0976, 9.56372, 7.48425, 7.06899, 7.91035, 10.6651, 9.3359, 8.66693, 7.28705, 8.8166, 11.1036, 4.0205, 4.82998, 5.15695, 5.60775, 3.40156, 1.09127, 3.75342, 7.26684, 13.8432, 22.7171, 28.3115)
(6.35137, 6.07039, 7.81603, 11.2154, 12.5536, 18.709, 11.3796, 4.79466, 5.32534, 6.81587, 8.96868, 11.6548, 10.2497, 8.04699, 7.41209, 7.5507, 9.60381, 7.97108, 8.65933, 7.47973, 9.48735, 11.8845, 3.91311, 5.31187, 5.52106, 6.88912, 2.87287, 1.03502, 4.19871, 7.87405, 13.4847, 20.461, 28.4385)
(6.08819, 4.57608, 10.195, 13.9082, 14.4478, 18.6142, 9.46907, 4.67264, 4.34664, 6.25716, 7.42509, 12.6467, 8.77812, 6.74329, 7.44473, 8.55805, 10.5838, 9.49911, 8.65362, 6.83549, 9.43364, 10.8235, 3.91475, 5.22155, 5.00589, 4.30525, 2.65835, 0.852606, 3.13234, 8.03584, 14.7409, 24.431, 27.7015)
(4.02588, 5.59814, 8.84764, 18.4892, 19.0624, 18.7746, 5.91049, 5.0108, 3.97471, 3.07229, 7.23385, 8.06949, 8.47882, 8.57344, 7.00654, 6.4962, 8.72952, 10.7256, 9.1194, 9.22238, 10.0544, 13.5242, 4.16602, 4.42746, 3.40386, 3.46026, 1.61225, 0.555053, 4.21176, 8.73076, 15.0849, 23.8634, 30.4843)
(6.65108, 5.58378, 10.0036, 13.9066, 14.4491, 21.5121, 6.88507, 3.24522, 3.30548, 6.77309, 7.68491, 11.4501, 8.4846, 6.4635, 8.09619, 7.89283, 9.95929, 8.88818, 7.64134, 7.98503, 10.3095, 12.8294, 2.74718, 3.74351, 3.72452, 2.82891, 2.78042, 1.48847, 5.13951, 9.47274, 15.787, 23.3893, 28.8984)
(3.92085, 4.00241, 8.4059, 17.2043, 22.3874, 21.1427, 5.27231, 3.74346, 4.12265, 3.67645, 6.12162, 12.7254, 8.40856, 10.3632, 8.38899, 6.40373, 9.97437, 8.86788, 7.16988, 8.30564, 9.4936, 9.89874, 4.61546, 4.14784, 3.20401, 1.93211, 1.31637, 0.654084, 4.87466, 10.2511, 16.4383, 22.9586, 29.6074)
(3.67705, 4.33167, 8.08892, 14.6487, 19.2502, 26.091, 8.31252, 3.96761, 2.71272, 4.14482, 4.7748, 9.22079, 7.86297, 6.75515, 7.88433, 8.59236, 12.7571, 9.44159, 7.58105, 8.24423, 10.9414, 10.719, 4.84973, 6.31708, 5.26547, 2.91717, 1.49285, 1.17522, 5.75018, 10.6067, 13.0789, 22.0016, 26.545)
(6.28946, 5.8554, 9.4588, 12.8296, 16.173, 23.4802, 6.55774, 2.52412, 3.00327, 6.7786, 7.04985, 11.6004, 7.9528, 5.40921, 7.74133, 7.69304, 10.6921, 9.0193, 8.67752, 8.00889, 10.9508, 12.2546, 2.44583, 3.36335, 3.4333, 2.31606, 1.84996, 1.97388, 6.09468, 10.9487, 15.5595, 24.3234, 27.6912)
(3.16857, 4.77762, 8.91519, 17.5413, 23.4934, 20.8017, 5.84935, 3.96267, 3.55544, 2.26745, 5.66733, 8.88363, 6.38635, 8.06381, 6.84457, 5.54787, 9.87944, 12.115, 10.8099, 7.9543, 9.86178, 13.6533, 3.2504, 3.89968, 3.0253, 2.78174, 2.26045, 0.583539, 4.79025, 11.1896, 16.6577, 25.1962, 26.3653)
(7.6389, 8.39843, 9.0243, 13.1712, 13.3049, 24.5903, 4.26122, 2.12819, 2.67492, 6.99517, 7.81243, 10.1361, 8.85396, 6.12284, 6.57163, 7.92457, 14.0955, 10.478, 8.17753, 6.764, 9.70667, 11.1692, 1.67165, 2.23049, 3.09998, 3.00293, 3.06348, 1.90471, 5.78463, 10.4369, 14.7396, 21.5881, 32.4776)
(6.90407, 6.27569, 9.26151, 14.8703, 15.6775, 25.0377, 4.92773, 2.86719, 3.06764, 5.00295, 6.10774, 11.1813, 8.96983, 6.59233, 7.06857, 8.04349, 14.9109, 10.4162, 7.80668, 5.95183, 8.62902, 10.4299, 1.71443, 2.74741, 3.49199, 3.47035, 2.61583, 1.76791, 6.33438, 12.2572, 16.8047, 20.1791, 28.6167)
(2.40381, 3.54775, 10.7125, 18.2494, 23.0181, 21.0132, 4.24189, 2.79022, 3.6435, 5.17056, 5.20903, 12.4518, 7.88113, 10.4455, 6.8614, 8.46159, 12.1517, 10.3747, 8.12418, 7.05476, 6.95465, 9.2385, 3.67222, 1.92284, 2.11726, 1.91104, 1.01995, 0.551785, 2.74113, 13.9002, 17.9477, 24.0145, 30.2015)
(1.59201, 2.7473, 12.5853, 20.046, 23.1424, 20.3167, 4.49399, 2.32166, 4.13392, 5.0967, 3.52402, 9.97213, 9.18527, 11.9225, 7.42192, 9.19851, 12.0519, 10.3617, 8.01915, 8.43928, 5.83071, 7.59686, 2.86559, 1.60585, 2.45052, 1.3702, 0.775141, 0.532302, 3.45149, 11.714, 19.1729, 24.6396, 31.4224)
(6.51695, 9.09075, 14.359, 13.1727, 16.1184, 16.5946, 7.48255, 3.76934, 6.14955, 2.9843, 3.7619, 8.77411, 9.5739, 9.11135, 8.94753, 12.454, 7.07483, 9.42407, 10.6364, 8.74899, 6.69725, 8.55758, 7.48555, 8.21153, 6.63457, 4.79624, 1.94716, 0.224393, 2.0939, 6.57774, 14.5112, 20.5738, 26.9439)
(5.23853, 6.00987, 11.6154, 10.3531, 22.4619, 14.4471, 7.05405, 5.40894, 7.01045, 4.81821, 5.58244, 14.8679, 11.1198, 6.84382, 8.45243, 8.46016, 10.7462, 10.3718, 6.99197, 5.39248, 6.62545, 10.128, 6.42601, 7.09284, 3.99027, 4.29504, 1.64425, 0.664712, 2.98901, 10.1307, 16.1897, 23.8797, 22.6977)
(7.30353, 4.89514, 15.7719, 14.8321, 19.0399, 14.8802, 7.43226, 5.8544, 3.39938, 2.63013, 3.96113, 8.12211, 8.28058, 7.43494, 9.16281, 12.675, 12.2757, 8.85357, 8.63568, 8.104, 7.05308, 9.40252, 6.18986, 6.99507, 7.19321, 4.92117, 1.85683, 0.283945, 2.01404, 9.86979, 13.1627, 19.4574, 28.056)
(7.10032, 5.97392, 8.59692, 11.2642, 18.0484, 15.7144, 7.21806, 6.57914, 5.0732, 6.56065, 7.87081, 12.5175, 10.5974, 9.13606, 9.00961, 8.53561, 5.26358, 5.75917, 9.42268, 6.94847, 10.0865, 12.7234, 7.00527, 6.59001, 4.63321, 4.96739, 1.60883, 0.522045, 4.51841, 9.64535, 13.6345, 21.343, 25.5319)
(11.4369, 5.77085, 9.19192, 12.709, 12.5287, 14.2665, 8.37693, 7.60464, 4.42367, 6.28088, 7.40994, 12.6119, 8.09627, 6.39719, 8.169, 9.47201, 9.18074, 7.43869, 9.07962, 8.3548, 9.75789, 11.4418, 9.41404, 9.45915, 8.19756, 6.0978, 3.45501, 1.0591, 4.53245, 6.95288, 11.0411, 15.4928, 24.2981)
(9.13794, 5.92121, 11.0693, 11.269, 12.3409, 15.4404, 10.1061, 6.66616, 6.58312, 4.68191, 6.78387, 12.3264, 9.23971, 7.54067, 8.61763, 8.42946, 7.20418, 7.12629, 9.86848, 8.85734, 9.16075, 11.6291, 9.67237, 9.64256, 8.50311, 7.03136, 3.42709, 0.502974, 3.57956, 6.85329, 10.8538, 17.0653, 22.8686)
(8.36638, 6.08972, 8.17697, 9.99752, 12.7047, 17.6348, 9.5487, 6.03583, 5.55241, 8.49758, 7.39538, 12.5097, 10.3083, 8.80394, 6.10572, 8.94323, 6.44577, 9.5108, 8.71546, 7.56762, 9.22121, 11.8682, 9.89004, 8.25075, 8.994, 7.65829, 3.70093, 0.687451, 3.9499, 8.62984, 12.1446, 18.7939, 17.3003)
(5.20749, 4.8075, 7.94134, 12.2319, 15.9763, 18.3583, 11.5419, 4.51975, 6.30486, 6.85769, 6.25297, 10.6119, 10.2197, 7.7077, 10.4635, 8.15174, 7.86078, 8.04289, 9.85348, 7.16973, 8.5085, 11.41, 5.84241, 7.85779, 7.79772, 6.28166, 3.41031, 0.459867, 4.06823, 9.34678, 12.7949, 20.1662, 21.9741)
(6.46431, 5.78772, 9.15267, 12.8272, 14.8216, 16.2167, 8.87704, 4.44334, 5.11208, 7.74128, 8.55599, 10.3549, 10.791, 8.75155, 9.01616, 8.10031, 8.10292, 7.77788, 8.79395, 7.57737, 8.54024, 12.1937, 5.91298, 7.2881, 6.67178, 6.07238, 3.02333, 0.466054, 4.30273, 8.71279, 13.8374, 18.967, 24.7455)
(6.90592, 4.56282, 6.93689, 12.0453, 13.8656, 16.7508, 9.69925, 7.70954, 4.97148, 7.57651, 8.97597, 11.6868, 9.49769, 9.79446, 8.66916, 8.72863, 8.2141, 9.02643, 8.20577, 8.38337, 7.60478, 10.1888, 9.08679, 8.39658, 7.7262, 5.79506, 3.36046, 0.585016, 3.90871, 9.39294, 13.8147, 15.8652, 22.0683)
(7.33333, 5.54195, 7.28084, 13.1937, 15.7739, 17.6112, 9.24396, 5.80084, 3.7159, 5.77198, 8.73237, 10.4841, 8.31982, 9.10723, 9.22701, 8.68871, 7.6064, 9.56524, 8.7498, 9.06426, 8.86361, 10.3238, 5.87014, 6.45099, 5.65272, 4.33823, 3.36127, 0.62975, 3.62271, 8.09627, 14.7636, 20.3014, 26.9129)
(3.18055, 2.93832, 12.7999, 20.4304, 25.5016, 20.7649, 3.55422, 2.48661, 2.44578, 2.56302, 3.33484, 6.03367, 6.67585, 7.58649, 6.91674, 8.10431, 8.39404, 13.9022, 13.7026, 10.0854, 7.85767, 10.741, 3.12923, 2.8104, 1.36822, 1.91694, 0.362646, 0.257981, 4.23617, 6.82584, 14.9968, 25.2488, 38.847)
(4.21302, 3.57105, 6.72913, 22.6137, 21.1348, 19.9789, 7.75144, 2.35145, 2.0836, 3.32315, 6.24966, 11.1305, 7.47163, 10.6409, 9.30573, 6.22386, 8.90559, 9.56523, 8.41855, 12.1927, 8.9112, 7.23415, 4.49925, 3.94089, 2.07329, 1.51142, 1.31137, 1.11596, 4.05111, 6.94561, 16.2359, 20.4775, 37.8377)
(2.16013, 5.27979, 7.51178, 10.1823, 13.334, 29.3124, 13.3062, 6.26457, 4.68531, 4.30982, 3.65368, 6.74604, 7.6021, 6.62731, 6.37791, 8.50575, 9.86013, 12.3615, 9.26144, 10.387, 10.0638, 12.207, 11.2728, 8.01655, 6.57165, 3.34152, 2.24385, 0.496381, 2.94549, 6.86967, 12.5222, 17.8433, 27.8765)
(3.64619, 3.85384, 9.71151, 16.4987, 22.5878, 18.3154, 5.351, 3.88702, 3.24333, 5.63701, 7.2682, 11.456, 9.28412, 8.39055, 7.62834, 7.9123, 11.4755, 9.03133, 9.06129, 9.45139, 8.2244, 8.08481, 4.01979, 2.99639, 3.24868, 2.59103, 1.35899, 0.60613, 2.87224, 9.56018, 16.6128, 23.5176, 32.6162)
(4.72917, 4.38194, 8.51746, 16.6492, 18.9931, 20.1001, 6.34451, 4.56394, 4.15295, 4.43968, 7.12799, 12.9317, 9.00823, 8.3963, 7.79527, 6.72166, 9.33993, 9.12603, 7.65339, 8.93316, 9.96669, 10.1277, 4.251, 4.56404, 3.88818, 2.47646, 1.64621, 0.73112, 4.71689, 9.51614, 15.5278, 24.0103, 28.6719)
(1.17841, 3.36029, 9.40825, 19.7755, 31.8649, 19.6517, 5.90542, 3.18858, 1.7621, 2.01149, 1.8934, 5.40321, 6.39751, 8.17286, 7.03076, 10.5161, 8.3264, 13.7363, 10.8078, 9.54553, 10.3539, 9.70958, 2.87392, 4.39134, 4.80568, 2.1542, 0.499157, 0.131038, 2.35425, 5.74622, 9.7281, 25.189, 42.1271)
(1.37885, 1.78408, 4.71145, 17.0029, 28.5072, 31.5986, 7.63734, 4.28346, 1.43385, 0.555319, 1.10692, 11.5854, 6.51197, 14.7784, 7.63125, 5.95905, 10.3803, 10.621, 7.38226, 9.98933, 9.26357, 5.89745, 2.14244, 3.36773, 1.71552, 1.03516, 0.930657, 1.91761, 6.75412, 12.7087, 18.5412, 19.9518, 30.935)
(4.97724, 4.01435, 7.96914, 14.2392, 20.7708, 21.7657, 7.854, 4.16127, 4.36359, 4.40967, 5.47501, 11.7923, 8.67925, 7.98358, 7.20513, 8.10552, 9.62702, 8.78757, 8.75207, 9.00299, 9.55036, 10.5142, 4.16202, 5.29245, 3.96272, 3.08584, 2.26773, 0.567367, 3.91881, 10.1718, 14.5604, 23.874, 28.1369)
(4.62154, 4.98838, 8.74925, 13.4652, 20.1431, 26.1494, 7.03093, 2.71441, 3.13707, 4.81789, 4.18294, 10.9061, 8.94165, 8.13007, 7.67987, 8.31712, 10.6358, 9.72371, 8.48202, 8.52333, 7.56809, 11.0922, 4.68081, 3.01448, 3.43613, 2.80423, 2.59949, 1.16096, 5.06246, 11.9143, 14.9692, 20.7669, 29.591)
