5.000000
36 36 36
125.999998 125.999998 125.999998
35.999996 35.999996 35.999996
10.257278 289.844842 114.443493
26398 10 13 20
-0.772515 -0.630878 -0.072205 0.744677
28990 10 13 22
-0.375034 0.917309 0.133766 1.006722
30394 10 16 23
0.738346 -0.261204 -0.621786 1.058514
25246 10 17 19
0.605788 -0.256518 0.753140 2.057185
22690 10 18 17
0.870956 0.211660 0.443436 1.061633
26327 11 11 20
0.937897 -0.343121 0.051162 1.303634
18587 11 12 14
0.757677 0.488995 0.432215 1.413899
21179 11 12 16
-0.004965 -0.920357 -0.391047 1.865784
27659 11 12 21
-0.470776 -0.877670 0.089808 0.881539
25535 11 25 19
0.677981 0.514350 0.525154 6.953021
26831 11 25 20
0.626643 0.565969 -0.535722 7.273153
26867 11 26 20
0.725110 -0.487668 -0.486206 7.202335
26256 12 9 20
0.794982 0.603648 0.060110 3.577570
22440 12 11 17
0.989792 0.137482 0.037567 2.556368
18624 12 13 14
0.391861 -0.629966 -0.670513 2.154727
30396 12 16 23
0.366892 0.350817 -0.861578 4.498725
26544 12 17 20
0.907262 -0.339763 -0.247865 8.801289
29136 12 17 22
0.711915 -0.514171 -0.478336 7.552406
27876 12 18 21
0.173271 -0.978575 -0.111209 5.219567
29172 12 18 22
0.250909 -0.883585 -0.395376 4.322351
21468 12 20 16
-0.476223 -0.829347 -0.292225 0.701750
25536 12 25 19
0.346764 0.876711 0.333365 10.167448
26832 12 25 20
0.214396 0.731583 -0.647163 9.147202
25572 12 26 19
0.952859 -0.206568 0.222235 13.155581
26868 12 26 20
0.537067 -0.234908 -0.810171 10.854414
28236 12 28 21
0.632091 -0.479243 -0.608923 3.096820
23088 12 29 17
0.532299 -0.814963 -0.229115 4.720678
27553 13 9 21
0.188704 0.627038 -0.755788 4.255285
23701 13 10 18
0.788425 0.226400 0.571953 6.946386
24997 13 10 19
0.944142 0.171263 0.281540 9.404260
26293 13 10 20
0.753383 0.220625 -0.619467 9.110605
27589 13 10 21
0.266461 0.009088 -0.963803 5.452386
19849 13 11 15
0.747319 0.476763 0.462830 2.659764
26329 13 11 20
0.768960 -0.565992 -0.297243 7.691197
26473 13 15 20
0.720892 0.692845 -0.016725 8.590057
27769 13 15 21
0.579224 0.746824 -0.326732 8.001369
25213 13 16 19
0.597892 0.504587 0.622830 10.412639
27805 13 16 21
0.561988 0.549662 -0.618095 10.043262
29101 13 16 22
-0.122565 0.399391 -0.908551 8.526402
25249 13 17 19
0.285339 -0.795115 0.535140 9.799417
29137 13 17 22
-0.503580 -0.719914 -0.477630 7.514318
30433 13 17 23
-0.286664 -0.439232 -0.851410 4.370385
30721 13 25 23
0.582824 0.812586 -0.004594 8.309976
32017 13 25 24
0.530754 0.762356 -0.370289 7.110914
24277 13 26 18
0.657274 0.531030 0.534788 15.942686
25573 13 26 19
0.957768 0.281365 -0.059280 18.209288
29461 13 26 22
0.971841 0.006807 0.235538 10.016919
30757 13 26 23
0.988497 -0.108779 -0.105077 11.028790
32053 13 26 24
0.778327 -0.296242 -0.553577 8.649678
33349 13 26 25
0.501061 -0.334321 -0.798228 4.890627
21721 13 27 16
0.756319 0.172062 0.631171 12.708680
23017 13 27 17
0.973416 0.068790 0.218470 15.738688
24313 13 27 18
0.916753 -0.396362 -0.049608 16.180977
25609 13 27 19
0.695298 -0.697064 -0.175105 15.356080
23053 13 28 17
0.704575 -0.706642 0.065049 13.334302
26941 13 28 20
0.591511 -0.756743 -0.278308 8.474857
30146 14 9 23
0.382731 -0.243338 -0.891237 1.676761
23702 14 10 18
0.162064 0.668073 0.726232 9.893079
24998 14 10 19
-0.112645 0.958857 -0.260583 11.497378
27590 14 10 21
-0.197359 0.229219 -0.953157 5.314707
22442 14 11 17
0.691605 0.645951 0.323154 10.355453
26330 14 11 20
0.258421 -0.217024 -0.941339 9.686437
27626 14 11 21
0.133799 0.197479 -0.971133 6.076734
18590 14 12 14
0.979200 0.173275 0.105563 6.766060
22478 14 12 17
0.737993 -0.512830 0.438603 10.670498
23774 14 12 18
0.949355 -0.182167 -0.256008 11.066246
26366 14 12 20
0.962067 -0.036132 -0.270410 9.197242
27662 14 12 21
0.513120 0.357405 -0.780365 7.329453
23810 14 13 18
0.863828 -0.354116 0.358333 10.141104
25106 14 13 19
0.868994 0.071719 -0.489598 9.955176
27698 14 13 21
0.836673 0.135235 -0.530745 8.393312
25142 14 14 19
0.384210 -0.575426 -0.721989 9.579726
26438 14 14 20
-0.297618 -0.739154 -0.604214 8.585381
23882 14 15 18
0.679849 -0.108453 0.725288 8.716551
23954 14 17 18
0.660377 -0.457314 0.595622 9.289147
26798 14 24 20
0.460629 0.882725 0.092831 9.690171
28094 14 24 21
0.461119 0.812760 -0.356076 8.781761
24242 14 25 18
0.065111 0.779811 0.622619 11.785710
26834 14 25 20
0.372588 0.925692 -0.065367 15.492161
28130 14 25 21
0.660996 0.657063 -0.362426 14.118927
24278 14 26 18
-0.372227 0.678202 0.633632 17.369040
25574 14 26 19
-0.719839 0.670745 0.178697 19.372601
26870 14 26 20
0.170581 0.115059 -0.978603 18.427303
28166 14 26 21
0.901953 -0.025199 -0.431098 16.194454
30758 14 26 23
0.412712 0.543444 -0.730984 15.084319
32054 14 26 24
0.068924 -0.015316 -0.997504 11.258449
33350 14 26 25
-0.084430 -0.175959 -0.980770 5.786833
21722 14 27 16
-0.335736 0.546802 0.767000 14.818769
24314 14 27 18
-0.920729 -0.334753 -0.200495 19.031630
26906 14 27 20
0.330952 -0.748742 -0.574331 16.556828
28202 14 27 21
0.820571 -0.562299 -0.102386 14.624608
30794 14 27 23
0.637487 -0.528046 -0.561050 13.811511
20462 14 28 15
0.219324 -0.246693 0.943949 10.150389
24350 14 28 18
0.495198 -0.820213 -0.286407 16.760422
26942 14 28 20
0.540896 -0.758317 -0.363849 12.382122
29534 14 28 22
0.817498 -0.575208 -0.028852 11.689185
20498 14 29 15
0.282491 -0.772824 0.568280 6.558159
21794 14 29 16
0.407770 -0.900293 0.152307 8.842147
28851 15 9 22
-0.386127 0.272465 -0.881288 2.600298
24999 15 10 19
-0.276222 0.954657 -0.111046 10.308708
19851 15 11 15
0.625428 0.666921 0.405039 9.194816
21147 15 11 16
0.009897 0.902076 0.431463 10.127398
25035 15 11 19
0.436705 0.614612 -0.656918 12.878263
18591 15 12 14
0.607585 0.476186 0.635679 9.953959
19887 15 12 15
0.540901 -0.513698 -0.665988 9.648573
22479 15 12 17
-0.355002 -0.626253 0.694105 11.190005
31551 15 12 24
0.321359 0.849218 -0.418996 1.975441
18627 15 13 14
0.345281 -0.894468 0.284091 8.395407
19923 15 13 15
0.593470 -0.653040 -0.470459 7.824299
22551 15 14 17
0.408907 -0.165804 0.897387 8.518772
23847 15 14 18
0.388203 -0.746036 0.541044 10.907245
13515 15 15 10
-0.095283 0.086754 0.991663 2.452977
16107 15 15 12
0.742948 -0.338870 0.577230 5.313916
19995 15 15 15
0.906149 0.349306 0.238492 6.465587
23883 15 15 18
-0.105605 -0.890689 0.442177 9.515941
27771 15 15 21
0.104009 0.630738 0.768994 10.388955
29067 15 15 22
0.955361 -0.282038 -0.087979 11.704632
30363 15 15 23
0.506089 -0.486559 -0.712133 10.099869
31659 15 15 24
0.397619 -0.329665 -0.856283 5.830400
20031 15 16 15
0.784364 -0.374283 0.494657 6.558295
21327 15 16 16
0.811523 0.138564 0.567654 7.969083
27807 15 16 21
-0.117558 0.819655 -0.560665 11.980931
29103 15 16 22
0.222787 -0.603263 -0.765793 10.219174
22659 15 17 17
0.296157 -0.757489 0.581809 9.206276
23955 15 17 18
-0.305936 -0.930558 0.201160 10.335892
25251 15 17 19
-0.555207 -0.831666 0.008784 10.538901
26547 15 17 20
-0.284707 -0.958317 -0.023890 10.527536
27843 15 17 21
0.213397 -0.927711 -0.306290 9.933405
29139 15 17 22
0.481272 -0.545554 -0.686110 7.504751
20103 15 18 15
0.981327 -0.176363 -0.076768 4.342367
14991 15 20 11
0.450187 0.892543 0.026429 0.285714
18915 15 21 14
0.219440 -0.776123 0.591167 1.419754
20211 15 21 15
0.085953 -0.794261 -0.601467 1.297372
26727 15 22 20
0.295550 0.954943 -0.027085 1.980675
31911 15 22 24
0.890612 -0.403900 -0.208987 2.533948
25503 15 24 19
0.055095 0.870669 0.488774 10.117694
26799 15 24 20
0.124265 0.991659 0.034220 11.689207
28095 15 24 21
0.060062 0.951177 -0.302744 10.728314
24243 15 25 18
-0.422665 0.473317 0.772868 10.136887
28131 15 25 21
-0.290927 0.955960 -0.038761 15.704030
29427 15 25 22
0.101392 0.827492 -0.552247 13.951909
24279 15 26 18
-0.650812 0.389927 0.651461 13.253712
25575 15 26 19
-0.845015 0.408436 0.345150 16.509401
28167 15 26 21
-0.851933 -0.185364 0.489746 16.583376
29463 15 26 22
-0.495895 0.675541 -0.545648 17.096365
32055 15 26 24
-0.013368 0.427580 -0.903879 10.928696
21723 15 27 16
-0.632928 0.653358 0.415362 10.582275
23019 15 27 17
-0.609376 0.701241 0.370029 13.868276
29499 15 27 22
-0.921273 -0.314181 0.229229 17.474777
32091 15 27 24
0.271449 -0.261365 -0.926285 11.013652
20463 15 28 15
-0.431557 0.075270 0.898940 8.882497
23055 15 28 17
-0.203648 0.174255 0.963412 17.626808
24351 15 28 18
-0.249327 -0.759462 -0.600878 17.787596
25647 15 28 19
0.020453 -0.878539 -0.477233 16.488262
26943 15 28 20
0.321627 -0.636537 -0.700983 14.708778
29535 15 28 22
0.463913 -0.883473 0.065263 15.999416
21795 15 29 16
0.252014 -0.864991 0.433911 11.460482
29571 15 29 22
0.774000 -0.555573 -0.303749 12.545665
27015 15 30 20
0.954250 0.031134 0.297385 12.821897
28311 15 30 21
0.980402 0.001472 -0.197004 13.022002
29607 15 30 22
0.816441 -0.210017 -0.537881 10.081385
27051 15 31 20
0.962028 -0.109379 0.250078 12.808603
28347 15 31 21
0.920780 -0.211643 -0.327675 12.423191
29643 15 31 22
0.708564 -0.317071 -0.630399 8.176673
27087 15 32 20
0.823464 -0.533612 0.192786 10.418860
26296 16 10 20
0.087232 0.852130 -0.516010 9.640520
15964 16 11 12
0.332669 0.652815 0.680561 5.180297
19852 16 11 15
-0.952592 -0.278603 0.122267 9.659118
23740 16 11 18
-0.630644 0.769720 0.099094 12.086780
27628 16 11 21
-0.330011 0.263836 -0.906357 8.278109
16000 16 12 12
0.311071 -0.344947 0.885577 5.885764
17296 16 12 13
0.575949 -0.316290 0.753819 9.080576
23776 16 12 18
-0.651882 -0.174438 0.737985 12.717020
25072 16 12 19
-0.941665 0.301971 -0.148596 13.144629
26368 16 12 20
-0.673040 0.334974 -0.659401 11.678273
28960 16 12 22
-0.240943 0.654979 -0.716205 7.073450
19924 16 13 15
-0.128306 -0.747189 -0.652109 8.431064
22516 16 13 17
0.036384 -0.443644 0.895464 9.986559
25108 16 13 19
-0.595769 -0.780050 0.191261 13.036829
26404 16 13 20
-0.159282 -0.338393 -0.927426 12.111362
28996 16 13 22
-0.543712 0.780920 -0.307476 8.897369
30292 16 13 23
-0.307273 0.697712 -0.647133 7.320000
19960 16 14 15
-0.220142 -0.836471 0.501849 7.182923
22552 16 14 17
-0.590993 -0.536088 0.602774 8.528537
30328 16 14 23
-0.662714 0.513957 -0.544664 9.912972
31624 16 14 24
-0.347063 0.295782 -0.889978 6.243188
17404 16 15 13
-0.802367 0.571462 0.172155 5.448682
18700 16 15 14
-0.589102 0.598708 0.542685 5.986347
22588 16 15 17
-0.845149 0.475132 0.244894 8.110135
31660 16 15 24
-0.234733 -0.267589 -0.934503 6.297895
17440 16 16 13
-0.613290 -0.196005 0.765152 6.050843
18736 16 16 14
-0.152445 0.501114 0.851848 6.788901
29104 16 16 22
0.316874 -0.673180 -0.668146 10.549214
17476 16 17 13
-0.137746 -0.520734 0.842533 4.901993
18772 16 17 14
0.537990 -0.132425 0.832485 6.720372
23956 16 17 18
-0.391238 -0.882371 -0.261447 9.131366
18808 16 18 14
0.307120 -0.135238 0.942013 6.573036
20104 16 18 15
0.926688 0.004309 -0.375808 7.343163
27880 16 18 21
0.446052 -0.567703 0.691918 7.888041
20140 16 19 15
0.715630 -0.568800 -0.405389 6.490176
29248 16 20 22
0.894822 -0.183879 0.406795 7.831589
29284 16 21 22
0.814451 -0.336973 0.472355 6.517550
26764 16 23 20
-0.150447 0.987926 -0.036991 5.804586
26800 16 24 20
-0.301523 0.952969 -0.030565 11.128170
29392 16 24 22
0.076312 0.880474 -0.467912 8.024420
29428 16 25 22
-0.261806 0.805527 -0.531586 13.263367
26872 16 26 20
-0.681179 -0.014286 -0.731978 13.833083
29464 16 26 22
-0.984977 0.088322 -0.148389 14.868261
32056 16 26 24
0.196449 0.501520 -0.842547 11.618716
25612 16 27 19
-0.818164 0.567183 -0.094398 15.640519
29500 16 27 22
-0.974263 0.224403 -0.021351 15.098281
32092 16 27 24
-0.047588 -0.284106 -0.957611 11.895364
33388 16 27 25
0.061527 -0.240175 -0.968778 5.988526
21760 16 28 16
-0.355942 0.630543 0.689725 12.074120
23056 16 28 17
-0.492688 0.760176 0.423546 15.955607
24352 16 28 18
-0.549253 0.823542 -0.141774 16.912563
30832 16 28 23
-0.336882 -0.222483 -0.914883 14.440852
32128 16 28 24
0.092205 -0.353218 -0.930986 9.924070
21796 16 29 16
0.079096 -0.655596 0.750958 12.666558
23092 16 29 17
0.127621 -0.963800 0.234097 15.538424
26980 16 29 20
-0.210394 0.367801 0.905791 14.792696
28276 16 29 21
0.069136 0.860094 0.505430 15.757607
30868 16 29 23
0.461996 -0.407997 -0.787463 12.882979
27016 16 30 20
0.237718 0.553455 0.798234 15.597161
29608 16 30 22
0.641759 -0.158496 -0.750350 15.276062
24460 16 31 18
0.474580 -0.406803 0.780567 9.481467
25756 16 31 19
0.667341 -0.252550 0.700624 14.086781
28348 16 31 21
0.470673 -0.627047 -0.620708 16.894880
29644 16 31 22
0.422776 -0.583583 -0.693319 12.888898
27088 16 32 20
0.098498 -0.960500 0.260265 13.996833
28384 16 32 21
0.030517 -0.826338 -0.562348 12.318981
27124 16 33 20
-0.113995 -0.986723 0.115682 7.233134
30113 17 8 23
0.085390 0.835147 -0.543357 1.047245
24965 17 9 19
0.396788 0.640884 0.657135 7.939660
27557 17 9 21
0.235937 0.133731 -0.962522 5.597913
19817 17 10 15
-0.729118 0.684155 0.017853 6.572355
21113 17 10 16
-0.672902 0.729982 -0.119709 6.032162
26297 17 10 20
-0.700873 -0.577091 -0.419218 8.193275
15965 17 11 12
-0.556532 0.545839 0.626364 4.471663
17261 17 11 13
-0.597071 0.753566 0.275037 6.681219
18557 17 11 14
-0.831634 0.538626 0.135157 7.552660
17297 17 12 13
-0.757392 -0.073172 0.648847 8.785441
18593 17 12 14
-0.655435 0.655532 -0.375076 9.455982
21185 17 12 16
-0.358150 0.533128 0.766487 8.554924
18629 17 13 14
0.165385 -0.877912 0.449353 9.000329
22517 17 13 17
-0.569875 -0.815746 0.098996 9.021695
25145 17 14 19
-0.827058 -0.337215 0.449734 8.984903
27737 17 14 21
-0.560147 0.776520 -0.288534 10.090079
29069 17 15 22
-0.393348 0.708939 -0.585392 11.122294
20033 17 16 15
0.562864 0.706954 0.428252 8.097778
26513 17 16 20
-0.674993 -0.345938 0.651698 10.026761
29105 17 16 22
0.461732 -0.808949 0.363875 11.440022
30401 17 16 23
0.076817 0.293680 -0.952812 9.952140
21365 17 17 16
0.782691 -0.607637 -0.134804 9.080522
25253 17 17 19
-0.514637 -0.856183 0.045824 6.776790
30437 17 17 23
0.392271 0.673478 -0.626539 11.661783
22697 17 18 17
0.237858 -0.846391 -0.476493 6.465028
23993 17 18 18
-0.070863 -0.829354 -0.554212 4.781015
29177 17 18 22
0.346813 0.319083 0.881990 13.726974
30473 17 18 23
0.734392 0.335407 -0.590059 14.137010
31769 17 18 24
0.685581 0.394396 -0.611908 10.447080
29213 17 19 22
0.607571 -0.289442 0.739649 13.470308
20177 17 20 15
0.071579 -0.994370 -0.078133 4.747340
29249 17 20 22
0.663183 -0.473916 0.579303 11.667470
31841 17 20 24
0.996564 0.014295 0.081581 12.816772
33137 17 20 25
0.597590 -0.221955 -0.770469 10.381248
29285 17 21 22
0.694537 -0.317990 0.645369 10.007406
31877 17 21 24
0.547381 -0.587657 -0.595847 12.057376
29321 17 22 22
0.814061 -0.301408 0.496445 8.764504
30653 17 23 23
0.892615 -0.445962 0.066000 7.738511
33281 17 24 25
0.766346 0.017436 -0.642191 5.629755
24245 17 25 18
0.313604 0.421912 0.850672 8.440972
25541 17 25 19
0.250700 0.760599 0.598864 12.814558
28133 17 25 21
0.711811 0.375461 0.593594 13.411177
32057 17 26 24
-0.035968 0.016865 -0.999211 11.949051
24317 17 27 18
0.116316 0.535995 0.836170 13.745407
25613 17 27 19
0.310427 0.722784 -0.617429 15.338826
28205 17 27 21
0.106659 0.812362 0.573316 13.728210
29501 17 27 22
0.254327 0.645994 -0.719729 14.117753
24353 17 28 18
-0.462852 0.569812 0.679031 16.017395
25649 17 28 19
0.158332 0.363719 -0.917954 16.162392
28241 17 28 21
-0.938996 -0.146240 0.311288 14.377447
20501 17 29 15
-0.095346 -0.051532 0.994109 6.740980
21797 17 29 16
-0.164009 -0.308199 0.937078 12.495785
23093 17 29 17
-0.342049 -0.699860 0.627055 15.087911
24389 17 29 18
-0.256512 -0.211590 0.943097 16.643084
25685 17 29 19
0.538726 0.169899 -0.825172 16.596540
29573 17 29 22
-0.913088 0.404099 0.054547 14.634947
30869 17 29 23
0.821142 0.076637 -0.565555 14.394076
24425 17 30 18
0.368028 -0.444716 0.816568 15.355528
25721 17 30 19
0.910997 0.139155 -0.388227 16.975983
28313 17 30 21
-0.726618 0.668110 0.160173 16.059284
29609 17 30 22
-0.763953 0.297614 -0.572540 15.672727
32201 17 30 24
0.459562 -0.420932 -0.782061 9.972153
24461 17 31 18
0.223537 -0.568698 0.791589 12.065135
27053 17 31 20
-0.793653 -0.589949 0.148576 16.993185
28349 17 31 21
-0.533148 -0.748756 -0.393851 16.587587
29645 17 31 22
0.034744 -0.795860 -0.604483 14.413105
30941 17 31 23
0.157568 -0.732130 -0.662690 10.758504
27089 17 32 20
-0.392777 -0.919229 0.027283 12.405498
27522 18 8 21
0.121397 0.792521 -0.597640 5.405512
24966 18 9 19
-0.141006 0.515182 0.845402 8.553926
26262 18 9 20
-0.264185 -0.178806 -0.947752 9.104551
27558 18 9 21
-0.013720 -0.423983 -0.905566 6.143991
23778 18 12 18
-0.439279 0.892617 -0.101340 7.965575
19926 18 13 15
-0.947730 0.246350 -0.202780 8.176723
23814 18 13 18
-0.332593 -0.909001 0.251194 7.677032
26406 18 13 20
-0.164166 0.845210 -0.508596 7.158406
19962 18 14 15
-0.616198 -0.737974 0.275125 7.741025
21258 18 14 16
-0.379388 -0.121503 -0.917225 6.554677
26442 18 14 20
-0.564363 0.329401 0.756961 8.532235
31626 18 14 24
-0.540744 0.675970 -0.500660 1.629208
21294 18 15 16
-0.006752 0.548730 -0.835972 7.061897
18738 18 16 14
0.033826 0.076671 0.996483 7.126307
21330 18 16 16
-0.111953 0.744732 -0.657907 8.536008
25218 18 16 19
-0.808070 0.060043 0.586018 5.079410
25254 18 17 19
-0.823173 -0.525827 0.214224 4.451740
27846 18 17 21
-0.511751 -0.524776 0.680236 8.992763
20106 18 18 15
-0.104685 -0.107417 0.988687 8.615255
30474 18 18 23
-0.451869 0.886663 0.098198 14.836823
31770 18 18 24
0.413449 0.850350 -0.325521 14.036578
33066 18 18 25
0.470496 0.690164 -0.549824 11.406730
20142 18 19 15
-0.385965 -0.725670 0.569592 7.486191
21438 18 19 16
0.078859 -0.868569 -0.489255 7.361268
22734 18 19 17
0.541828 -0.674411 -0.501589 5.944462
30510 18 19 23
0.676991 -0.699923 0.227576 16.187748
33102 18 19 25
0.362491 0.108348 -0.925668 14.491305
29250 18 20 22
0.388283 -0.661099 0.642016 13.508102
33138 18 20 25
0.164545 -0.512288 -0.842903 12.781596
26694 18 21 20
0.848274 0.191845 0.493586 7.723814
27990 18 21 21
0.835898 -0.040438 0.547393 10.492087
29322 18 22 22
0.910625 -0.010587 0.413099 12.632385
30618 18 22 23
0.925736 -0.366021 0.095089 13.274092
28062 18 23 21
0.800267 0.288688 0.525578 11.081199
31950 18 23 24
0.925155 -0.323687 -0.198281 11.648300
25506 18 24 19
0.393856 0.859725 0.325194 10.066431
28098 18 24 21
0.411053 0.714368 0.566315 13.098606
29394 18 24 22
0.685904 0.707237 -0.171326 13.607134
30690 18 24 23
0.687399 0.716024 -0.121624 12.775747
31986 18 24 24
0.795287 0.478237 -0.372570 12.040211
25542 18 25 19
0.318563 0.926530 0.200147 13.857481
26838 18 25 20
0.335009 0.939240 -0.074818 13.565826
28134 18 25 21
0.064915 -0.225299 0.972125 14.262253
32022 18 25 24
0.562081 0.070692 -0.824055 13.686257
24282 18 26 18
0.284520 0.276153 0.918035 13.376118
25578 18 26 19
0.756712 0.505040 -0.415116 15.493715
28170 18 26 21
-0.250295 -0.935611 0.248965 13.348941
30762 18 26 23
0.557084 -0.812375 -0.172352 15.637354
25614 18 27 19
0.091189 -0.704404 -0.703918 15.611958
26910 18 27 20
0.097633 0.074826 -0.992406 14.249356
30798 18 27 23
0.893906 0.309742 -0.324023 14.670095
26946 18 28 20
-0.679779 0.091034 -0.727746 14.294910
30834 18 28 23
0.845518 0.502524 0.180466 16.235262
32130 18 28 24
0.331793 0.401317 -0.853732 13.580359
21798 18 29 16
-0.254852 0.052404 0.965559 11.331693
23094 18 29 17
0.550856 0.239081 0.799624 15.318391
26982 18 29 20
-0.051372 0.298499 -0.953026 14.705707
32166 18 29 24
0.367463 -0.059079 -0.928160 15.242037
33462 18 29 25
0.017369 -0.044732 -0.998848 7.259544
23130 18 30 17
0.528818 -0.571221 0.627740 13.702443
25722 18 30 19
-0.422784 0.061911 -0.904113 17.767366
32202 18 30 24
0.129647 -0.687873 -0.714158 12.123099
24462 18 31 18
0.078950 -0.857561 0.508287 13.333733
25758 18 31 19
-0.452006 -0.891258 -0.036740 15.157110
27054 18 31 20
-0.715215 -0.691568 -0.100998 14.351322
29646 18 31 22
-0.152520 -0.688942 -0.708588 14.087836
30942 18 31 23
-0.136702 -0.746071 -0.651683 10.576134
29682 18 32 22
0.018980 -0.957268 -0.288579 8.747610
26263 19 9 20
-0.958367 -0.036031 -0.283257 7.143436
27559 19 9 21
-0.527698 -0.451859 -0.719276 5.086148
25003 19 10 19
-0.871013 -0.088372 0.483245 7.311865
23815 19 13 18
-0.790973 -0.545818 0.276487 5.551589
18703 19 15 14
0.272627 0.551374 0.788455 6.202725
21295 19 15 16
-0.636169 0.384382 -0.668984 5.709452
27775 19 15 21
-0.756043 0.424500 0.498196 9.995322
32959 19 15 25
-0.226290 0.535413 -0.813711 1.385412
16147 19 16 12
0.838229 0.406982 0.362957 2.306634
27811 19 16 21
-0.628046 -0.597764 0.498233 9.467933
13591 19 17 10
0.867521 -0.410055 -0.281535 5.934004
14887 19 17 11
0.724800 -0.087726 -0.683351 4.046744
20071 19 17 15
-0.912470 -0.329143 0.243030 8.326572
22663 19 17 17
-0.801796 0.249140 -0.543187 5.761683
27847 19 17 21
-0.681871 -0.619159 0.389479 6.964676
31735 19 17 24
-0.352262 0.917505 -0.184653 9.106974
20107 19 18 15
-0.480116 -0.357862 0.800889 7.913069
30475 19 18 23
-0.703504 0.546403 0.454451 11.543815
31771 19 18 24
-0.610390 0.782957 0.120005 13.377598
33067 19 18 25
-0.325907 0.770120 -0.548361 12.407814
35659 19 18 27
0.424843 0.073502 -0.902278 4.830116
31807 19 19 24
-0.465598 0.874899 -0.133304 16.436188
33103 19 19 25
-0.332114 0.055555 -0.941602 14.158328
34399 19 19 26
-0.010135 -0.287386 -0.957761 8.492515
27955 19 20 21
-0.028613 0.769487 0.638021 11.388152
29251 19 20 22
-0.338047 0.187777 0.922206 13.736994
30547 19 20 23
0.459870 -0.535461 0.708379 15.899557
31843 19 20 24
0.632219 -0.696204 -0.339999 16.613716
33139 19 20 25
0.181093 -0.191582 -0.964625 13.643163
27991 19 21 21
0.809824 0.496396 0.312692 13.321163
31879 19 21 24
0.461335 -0.835802 -0.297666 14.702981
33175 19 21 25
0.496754 -0.226112 -0.837919 12.437428
25435 19 22 19
0.895614 0.132482 0.424646 11.912215
26731 19 22 20
0.986741 -0.137819 0.085723 13.169215
29323 19 22 22
0.109040 -0.638680 -0.761708 14.118946
31915 19 22 24
-0.659881 -0.737813 -0.142086 13.821334
29359 19 23 22
-0.389846 -0.268732 -0.880797 13.364697
31951 19 23 24
-0.402761 -0.901800 0.156652 12.715774
33247 19 23 25
-0.021795 -0.356252 -0.934136 10.355851
29395 19 24 22
-0.325051 0.818268 0.474109 14.345189
25543 19 25 19
0.389775 0.918679 0.064061 14.625388
29431 19 25 22
-0.278993 -0.172287 0.944712 15.295428
30727 19 25 23
0.521883 0.680760 0.514008 17.989471
32023 19 25 24
-0.040830 0.080284 -0.995935 15.262516
33319 19 25 25
-0.203304 -0.163691 -0.965335 8.242937
24283 19 26 18
0.298243 0.338722 0.892367 14.850201
26875 19 26 20
0.556428 0.255353 -0.790685 15.320423
28171 19 26 21
-0.007795 -0.441398 -0.897278 12.923281
30763 19 26 23
0.337237 -0.808371 0.482501 16.693245
32059 19 26 24
0.093782 -0.313527 -0.944937 13.859248
32095 19 27 24
0.115367 0.083526 -0.989805 12.888862
23059 19 28 17
0.247067 0.519701 0.817844 14.287186
32131 19 28 24
-0.100836 0.222722 -0.969653 14.432026
23095 19 29 17
-0.342076 0.015620 0.939542 15.751581
26983 19 29 20
-0.183145 0.981007 0.063896 14.341052
28279 19 29 21
0.692990 0.280501 0.664142 14.848664
29575 19 29 22
0.561118 -0.033835 0.827044 17.256304
30871 19 29 23
0.736929 -0.632924 0.237365 19.886202
32167 19 29 24
-0.203463 -0.072033 -0.976429 15.437095
23131 19 30 17
-0.412484 -0.422268 0.807184 14.596064
24427 19 30 18
-0.812092 -0.580833 0.056037 17.132347
25723 19 30 19
-0.782060 -0.300393 -0.546027 16.012636
27019 19 30 20
-0.395521 -0.763440 -0.510610 14.758669
30907 19 30 23
0.034761 -0.991221 -0.127566 16.057161
32203 19 30 24
-0.134893 -0.640305 -0.756183 11.991377
23167 19 31 17
-0.263286 -0.815489 0.515421 9.869490
24463 19 31 18
-0.373132 -0.924681 0.075745 12.241504
25759 19 31 19
-0.432261 -0.896317 -0.098823 11.812803
28351 19 31 21
0.335969 -0.797765 0.500695 14.561717
29647 19 31 22
-0.292399 -0.626984 -0.722076 13.305340
26228 20 8 20
-0.794180 0.579629 0.182504 2.301276
21224 20 13 16
-0.318090 0.456790 -0.830760 2.604876
27704 20 13 21
-0.868482 0.315719 -0.382179 4.383095
20000 20 15 15
0.082336 0.234997 -0.968503 7.248631
29072 20 15 22
-0.904855 0.379451 -0.193014 7.104666
20036 20 16 15
-0.490921 -0.227139 -0.841074 7.178448
30404 20 16 23
-0.850105 0.050636 -0.524173 6.442083
14888 20 17 11
0.666848 -0.000039 -0.745194 5.901680
30440 20 17 23
-0.966896 -0.096282 0.236310 5.926677
16220 20 18 12
0.621963 -0.722774 0.301263 4.673211
17516 20 18 13
0.786116 -0.441313 0.432741 5.782263
18812 20 18 14
0.799564 -0.324148 0.505594 7.086971
33068 20 18 25
-0.596521 0.750894 -0.283410 9.653415
34364 20 18 26
-0.726938 0.372971 -0.576588 7.500163
35660 20 18 27
-0.574187 0.040650 -0.817714 4.572243
36956 20 18 28
-0.356798 -0.043894 -0.933150 1.715272
20144 20 19 15
0.087193 -0.873255 0.479399 6.369412
21440 20 19 16
0.135505 -0.684013 0.716773 7.883406
22736 20 19 17
0.640232 0.274259 0.717554 9.199252
24032 20 19 18
0.505325 0.574800 -0.643624 8.756283
31808 20 19 24
-0.079060 0.996708 0.017986 15.665434
26660 20 20 20
-0.353255 0.926906 0.126711 8.695463
27956 20 20 21
-0.663971 0.730410 0.160138 9.406100
30548 20 20 23
-0.411459 -0.071511 0.908618 15.675735
21512 20 21 16
0.651010 0.427702 0.627103 5.207557
26696 20 21 20
-0.539145 0.840876 0.047425 13.031756
27992 20 21 21
-0.732069 0.680918 -0.020634 12.926714
29288 20 21 22
-0.896369 0.372915 0.239702 13.202813
30584 20 21 23
-0.590510 -0.791191 0.159107 13.855697
34472 20 21 26
0.138204 -0.160167 -0.977367 9.511559
24140 20 22 18
0.489022 0.588956 0.643419 12.470797
25436 20 22 19
0.112373 0.841511 0.528424 15.021222
26732 20 22 20
-0.539280 0.656392 -0.527566 15.087621
34508 20 22 26
-0.147194 -0.561247 -0.814454 7.007355
24176 20 23 18
0.654953 -0.154056 0.739800 13.431618
26768 20 23 20
0.836653 -0.092642 -0.539842 15.334158
28064 20 23 21
0.405819 -0.662054 -0.630076 13.960153
25508 20 24 19
0.950409 -0.095947 0.295832 15.842792
24248 20 25 18
0.459196 0.473664 0.751519 14.246380
30728 20 25 23
-0.706971 0.694279 0.134788 17.883911
24284 20 26 18
0.024068 0.243617 0.969573 16.158245
26876 20 26 20
0.253702 0.523618 -0.813301 16.778002
28172 20 26 21
0.454288 0.319620 -0.831544 13.776685
30764 20 26 23
0.297907 -0.822968 0.483709 17.557209
32060 20 26 24
-0.209080 -0.125699 -0.969786 13.279482
23024 20 27 17
-0.237333 0.316208 0.918523 11.307753
24320 20 27 18
-0.639911 -0.039704 0.767423 16.516335
25616 20 27 19
-0.353875 -0.920665 0.164769 17.773527
30800 20 27 23
0.974450 0.217706 0.055236 17.008886
32096 20 27 24
-0.201227 -0.066371 -0.977294 12.399227
23060 20 28 17
-0.630828 0.004681 0.775908 13.027287
24356 20 28 18
-0.913031 -0.403285 0.061117 15.677464
26948 20 28 20
0.903141 -0.404793 -0.143105 16.032379
28244 20 28 21
0.939581 0.342290 -0.005051 15.391409
29540 20 28 22
0.388573 0.677782 0.624198 16.729965
32132 20 28 24
-0.365679 0.002439 -0.930738 12.078457
24392 20 29 18
-0.963212 -0.196597 0.183226 14.397861
29576 20 29 22
-0.103020 -0.208980 0.972478 18.115370
30872 20 29 23
-0.771951 -0.174099 -0.611377 18.489990
32168 20 29 24
-0.401851 -0.025233 -0.915357 12.282698
24428 20 30 18
-0.827993 -0.450473 0.333917 12.942199
27020 20 30 20
0.641892 -0.086537 0.761896 14.938172
29612 20 30 22
-0.255477 -0.958049 -0.129897 15.436549
30908 20 30 23
-0.367010 -0.892851 -0.260999 14.586607
32204 20 30 24
-0.303435 -0.541714 -0.783884 9.849385
28352 20 31 21
0.351247 -0.751117 -0.558972 15.564391
21225 21 13 16
0.123866 0.413184 -0.902184 2.562791
18669 21 14 14
0.588605 0.779435 0.214537 8.915172
19965 21 14 15
0.324811 0.346412 -0.880055 7.243802
17445 21 16 13
0.599998 -0.547402 0.583398 9.748541
14889 21 17 11
-0.927272 -0.259916 0.269465 5.167256
12333 21 18 9
-0.724366 -0.380612 0.574829 1.885666
17517 21 18 13
-0.570248 -0.644597 0.509226 5.935038
18813 21 18 14
-0.277032 -0.799445 0.533048 7.664301
11073 21 19 8
-0.332537 -0.232373 0.914014 0.801328
12369 21 19 9
-0.710060 -0.607732 0.355636 1.367091
22737 21 19 17
-0.394215 0.877332 0.273646 8.663918
31809 21 19 24
-0.608240 0.770211 0.191886 13.749436
33105 21 19 25
-0.453651 0.680999 -0.574840 12.101048
25365 21 20 19
-0.438913 0.542125 -0.716559 8.084949
30549 21 20 23
-0.661416 0.046969 0.748547 12.680184
33141 21 20 25
-0.664746 -0.129234 -0.735807 14.750169
15033 21 21 11
-0.155917 -0.215476 0.963981 0.782214
24105 21 21 18
0.121787 0.828402 0.546734 10.340556
25401 21 21 19
-0.757033 0.598493 -0.262119 10.267009
33177 21 21 25
-0.622883 -0.706849 -0.335232 11.680940
34473 21 21 26
-0.544761 -0.356495 -0.759044 7.977610
21549 21 22 16
-0.169919 -0.049977 0.984190 7.032460
22845 21 22 17
-0.017832 0.519504 0.854282 11.031368
29325 21 22 22
-0.986890 0.128789 -0.097267 10.366634
31917 21 22 24
-0.827987 0.035038 -0.559652 11.276596
22881 21 23 17
-0.014576 -0.323711 0.946044 10.955543
24177 21 23 18
-0.147360 0.115151 0.982357 15.469209
29361 21 23 22
-0.885693 0.274463 -0.374456 11.069225
31953 21 23 24
-0.751156 -0.375288 -0.543068 10.817657
25509 21 24 19
-0.258777 -0.484804 0.835464 17.665226
26805 21 24 20
0.107787 -0.300877 -0.947552 17.136032
29397 21 24 22
-0.941733 0.336313 0.005779 12.281402
30693 21 24 23
-0.919553 0.351828 -0.175039 12.218259
31989 21 24 24
-0.679553 -0.142267 -0.719700 9.333212
22953 21 25 17
-0.105688 0.054556 0.992902 10.051305
25545 21 25 19
-0.884676 -0.439984 0.154149 16.396915
30729 21 25 23
-0.933768 0.271036 -0.233702 14.165455
22989 21 26 17
-0.401679 -0.322303 0.857190 8.781768
24285 21 26 18
-0.732579 -0.414787 0.539703 13.926820
25581 21 26 19
-0.964364 -0.176638 0.196982 15.802809
26877 21 26 20
-0.880054 0.358731 -0.311154 15.745378
28173 21 26 21
-0.414239 0.801880 -0.430576 14.176673
29469 21 26 22
-0.419950 0.598197 0.682498 14.823162
30765 21 26 23
-0.878023 0.263000 -0.399883 15.783178
32061 21 26 24
-0.499646 0.037157 -0.865433 10.024900
26913 21 27 20
-0.932365 0.289116 0.217041 16.858784
30801 21 27 23
-0.567009 -0.046301 -0.822410 16.443020
23061 21 28 17
-0.883601 -0.122032 0.452058 6.498122
26949 21 28 20
-0.671115 -0.322353 0.667603 17.076384
28245 21 28 21
0.984078 0.168581 -0.056319 17.134804
29541 21 28 22
0.326860 0.845936 0.421373 17.609064
30837 21 28 23
-0.442059 -0.171467 -0.880445 15.661276
25689 21 29 19
-0.537034 0.017778 0.843373 13.839175
29577 21 29 22
-0.678973 -0.703845 -0.208801 17.270817
30873 21 29 23
-0.644764 -0.226190 -0.730149 14.761351
25725 21 30 19
-0.185755 -0.299715 0.935770 13.345475
32205 21 30 24
-0.470967 -0.458452 -0.753666 6.798351
27057 21 31 20
0.186966 -0.603850 0.774860 15.869876
28353 21 31 21
-0.192435 -0.548731 -0.813550 15.880234
28389 21 32 21
-0.183131 -0.900494 -0.394427 9.804274
26302 22 10 20
-0.866983 0.264053 -0.422630 1.270824
23746 22 11 18
-0.869497 -0.403703 -0.284603 1.642895
18634 22 13 14
0.663522 0.739185 0.115517 7.951918
19966 22 14 15
0.539787 0.082111 -0.837787 9.135929
17410 22 15 13
-0.120134 0.287443 0.950234 10.261095
30370 22 15 23
-0.949142 0.127096 -0.288054 0.572256
14854 22 16 11
-0.507806 -0.068583 0.858737 3.614613
17446 22 16 13
-0.533038 -0.684221 0.497707 9.047475
18778 22 17 14
-0.401240 -0.566430 0.719836 8.487178
20074 22 17 15
0.456837 0.206438 -0.865265 8.400786
20110 22 18 15
-0.341792 -0.939064 -0.036570 8.017170
21406 22 18 16
0.202540 0.556571 -0.805733 6.335054
21442 22 19 16
0.077170 0.330585 0.940616 7.544595
26626 22 19 20
-0.136142 0.546630 -0.826233 1.681736
22774 22 20 17
0.445165 0.421100 0.790255 10.617447
30550 22 20 23
-0.856720 0.180106 0.483314 7.036883
33142 22 20 25
-0.944672 -0.037427 -0.325874 8.240282
22810 22 21 17
0.498648 -0.199651 0.843498 10.543603
30586 22 21 23
-0.909654 -0.030034 0.414279 7.406761
31882 22 21 24
-0.971234 -0.195478 -0.135990 8.203477
15070 22 22 11
-0.378778 -0.603364 0.701768 0.480538
16366 22 22 12
-0.763746 -0.625249 0.160486 0.681937
31918 22 22 24
-0.956355 -0.101479 -0.274020 7.483266
24178 22 23 18
-0.958073 -0.018606 0.285920 11.734750
25474 22 23 19
-0.936495 0.348976 -0.034529 12.435393
31954 22 23 24
-0.909899 -0.324445 -0.258496 6.147690
26806 22 24 20
-0.985553 -0.004597 -0.169307 13.809221
28102 22 24 21
-0.785229 0.266343 -0.558996 11.345218
24250 22 25 18
-0.944167 -0.160313 0.287834 10.435207
26842 22 25 20
-0.915689 -0.399175 -0.046617 11.797802
25582 22 26 19
-0.963648 -0.220407 0.151010 9.953004
29506 22 27 22
-0.606859 0.788276 -0.101704 15.529145
30802 22 27 23
-0.652897 0.222230 -0.724113 12.688020
26950 22 28 20
-0.615908 0.141210 0.775059 14.235488
28246 22 28 21
-0.587683 0.166262 0.791824 17.309687
30838 22 28 23
-0.502218 -0.228151 -0.834100 12.538775
30874 22 29 23
-0.647584 -0.374453 -0.663641 9.921919
27022 22 30 20
-0.911333 0.036985 0.410005 15.336238
28318 22 30 21
-0.828034 -0.204379 -0.522100 14.466939
30910 22 30 23
-0.702737 -0.571531 -0.423690 6.316025
25762 22 31 19
-0.515201 -0.459386 0.723555 9.371910
27058 22 31 20
-0.776271 -0.568992 0.271388 13.488573
28354 22 31 21
-0.714802 -0.447852 -0.537109 11.994505
27599 23 10 21
-0.666659 0.033511 -0.744609 0.731035
19931 23 13 15
0.509295 0.621965 -0.594793 10.280452
21227 23 13 16
0.264293 0.140569 -0.954143 5.922610
19967 23 14 15
0.334735 0.045144 -0.941230 11.457992
21263 23 14 16
0.137903 -0.057912 -0.988751 5.918083
20003 23 15 15
0.580972 -0.040025 -0.812939 11.364329
21299 23 15 16
0.302429 0.075300 -0.950193 5.917291
14855 23 16 11
-0.223977 -0.445129 0.867003 2.797023
20039 23 16 15
0.731531 -0.287829 -0.618076 10.870018
20075 23 17 15
-0.088159 -0.976158 -0.198350 8.971053
22811 23 21 17
-0.343201 -0.166958 0.924304 10.643848
24107 23 21 18
0.552721 -0.717066 -0.424637 12.696787
25403 23 21 19
0.172223 -0.203809 -0.963743 8.757146
20255 23 22 15
-0.295909 -0.318570 0.900528 1.568645
22847 23 22 17
-0.407430 -0.704441 0.581175 8.136341
21587 23 23 16
-0.443266 -0.657379 0.609400 1.887774
29435 23 25 22
-0.889305 0.336035 -0.310188 7.644597
29507 23 27 22
-0.865127 0.444968 -0.231427 10.961244
28247 23 28 21
-0.968546 0.064813 0.240245 13.742958
29543 23 28 22
-0.879928 -0.133902 -0.455848 12.611054
30839 23 28 23
-0.687151 -0.171447 -0.705995 7.419093
26987 23 29 20
-0.866962 -0.031018 0.497408 10.252199
27023 23 30 20
-0.962258 -0.268027 0.047122 9.466345
19860 24 11 15
-0.102924 0.967017 -0.232989 2.540900
30228 24 11 23
-0.417513 0.322657 -0.849456 0.284013
17304 24 12 13
-0.149564 0.949809 0.274759 8.891338
18600 24 12 14
-0.002425 0.970754 -0.240065 8.664897
23784 24 12 18
-0.103469 -0.407634 -0.907265 0.728065
16044 24 13 12
-0.318986 0.131216 0.938632 7.760647
17340 24 13 13
-0.365545 0.609711 0.703299 12.376748
19932 24 13 15
-0.377372 0.422231 -0.824203 10.416942
21228 24 13 16
-0.304929 0.035028 -0.951731 5.747142
17376 24 14 13
-0.381496 -0.034071 0.923742 13.259309
18672 24 14 14
-0.123054 0.743051 -0.657824 14.369197
17412 24 15 13
-0.305121 -0.522992 0.795852 11.748087
18708 24 15 14
-0.463717 -0.858147 0.220343 14.354259
17448 24 16 13
-0.172930 -0.784008 0.596177 7.592675
18744 24 16 14
-0.305387 -0.863658 0.401041 10.875210
20040 24 16 15
-0.580109 -0.697632 -0.420456 11.381252
22668 24 17 17
0.092791 0.592505 -0.800205 6.267055
22704 24 18 17
-0.762237 0.574437 0.298359 7.760155
22740 24 19 17
-0.732320 -0.055394 0.678704 8.291900
24036 24 19 18
-0.757891 0.497908 -0.421532 9.151814
24072 24 20 18
-0.975025 0.210736 0.070114 10.910433
25368 24 20 19
-0.468383 0.254106 -0.846196 7.700257
24108 24 21 18
-0.917382 -0.383070 0.108018 10.643473
25404 24 21 19
-0.504785 -0.294712 -0.811379 7.689106
29472 24 26 22
-0.998656 -0.051822 -0.001218 4.139256
27024 24 30 20
-0.908386 -0.374561 -0.185848 4.244910
17305 25 12 13
-0.692448 0.598401 0.403030 6.081316
27673 25 12 21
0.339166 0.255408 -0.905391 0.823575
18637 25 13 14
-0.879716 0.460708 -0.117675 10.365713
19933 25 13 15
-0.618438 0.374280 -0.690976 7.707704
18673 25 14 14
-0.996159 0.032262 0.081399 11.569474
20005 25 15 15
-0.794484 -0.196839 -0.574499 9.474795
14965 25 19 11
-0.617469 0.271751 0.738162 0.844905
25405 25 21 19
-0.793181 -0.259346 -0.551003 3.489175
18638 26 13 14
-0.969428 0.240641 0.047977 4.886035
17450 26 16 13
-0.899410 -0.324885 0.292422 2.360133
20078 26 17 15
-0.830593 -0.555923 0.032628 1.350085
20186 26 20 15
-0.003096 -0.586916 -0.809642 1.140943
24074 26 20 18
-0.996753 0.009914 -0.079906 2.085632
25370 26 20 19
-0.785960 -0.022047 -0.617884 1.383232
24110 26 21 18
-0.909571 -0.408938 -0.073829 1.656132
18962 26 22 14
-0.797807 -0.579657 -0.165838 0.910468
18819 27 18 14
-0.965230 -0.091738 0.244776 0.825019
22672 28 17 17
-0.449912 0.286137 -0.845993 0.440168
