(17.2947, 15.418, 10.1444, 6.83331, 6.79915, 7.85009, 8.18671, 2.97084, 7.22456, 6.93814, 10.34, 8.12942, 11.4906, 6.62986, 11.7173, 4.659, 8.30113, 11.7807, 5.08191, 7.30798, 11.7252, 13.1769, 26.383, 7.86146, 9.39322, 8.8613, 6.54154, 0.366187, 3.00811, 3.99268, 9.09931, 9.10712, 15.3861)
(14.2694, 4.79664, 0.0615801, 4.80068, 0.075844, 0.069552, 9.51012, 14.2137, 18.9699, 18.9792, 14.2533, 33.1857, 18.9877, 4.77006, 9.53019, 0.048299, 4.78404, 0.0609189, 4.78032, 9.51373, 4.79316, 9.54583, 52.1667, 9.4913, 4.77845, 0.0356268, 9.49279, 0.00218995, 0.0181437, 4.76693, 9.54526, 4.82989, 4.8727)
(3.01587, 2.84356, 11.7106, 14.4563, 26.2841, 13.2681, 6.77679, 2.10917, 9.72293, 2.55729, 7.25538, 9.6215, 7.42371, 2.26993, 11.387, 7.72813, 15.0282, 15.5393, 7.49317, 4.64583, 7.31942, 11.5438, 4.78549, 2.06126, 2.41336, 1.52326, 1.51732, 0.0813783, 0.714479, 2.00736, 21.476, 27.7763, 35.6438)
(6.1888, 9.58578, 14.5994, 12.0884, 8.67548, 19.8696, 6.43486, 5.72707, 9.01057, 1.84689, 5.9731, 11.7265, 6.42642, 5.48262, 6.2634, 10.4655, 6.07321, 10.8111, 14.5468, 15.0001, 10.7114, 2.49298, 2.41326, 5.41855, 13.155, 1.10178, 0.800285, 0.074273, 0.530102, 1.22885, 11.8499, 15.2593, 48.1687)
(14.1079, 0.190832, 0.363833, 0.313075, 14.2454, 14.3245, 28.0709, 14.1288, 0.162627, 13.9812, 0.111095, 14.2929, 14.0517, 0.122164, 0.214075, 14.1445, 0.216434, 14.1269, 14.1717, 14.2084, 14.3094, 0.141823, 0.285523, 13.9987, 0.2593, 0.0817687, 0.0496207, 0.0513116, 0.041728, 0.0720087, 0.377472, 56.1172, 28.6654)
(4.41862, 6.69958, 14.4333, 9.90502, 12.395, 24.4624, 10.9917, 5.48475, 3.45061, 3.69555, 4.06351, 9.1977, 9.21737, 4.03314, 9.15321, 11.3108, 11.1841, 8.7558, 6.70292, 4.11701, 6.8217, 19.5062, 16.8582, 3.21821, 3.66473, 3.29625, 3.2896, 0.153161, 0.658566, 3.94141, 12.6045, 17.7388, 34.5766)
(7.13205, 0.243639, 0.214357, 0.267006, 7.22356, 35.0287, 14.1492, 7.14734, 21.0194, 7.25672, 0.318044, 0.482058, 7.25978, 14.0551, 7.09183, 7.20443, 34.8649, 7.23434, 7.08536, 0.291415, 0.23612, 14.1947, 7.15802, 7.15817, 7.12843, 0.289636, 0.16501, 0.0313953, 0.152536, 7.24669, 7.27394, 28.1528, 35.2434)
(7.1401, 11.4678, 8.07762, 6.52856, 5.24231, 13.1712, 15.3112, 12.1504, 4.90191, 6.73813, 9.27075, 8.00983, 16.5869, 8.05123, 5.14347, 9.22175, 10.9761, 5.48792, 9.24574, 4.91762, 7.54166, 14.8179, 4.168, 16.5473, 19.0915, 6.03023, 7.63598, 2.38839, 7.29883, 7.46279, 6.99306, 10.1555, 12.2284)
(15.2566, 11.9101, 6.86708, 5.30713, 5.7592, 7.19328, 6.89598, 3.47495, 10.4273, 15.5386, 11.3696, 11.1238, 10.984, 6.22513, 10.6747, 7.0488, 7.04758, 6.82457, 8.42108, 8.09102, 8.984, 14.5752, 27.7115, 3.53054, 10.5366, 5.22542, 5.18615, 0.249229, 2.74053, 9.17792, 12.6266, 10.4197, 12.5958)
(8.80445, 6.86725, 12.9304, 20.2946, 20.4578, 11.7297, 2.62927, 1.76273, 1.44699, 4.13531, 8.94154, 7.69146, 8.79194, 9.65752, 7.17088, 8.50294, 7.77754, 8.25735, 11.8962, 10.2934, 11.9788, 7.98195, 2.60058, 1.61399, 2.64349, 2.29068, 1.68993, 0.332734, 2.2208, 7.24005, 21.2697, 24.6994, 33.3987)
(7.62022, 8.95383, 14.2669, 15.8276, 18.2444, 14.4733, 4.75371, 2.51988, 3.11472, 3.33331, 6.89203, 9.96152, 7.59416, 9.38005, 9.14726, 8.49427, 5.95052, 8.53633, 10.144, 8.89075, 10.0051, 11.8961, 2.60099, 2.48868, 4.72993, 3.9717, 2.65229, 0.593886, 2.84664, 9.77717, 15.7031, 19.085, 35.5506)
(8.10236, 6.53811, 12.2498, 17.8203, 26.935, 17.9539, 2.52076, 0.446385, 0.48485, 2.37954, 4.56898, 4.75094, 12.0408, 15.4988, 9.93678, 4.5369, 6.39645, 11.7151, 11.8666, 2.78282, 10.1357, 10.3392, 0.520972, 2.35675, 4.33741, 4.09642, 4.05258, 0.114812, 0.369501, 8.12855, 14.2192, 27.4838, 34.3199)
(6.73233, 3.6797, 0.653239, 3.82939, 7.01096, 10.6523, 12.9527, 9.65545, 12.9446, 18.9781, 12.9113, 25.3888, 7.05897, 3.8206, 3.58393, 9.84471, 4.06714, 15.8996, 0.565086, 12.8533, 3.78275, 13.135, 15.8036, 6.71018, 0.583797, 18.7627, 6.40275, 0.0726558, 6.36712, 15.9532, 10.1859, 10.7589, 8.39924)
(6.23681, 6.11204, 9.56159, 15.1021, 18.0494, 14.5237, 7.58314, 4.70295, 2.61984, 5.99074, 9.51766, 13.4707, 6.54486, 7.41431, 8.07927, 10.3829, 7.57632, 9.90639, 7.3209, 10.3479, 8.52998, 10.4265, 7.81771, 5.31867, 6.27242, 5.45137, 3.17139, 0.209485, 2.35833, 6.32672, 12.6523, 19.7074, 30.7142)
(7.23927, 6.41024, 9.78014, 15.8913, 15.4057, 15.0276, 6.90261, 7.23511, 3.54072, 4.93247, 7.63475, 13.0477, 8.77384, 6.47843, 8.61916, 8.08215, 6.47692, 6.82475, 7.95473, 11.8034, 10.0846, 11.8543, 5.09707, 3.81262, 5.12043, 4.30312, 4.33601, 1.16832, 3.15311, 5.23851, 16.6641, 21.0261, 30.0805)
(14.6884, 7.57728, 14.8939, 2.1258, 9.8793, 3.7187, 22.1645, 14.8945, 7.61464, 1.41947, 1.02353, 22.8258, 1.86071, 1.44818, 7.7124, 8.69954, 14.8124, 8.20216, 1.55375, 2.0423, 28.977, 1.86571, 41.2265, 1.20977, 14.6703, 7.47594, 0.421923, 6.84617, 0.681037, 1.01826, 9.09579, 11.7545, 5.59982)
(8.55371, 8.86857, 9.51558, 12.4408, 17.0464, 14.9853, 6.20044, 3.33661, 2.67959, 5.15215, 11.2209, 9.1901, 9.00136, 6.90356, 8.90494, 7.23521, 10.8717, 9.27313, 10.2553, 9.30931, 9.69875, 9.3567, 3.82112, 4.28665, 4.394, 4.44812, 2.48421, 0.872391, 4.03833, 8.84909, 14.4497, 22.5384, 29.8179)
(7.90728, 7.64841, 8.95003, 15.3427, 20.1675, 13.2455, 4.78553, 2.16094, 2.29868, 4.90835, 12.5851, 8.50692, 10.0221, 10.5138, 9.14934, 9.7083, 9.92372, 9.31801, 5.67459, 7.96077, 7.82163, 11.4008, 3.4188, 3.41379, 4.1529, 2.06443, 2.08309, 0.499158, 2.53168, 11.1549, 19.8002, 23.7555, 27.1256)
(3.68874, 5.7923, 15.8517, 17.8114, 11.5589, 20.2849, 1.83543, 2.89353, 6.44872, 6.59819, 7.23612, 11.2375, 9.49174, 3.98854, 8.37805, 8.73267, 12.1714, 8.5248, 3.77312, 10.3162, 15.7407, 7.64535, 1.24617, 1.54547, 8.15523, 1.25497, 0.927491, 0.268896, 2.49597, 7.07732, 13.3746, 21.4348, 42.2191)
(9.15913, 7.15564, 13.5017, 13.2784, 16.6382, 15.283, 7.16906, 3.20411, 3.66631, 4.16185, 6.78261, 9.76537, 8.87037, 9.58051, 8.01887, 9.63005, 6.03132, 5.75162, 9.31756, 8.50744, 9.3845, 15.1424, 4.51882, 4.70613, 5.81805, 3.37425, 4.53142, 1.26793, 3.97364, 8.36728, 14.572, 18.1517, 30.7188)
(4.41272, 5.34438, 11.4672, 17.6218, 21.2011, 17.5976, 5.9472, 4.75575, 2.87069, 3.67152, 5.10996, 9.19235, 8.6847, 9.54497, 8.54772, 8.60032, 8.91364, 8.78159, 8.72585, 8.92286, 9.35329, 10.7327, 5.46967, 3.52104, 4.36567, 4.3576, 1.49522, 1.17042, 4.30671, 10.1774, 14.7166, 21.905, 28.5146)
(4.35508, 3.97627, 11.2835, 17.3138, 24.7612, 21.4191, 5.03245, 4.17035, 2.55582, 2.83198, 2.30039, 7.75814, 8.0426, 8.94636, 9.33664, 8.96549, 7.18876, 7.50243, 9.43157, 10.4431, 13.1002, 9.28474, 4.67623, 5.00277, 4.25718, 2.62277, 1.39764, 0.873937, 3.04185, 9.14805, 13.025, 24.6345, 31.3201)
(7.24487, 7.73089, 10.692, 16.8543, 17.9198, 15.3684, 5.54753, 1.74842, 1.61753, 3.79205, 11.4843, 9.32755, 9.76186, 10.3063, 9.45543, 8.18726, 8.6662, 8.11987, 7.81394, 7.51602, 7.81086, 13.0347, 2.06325, 2.93, 3.315, 2.20422, 1.83461, 1.38596, 4.83491, 10.7395, 20.3026, 21.2539, 29.136)
(3.47027, 5.16803, 7.26296, 11.8639, 18.9706, 25.8339, 12.8309, 4.91817, 4.56809, 2.78755, 2.3256, 4.23875, 12.1602, 9.78774, 7.9973, 10.1981, 6.28801, 6.11392, 11.0849, 4.07793, 11.0446, 17.0086, 6.56026, 8.87969, 7.68281, 4.87736, 1.82872, 0.398681, 1.54616, 6.84663, 18.6145, 19.7642, 23.001)
(6.61132, 8.93124, 12.76, 13.9175, 13.1368, 14.7081, 5.42794, 4.37703, 3.62702, 6.4923, 10.0107, 11.2127, 11.4907, 11.152, 6.89823, 6.00581, 7.654, 6.98193, 8.42655, 9.18503, 10.3802, 10.6129, 4.87575, 3.98369, 5.37893, 3.8849, 3.51379, 0.801877, 3.26862, 9.04424, 13.3213, 19.017, 32.9099)
(9.15083, 8.50493, 10.5837, 9.92978, 11.8018, 14.8454, 6.79793, 5.02349, 6.52889, 6.87726, 9.95601, 13.5128, 12.7551, 7.99415, 6.72034, 7.65776, 8.85055, 6.33671, 7.85444, 7.45606, 11.4487, 9.41346, 6.57055, 7.36562, 6.3064, 4.85089, 3.73354, 1.45138, 3.28367, 7.18833, 12.9952, 18.3359, 27.9186)
(7.43384, 7.29707, 11.8246, 14.8704, 17.0151, 17.6287, 7.30707, 2.2202, 2.94237, 4.1317, 7.32898, 9.36354, 9.22053, 8.19082, 9.29568, 7.31384, 6.40604, 7.7309, 8.64372, 9.25358, 11.0826, 13.4987, 4.52539, 3.75365, 6.30632, 5.41089, 2.83996, 0.870769, 4.29212, 7.75975, 15.2496, 21.0792, 27.9123)
(8.04723, 8.43128, 11.3759, 13.5367, 13.1197, 13.552, 6.7534, 4.97894, 4.62769, 5.24442, 10.3328, 12.5911, 10.4493, 9.96655, 7.26801, 6.89423, 7.86807, 6.82295, 7.88229, 8.66611, 9.83859, 11.7529, 6.57638, 6.58481, 6.15866, 4.42825, 3.18077, 0.683512, 3.57938, 7.81509, 13.0448, 18.477, 29.4714)
(7.41426, 4.33732, 10.838, 11.9894, 17.0401, 15.7748, 7.69073, 6.99287, 4.20976, 6.47905, 7.23382, 14.0992, 8.52598, 8.52388, 9.39853, 6.85694, 8.09416, 5.46921, 6.03397, 11.0835, 9.67298, 12.2417, 4.7983, 7.42092, 5.46956, 3.34987, 3.39131, 0.377534, 5.43607, 10.3647, 13.2687, 18.5167, 27.6063)
(7.73851, 7.6552, 8.98744, 13.0366, 15.7728, 13.2264, 7.00306, 4.76908, 4.61193, 7.05158, 10.1474, 11.0344, 9.90485, 8.39189, 8.78014, 6.60191, 8.47053, 7.94542, 7.99105, 8.88125, 11.0018, 10.9967, 7.94559, 6.61298, 5.57523, 4.10094, 2.22728, 0.444381, 3.09096, 7.47783, 13.845, 20.8189, 27.8609)
(7.01879, 7.6973, 8.16514, 16.4839, 16.777, 14.8327, 6.56604, 3.25467, 2.45294, 5.09787, 11.6536, 11.2302, 8.59428, 10.8979, 10.7933, 7.37912, 9.42777, 7.97041, 7.81281, 7.69426, 9.6355, 8.56448, 4.12949, 4.49195, 3.62013, 4.64692, 2.3268, 0.541478, 3.73571, 7.7011, 18.1076, 21.144, 29.5548)
(7.79996, 7.0589, 8.74085, 13.483, 14.799, 13.1297, 7.22423, 3.8288, 4.52756, 6.75638, 12.6515, 12.0347, 10.5047, 9.81532, 8.90067, 6.70138, 8.51008, 7.74269, 8.54243, 8.43065, 8.6945, 10.1229, 5.9797, 5.20793, 4.92245, 4.4279, 2.36227, 0.992094, 3.50641, 7.27828, 14.7364, 23.6043, 26.9822)
(7.10937, 8.55297, 9.13727, 12.0246, 11.9173, 17.3184, 7.8864, 4.2692, 3.75371, 7.80549, 10.2252, 10.6704, 8.76991, 7.18006, 13.4325, 5.1694, 7.83173, 10.6109, 7.30953, 9.0975, 10.8222, 9.10582, 4.54112, 3.82055, 4.62258, 6.96105, 2.93787, 1.33944, 4.98171, 8.28952, 10.1428, 19.6808, 32.6825)
(4.99179, 5.78128, 8.75958, 18.5169, 21.0869, 14.8436, 6.45026, 2.71233, 3.48754, 4.91926, 8.45047, 10.4647, 9.97085, 10.0937, 9.87674, 9.2939, 9.99199, 10.0501, 7.22126, 5.69383, 7.62488, 9.71807, 3.17078, 3.18302, 4.11384, 2.78012, 2.02096, 0.566651, 2.87621, 9.907, 18.091, 23.6761, 29.6143)
(7.53677, 5.9399, 8.3095, 12.5692, 16.4346, 16.1938, 7.44649, 3.63549, 3.10579, 6.96787, 11.8606, 11.7223, 10.2752, 9.82232, 8.21499, 7.251, 7.94313, 6.75916, 6.90863, 7.31567, 10.4557, 13.3319, 4.50805, 4.51858, 5.21361, 3.50965, 3.10006, 0.900813, 3.54687, 9.26014, 16.3802, 23.3766, 25.6854)
(8.53973, 7.36567, 9.25946, 13.2481, 15.0376, 14.3098, 8.30402, 4.04222, 4.29694, 6.15289, 9.44352, 8.97217, 10.5992, 8.83049, 8.90246, 7.98343, 6.97869, 8.74692, 8.39367, 8.04501, 11.6957, 10.8522, 6.70535, 5.9956, 6.3192, 4.09142, 2.41855, 1.06986, 3.61373, 8.79699, 13.8929, 21.6504, 25.446)
(7.32095, 7.48444, 6.18435, 10.8314, 21.9816, 25.0063, 14.312, 2.81195, 0.685678, 0.483687, 2.89759, 5.63418, 9.99679, 10.1228, 14.0482, 12.2364, 11.8039, 1.22636, 4.02176, 3.53394, 16.6668, 10.7088, 2.85425, 7.3341, 7.3332, 9.38257, 2.67334, 0.144783, 0.591812, 5.50595, 13.3186, 22.3704, 28.491)
(2.08116, 13.8021, 8.84307, 15.5627, 17.2861, 14.0759, 3.64059, 1.90906, 5.29555, 10.3362, 7.16763, 17.3871, 7.19911, 8.70259, 5.33229, 10.3958, 8.68598, 3.66091, 8.75974, 7.08412, 13.9316, 8.86075, 0.242868, 0.27603, 0.297532, 6.90184, 1.82537, 1.72094, 3.50926, 5.37355, 18.9909, 29.3645, 31.4973)
(5.43618, 9.05188, 10.3509, 13.7483, 16.7347, 13.2553, 3.79008, 4.2997, 4.63375, 4.94857, 13.7506, 14.8301, 10.0945, 9.4362, 7.01293, 7.50091, 3.42147, 3.25567, 11.3588, 10.4764, 11.419, 11.1939, 1.5821, 1.57729, 1.70251, 3.40326, 2.88934, 1.2933, 3.95491, 10.2292, 15.9849, 22.1116, 35.2717)
(5.25896, 5.47122, 10.3038, 12.9284, 15.7252, 20.5167, 12.2193, 11.3902, 0.501947, 4.81193, 0.872336, 5.69492, 12.1642, 10.0753, 7.68611, 8.02029, 7.75938, 9.9382, 7.77189, 9.88672, 8.07526, 12.9277, 2.87915, 13.7946, 11.8689, 5.16617, 4.76657, 2.3178, 0.541018, 3.45908, 8.52582, 9.53733, 37.1436)
(6.15724, 5.82304, 0.684049, 11.7987, 38.5452, 12.1326, 11.487, 11.2026, 0.572219, 0.658831, 0.938657, 6.51003, 6.43129, 6.17924, 21.8766, 11.2855, 6.08759, 5.89134, 11.3522, 11.5734, 6.40544, 6.40736, 16.9131, 6.12484, 5.91478, 5.68568, 0.321154, 0.0855598, 0.335447, 11.2577, 6.71462, 6.96156, 39.6856)
(7.53018, 5.52969, 5.91211, 12.1004, 14.2514, 18.1631, 9.99699, 5.81781, 5.05164, 6.25252, 9.39418, 13.8231, 12.5667, 8.19139, 4.95087, 6.31848, 7.49066, 6.66141, 6.26059, 11.0366, 11.4865, 11.2137, 9.99888, 8.54472, 6.57531, 3.25882, 2.10214, 0.504215, 3.87507, 7.94015, 14.7914, 16.2593, 26.15)
(6.29489, 7.7039, 8.51975, 13.642, 11.3184, 19.318, 6.15181, 4.79345, 6.18973, 8.30666, 7.76142, 13.2177, 10.49, 9.50305, 8.16282, 6.08895, 9.59857, 6.25268, 7.19332, 8.65935, 11.4441, 9.38936, 6.74024, 7.81075, 7.15992, 6.05086, 3.46957, 0.576055, 2.47368, 10.4879, 13.8192, 16.9406, 24.4712)
(7.51784, 9.0274, 12.08, 12.6149, 12.7973, 13.8441, 6.31487, 3.58742, 4.88022, 6.99218, 10.3437, 13.0236, 9.35301, 8.77617, 7.57826, 7.1662, 7.15799, 6.55468, 5.50921, 9.74212, 10.0546, 15.0842, 9.82943, 6.55327, 6.57757, 3.48747, 2.49435, 1.14498, 3.88211, 5.76776, 12.6346, 17.3466, 30.2819)
(6.42844, 7.58766, 10.4346, 14.5476, 17.0079, 16.9083, 8.2025, 4.96971, 3.1483, 3.68457, 7.08034, 11.4182, 8.39373, 8.36955, 7.64504, 9.55647, 8.83155, 8.45658, 6.25164, 7.48875, 10.2925, 13.296, 5.62357, 5.7806, 6.82752, 5.19431, 2.80615, 0.664007, 3.71705, 7.80028, 11.8141, 18.5612, 31.2111)
(6.83674, 7.76452, 8.20929, 7.00459, 13.0927, 17.7431, 7.71148, 3.41133, 8.34011, 8.71011, 11.1761, 13.1966, 13.4691, 9.12201, 8.79546, 4.58121, 7.87409, 3.69849, 5.69032, 8.23726, 8.6401, 16.6954, 4.98332, 6.86234, 10.5415, 5.28271, 3.79394, 1.14389, 4.81445, 6.06153, 17.1528, 18.1953, 21.1682)
(8.12195, 7.36476, 11.4943, 11.2839, 13.0196, 15.2255, 6.8357, 5.22744, 3.7676, 6.75641, 10.9029, 12.6547, 10.6175, 7.59396, 8.49887, 8.48785, 7.50065, 7.44855, 6.52415, 8.39301, 9.78803, 12.4928, 6.05115, 6.20689, 7.45771, 5.85748, 3.08138, 0.941752, 3.93298, 6.6456, 11.9391, 18.8193, 29.0667)
(5.49572, 4.11541, 4.98432, 16.3537, 22.2207, 17.6544, 6.43135, 4.97657, 4.6578, 6.17588, 6.93415, 13.3075, 11.1548, 6.74297, 4.55328, 6.00643, 5.31629, 10.8771, 7.07706, 10.9733, 12.099, 11.8922, 7.20532, 7.38287, 3.15697, 2.53371, 2.05425, 0.213352, 5.2722, 8.57729, 18.083, 21.4034, 24.1177)
(8.17797, 7.12539, 8.96379, 12.0467, 15.2493, 14.2392, 6.89248, 7.12364, 4.41262, 6.61345, 9.1555, 14.4801, 9.7494, 9.44255, 8.49088, 6.00948, 7.97361, 6.93772, 6.82948, 8.65379, 9.23536, 12.1976, 5.82956, 6.56403, 6.80829, 5.48917, 2.966, 0.883815, 3.66028, 8.52414, 13.8834, 17.1537, 28.2376)
(8.574, 4.85229, 9.63947, 14.4295, 14.3798, 16.087, 7.30629, 5.76629, 5.97479, 4.80753, 8.18305, 8.35514, 8.53351, 8.25266, 11.1368, 7.08731, 8.27789, 6.25428, 6.76275, 12.2317, 9.71903, 13.3889, 7.31515, 9.49239, 5.91511, 4.1236, 2.42046, 0.529652, 3.37031, 3.51461, 18.6184, 21.589, 23.1113)
(0.307433, 9.75148, 0.446231, 0.618855, 0.977371, 10.3667, 9.80108, 9.8242, 9.80984, 9.74622, 38.3506, 29.106, 0.439144, 28.9693, 0.347811, 0.419143, 9.94371, 0.256209, 9.86411, 0.433582, 10.0219, 10.199, 19.3816, 19.2372, 0.331461, 19.2913, 9.58563, 9.53652, 9.66531, 0.232092, 0.702745, 10.6072, 1.42897)
(1.03844, 4.60538, 1.63149, 11.8775, 30.3525, 23.54, 4.39727, 8.19127, 7.39421, 5.49554, 1.47638, 14.4002, 4.64507, 15.1641, 4.64756, 11.0302, 14.8641, 2.55853, 6.09939, 2.82385, 8.39853, 15.3685, 6.38916, 1.04531, 7.42493, 9.59967, 0.333548, 0.266264, 2.29413, 0.902474, 10.174, 25.1257, 36.4448)
(4.70853, 3.4023, 4.86794, 9.1267, 20.1271, 25.2449, 6.09319, 9.84208, 8.50182, 4.6026, 3.48287, 17.0417, 6.4085, 8.84087, 3.43859, 7.38296, 10.137, 7.27182, 10.013, 11.4806, 7.56462, 10.4203, 20.8109, 11.363, 1.92865, 1.78574, 1.582, 0.0419391, 5.63196, 0.758307, 6.65615, 20.4685, 28.9728)
(7.02795, 9.15105, 10.408, 12.7952, 15.4413, 16.3957, 6.44305, 6.03551, 4.17591, 4.57786, 7.54844, 11.38, 9.7399, 9.2918, 10.612, 7.69079, 7.20027, 7.14933, 7.59677, 7.65052, 9.75446, 11.9342, 8.8751, 7.92796, 6.08726, 5.37172, 2.32845, 1.1362, 3.50701, 7.05492, 10.1199, 19.3185, 28.273)
(7.95702, 7.00983, 7.91303, 12.2331, 18.9054, 13.0951, 6.70256, 5.35325, 6.26162, 6.28369, 8.28543, 10.7434, 11.6575, 9.99296, 7.13647, 7.69217, 9.7422, 6.02554, 7.74702, 8.97359, 9.50629, 10.7829, 9.60011, 6.91586, 6.16814, 4.03967, 2.30811, 0.335446, 3.35275, 7.5227, 15.2984, 18.7125, 25.7463)
(9.27844, 8.04791, 8.70169, 11.4878, 14.622, 12.0631, 6.84957, 4.76041, 6.38943, 7.79667, 10.0029, 11.506, 10.2586, 7.8384, 8.25082, 6.81836, 7.42526, 7.24412, 7.79635, 9.61006, 11.3145, 11.9376, 9.751, 8.55807, 6.50566, 5.01381, 1.99157, 0.610544, 3.11848, 6.7184, 11.8517, 20.1319, 25.7489)
(3.06665, 4.41713, 8.91399, 14.7188, 24.4493, 22.9568, 3.76196, 2.8522, 2.34542, 7.58495, 4.93284, 6.2552, 9.23458, 6.94436, 11.9228, 9.50341, 9.51572, 10.6792, 10.6447, 8.25049, 8.09086, 8.95875, 4.02717, 4.22746, 2.67701, 4.3855, 1.77938, 1.15996, 7.42799, 15.3272, 16.0612, 17.7288, 25.1984)
(7.07617, 8.72212, 11.8236, 15.4592, 14.3729, 10.3948, 6.21348, 5.67778, 3.19223, 8.59872, 8.469, 10.2153, 9.10554, 8.11374, 7.99408, 9.46031, 9.21335, 8.7045, 9.00088, 10.5856, 8.74394, 8.86277, 5.13834, 6.10726, 6.1374, 3.23692, 2.8957, 0.250571, 3.51379, 8.06674, 13.9539, 23.5967, 27.1027)
(6.56446, 4.81053, 12.4513, 15.9558, 20.174, 17.4754, 4.70891, 3.68862, 3.5706, 3.99196, 6.60837, 9.72039, 7.74742, 13.3388, 10.3154, 10.8569, 7.07045, 7.84527, 7.41616, 8.85333, 10.8045, 6.03146, 6.19628, 4.01135, 2.90956, 6.45743, 2.35557, 1.29883, 3.49402, 8.62833, 14.3984, 25.2387, 25.0114)
(5.83555, 6.02016, 10.8185, 21.5401, 20.7275, 13.4205, 4.60715, 2.87483, 3.41691, 4.83041, 5.90849, 7.74436, 7.27908, 9.41213, 7.7254, 9.05667, 9.87052, 10.0207, 11.2341, 10.4969, 8.77018, 8.38988, 4.469, 3.69713, 3.61489, 2.48794, 1.25363, 0.642847, 3.96825, 10.6672, 17.9465, 23.2392, 28.0134)
(8.03442, 6.75977, 9.92521, 13.5797, 16.9102, 20.6902, 3.99293, 3.9181, 4.93535, 4.57407, 6.67998, 10.1907, 8.57221, 7.98678, 8.4197, 8.66324, 7.63219, 5.27104, 10.0257, 10.7028, 9.81179, 12.7238, 1.91923, 5.17412, 4.7733, 4.46767, 2.73897, 0.437404, 3.22456, 8.12387, 13.1735, 19.2138, 36.7535)
(8.24535, 7.56611, 12.2506, 14.8647, 15.8407, 15.0174, 6.03788, 4.94575, 3.84181, 4.29549, 7.09412, 10.4996, 10.5475, 8.39489, 7.05057, 10.2667, 8.45029, 7.59066, 9.08647, 6.28736, 13.2697, 8.55634, 5.94289, 6.45728, 3.67883, 2.94468, 1.90262, 0.417601, 2.43197, 6.44191, 17.0392, 20.3055, 32.4375)
(9.18492, 8.3882, 7.98742, 8.97342, 9.49801, 18.4699, 7.85172, 5.47098, 6.63424, 7.31341, 10.2278, 17.7741, 8.60805, 5.041, 7.04157, 7.41102, 6.25965, 6.08921, 8.32795, 8.57724, 13.6609, 11.2093, 4.21897, 7.7634, 7.23592, 6.31279, 3.60606, 1.3033, 4.24336, 6.68929, 9.78869, 22.2969, 26.5413)
(7.38449, 15.2916, 16.8511, 10.1875, 13.2825, 13.4813, 5.19222, 3.77741, 1.89136, 4.00011, 8.66042, 11.8681, 10.856, 5.63261, 6.26779, 9.24231, 10.0872, 6.17407, 7.53874, 9.44017, 9.96706, 12.9259, 3.16051, 5.95942, 3.94163, 2.81444, 2.42539, 0.144461, 4.53525, 10.2492, 11.2315, 20.3428, 35.1954)
(6.03221, 10.1897, 13.2385, 12.0307, 19.0629, 13.8912, 17.0318, 0.354104, 0.360273, 1.74493, 6.06363, 7.68416, 7.59933, 6.28342, 12.9175, 6.20282, 8.79868, 10.1587, 13.0438, 14.3792, 7.71696, 5.21552, 0.393677, 1.82582, 7.33611, 12.6916, 1.6076, 0.0820747, 4.39281, 6.1624, 14.7739, 15.3756, 35.3584)
(9.04233, 8.3846, 11.7029, 13.392, 11.1233, 9.6407, 6.10058, 4.65248, 4.66566, 5.84739, 15.448, 10.6387, 14.1783, 10.0449, 6.14247, 6.23193, 6.18521, 4.33322, 11.635, 5.69029, 14.0934, 10.8266, 11.3064, 6.80969, 4.89057, 4.59331, 0.671573, 0.183002, 5.18376, 6.28633, 9.17894, 21.4179, 29.4786)
(7.16321, 8.6378, 12.4518, 12.6561, 13.65, 14.5179, 8.04731, 4.65809, 3.79198, 5.51343, 8.9123, 10.2262, 10.2441, 9.76623, 7.54929, 8.52102, 7.4722, 7.24679, 7.98096, 8.36605, 10.4959, 12.1313, 6.338, 6.00166, 5.2576, 4.89897, 2.4009, 0.757913, 3.15454, 7.42929, 12.3136, 18.9935, 32.454)
(7.11281, 8.01154, 9.99871, 12.1901, 17.0651, 18.792, 8.78165, 3.45853, 3.787, 3.29383, 7.50874, 7.93236, 9.57966, 10.3682, 5.86529, 10.1025, 7.3838, 9.52579, 7.44258, 7.69247, 9.44311, 14.6642, 3.8518, 4.55627, 8.39608, 4.65103, 3.28191, 1.74701, 3.35293, 11.4288, 10.5633, 19.8693, 28.3015)
(10.0455, 8.65628, 10.3251, 11.1473, 13.0951, 12.7903, 7.09701, 5.64158, 6.24237, 6.7639, 8.19549, 11.9569, 13.3112, 7.76794, 7.37657, 6.14025, 8.31805, 6.55652, 7.36567, 8.8261, 10.9537, 11.4272, 9.81908, 7.79285, 6.40369, 4.0839, 2.6901, 0.371849, 2.25558, 7.77137, 12.4038, 18.8695, 27.5383)
(9.40098, 11.2901, 11.7955, 6.42011, 14.6041, 15.6343, 8.08271, 4.54997, 4.81118, 7.40633, 6.00473, 13.9905, 9.63013, 7.69307, 6.47037, 4.55967, 7.38983, 6.26255, 5.26184, 9.15093, 14.6465, 14.9446, 13.5342, 4.86707, 6.55766, 6.62797, 2.14142, 0.424348, 2.62797, 8.67053, 10.3572, 17.0888, 27.1029)
(8.64658, 6.4947, 6.69263, 11.0071, 10.6137, 14.3133, 8.32715, 5.97805, 8.99885, 8.62222, 10.3058, 12.9343, 11.2556, 7.97697, 5.99416, 6.48726, 7.17146, 7.76368, 6.85357, 8.95211, 12.0382, 12.5727, 9.91629, 7.90085, 7.08233, 6.75683, 3.9395, 0.47348, 3.01033, 6.03362, 12.4392, 18.1892, 24.2583)
(7.64302, 8.01997, 7.58553, 8.93162, 11.9984, 12.2865, 8.5594, 5.42165, 8.7182, 8.85311, 11.9826, 13.8788, 9.9396, 9.91214, 7.584, 5.54703, 7.37639, 6.18244, 7.16199, 7.53824, 10.733, 14.1465, 8.87026, 8.48592, 7.16759, 5.67406, 3.73496, 0.803505, 3.35603, 6.60484, 12.9638, 17.5572, 24.7819)
(8.53778, 8.42508, 8.77834, 11.4667, 12.5969, 13.9839, 8.01424, 5.90916, 5.13792, 6.31241, 10.8375, 14.4378, 10.3589, 8.79355, 9.2802, 6.51682, 7.39763, 6.37235, 6.33191, 7.53366, 9.85688, 13.1203, 8.11653, 9.18321, 7.24905, 7.17253, 3.80632, 0.622596, 3.77541, 6.73683, 12.6148, 15.2369, 25.4858)
(8.20528, 4.45343, 10.8875, 8.63829, 9.57994, 15.0998, 11.2673, 7.68525, 3.60857, 7.06677, 13.5079, 16.8811, 8.676, 6.45835, 6.52566, 6.29711, 7.61423, 6.78727, 6.17342, 11.7073, 10.614, 12.2656, 5.77089, 3.07051, 12.5307, 6.32189, 5.58385, 0.969174, 4.26181, 7.07717, 10.0081, 22.9738, 21.4321)
(6.69561, 6.51043, 11.7846, 9.79046, 14.7166, 15.1634, 6.98097, 8.46453, 3.43714, 5.49929, 10.9569, 15.162, 12.2118, 8.10141, 7.35867, 7.75724, 5.86421, 7.69782, 5.53369, 8.17909, 11.0222, 11.112, 8.90868, 7.33167, 6.19205, 5.24126, 2.44467, 1.20511, 6.16497, 6.25349, 12.8771, 19.7873, 23.5937)
(9.30709, 10.0394, 11.7997, 9.6203, 10.5138, 14.2611, 8.31473, 5.60132, 5.7409, 5.32483, 9.47674, 10.2628, 11.8979, 8.58139, 8.11069, 7.72376, 7.77131, 8.53169, 7.39977, 8.55216, 8.3572, 12.8113, 9.94047, 8.17439, 5.84171, 5.57539, 3.20114, 0.710459, 3.91254, 7.33718, 10.6311, 17.0547, 27.6209)
(8.95175, 7.73817, 8.97857, 11.3019, 13.4521, 12.6068, 7.13023, 5.70695, 4.8726, 7.16227, 12.0986, 12.3955, 10.1932, 9.88147, 7.48215, 6.93683, 7.22348, 7.54752, 8.47176, 8.49654, 9.88779, 11.4838, 9.41762, 7.38187, 5.61763, 4.36883, 2.39062, 0.711729, 3.09304, 7.01641, 12.5131, 18.8347, 28.6545)
(5.80577, 5.72399, 10.0568, 13.7616, 19.6654, 18.0129, 6.02906, 3.53996, 4.81315, 5.74101, 6.85029, 8.30795, 9.27189, 9.79168, 9.402, 8.63541, 8.19645, 8.64978, 8.33121, 8.07958, 9.61173, 11.7223, 6.74977, 5.83622, 5.19947, 4.01377, 3.13296, 1.48276, 4.94506, 11.7545, 14.1329, 19.5283, 23.2243)
(3.63452, 4.87837, 8.7882, 16.0181, 19.141, 22.0676, 5.4128, 3.53014, 4.55731, 5.5327, 6.43916, 8.63441, 7.77836, 8.6099, 8.9645, 8.7028, 9.98114, 11.0038, 11.4773, 6.12866, 9.05251, 9.66658, 4.88149, 4.65324, 4.92544, 2.7857, 2.65536, 0.72324, 6.16448, 13.3432, 14.5023, 20.4929, 24.8727)
(9.6939, 7.55727, 7.84639, 10.4923, 12.2747, 13.0748, 7.58363, 6.27475, 6.10818, 7.05393, 12.0402, 11.727, 10.5094, 9.78948, 7.80863, 6.90713, 6.50313, 7.09962, 7.77183, 9.09814, 10.4591, 12.3266, 9.45926, 7.95889, 5.36432, 3.91069, 2.28867, 0.770549, 2.97161, 7.42635, 12.5293, 19.0723, 28.248)
(9.97098, 7.62341, 8.46852, 10.2634, 12.0797, 12.5792, 7.73002, 5.39598, 6.0093, 7.39297, 12.4865, 9.96481, 9.86801, 10.0213, 8.30956, 7.29433, 7.89686, 8.19369, 9.36763, 8.74016, 9.63128, 10.7124, 9.69825, 8.88122, 5.28329, 3.87192, 2.14568, 0.509124, 3.21306, 6.90104, 12.797, 19.6257, 27.0737)
(6.571, 6.38036, 12.5022, 14.7978, 16.5178, 14.3113, 6.11266, 3.76406, 3.82397, 5.80929, 9.40952, 9.55396, 9.06818, 9.27432, 8.16178, 8.21601, 8.22162, 8.40018, 9.36649, 8.94915, 10.151, 10.6373, 5.13116, 5.0041, 3.97115, 3.22625, 2.22699, 0.6245, 3.12491, 9.03754, 16.9515, 23.5448, 27.157)
(4.6842, 5.08536, 9.28496, 9.85249, 10.6897, 40.2258, 5.91278, 8.26622, 4.46808, 0.601136, 0.929325, 8.95974, 1.96468, 19.82, 2.06247, 9.10935, 8.66612, 5.096, 16.2423, 5.26117, 13.0971, 9.72109, 4.53353, 8.65871, 5.20552, 1.62051, 0.8016, 0.158272, 0.757207, 8.36018, 10.231, 32.4586, 27.2149)
(12.5687, 5.95039, 6.50113, 14.9577, 8.50475, 10.6319, 9.30215, 7.46325, 4.05654, 7.30751, 12.756, 14.9861, 6.08835, 11.2151, 2.80192, 7.74358, 7.57209, 5.86896, 9.48205, 2.86031, 9.70802, 21.6735, 2.27625, 4.13858, 4.10804, 10.7003, 0.366102, 0.116455, 5.46993, 7.6905, 13.4053, 24.3568, 27.3717)
(5.20271, 5.48654, 11.4737, 11.0873, 11.7203, 24.4634, 8.69096, 10.2883, 4.35379, 2.11079, 5.1222, 10.6191, 4.87682, 11.8253, 10.3471, 7.16936, 7.92552, 7.09087, 9.07628, 6.29284, 10.9645, 13.8123, 5.80706, 9.50678, 7.54948, 6.80624, 3.34205, 2.08502, 4.14957, 6.03712, 11.3516, 17.6718, 25.6933)
(9.32266, 9.21726, 12.4704, 11.9023, 11.079, 18.4368, 5.85859, 4.20702, 4.54868, 5.41315, 7.54421, 12.1593, 8.85035, 6.51571, 8.87896, 9.83479, 6.46074, 6.71781, 7.41804, 5.9317, 17.0303, 10.2023, 4.04999, 6.79818, 4.84948, 4.30734, 1.58884, 0.80303, 3.9938, 8.55516, 15.308, 17.137, 32.6092)
(9.90963, 7.64693, 11.8778, 10.8193, 12.8974, 15.8006, 6.73064, 5.67307, 3.73366, 6.41756, 8.49339, 12.4694, 8.51422, 6.19771, 8.79137, 10.5508, 5.67074, 8.08717, 6.90403, 6.2912, 15.0044, 11.519, 3.47672, 5.35383, 4.82791, 4.21022, 2.26292, 0.534538, 2.9363, 8.93145, 16.3241, 15.7662, 35.3759)
(10.7079, 7.78681, 9.59268, 9.57131, 11.6956, 12.8581, 8.97283, 5.10787, 6.49742, 7.14675, 10.0627, 10.6699, 11.9338, 6.27321, 5.96734, 9.71577, 6.64034, 7.71194, 6.90917, 8.57343, 13.0924, 12.5127, 9.47954, 8.58698, 7.20151, 4.88614, 3.84144, 1.0736, 2.87502, 7.26065, 12.7526, 18.9948, 23.0478)
(8.28002, 7.028, 12.6652, 14.7594, 11.0838, 13.5033, 7.88068, 6.39073, 4.64332, 4.68276, 9.08271, 10.1678, 14.5943, 8.39937, 5.0814, 8.74687, 7.97818, 7.71556, 6.9355, 8.04917, 12.2671, 10.0647, 7.30226, 6.93146, 5.91739, 4.46126, 3.94663, 0.954121, 4.60761, 7.67584, 11.4948, 15.7674, 30.9413)
(8.12909, 8.84021, 10.7616, 11.8307, 12.5576, 14.2024, 7.38456, 4.78348, 5.06713, 6.78185, 9.66147, 12.0096, 10.7909, 8.63678, 8.25156, 7.56868, 7.12547, 7.3814, 7.00121, 8.4345, 10.6559, 12.1439, 7.17905, 6.46623, 6.23564, 4.93525, 3.00419, 0.567242, 3.24794, 8.01228, 12.6501, 18.1481, 29.554)
(7.17212, 12.8298, 7.32055, 9.40318, 14.6423, 17.8051, 7.33843, 2.98235, 4.5292, 4.31477, 11.6623, 14.0788, 7.93942, 7.5581, 6.45807, 7.32451, 7.9062, 9.6004, 10.1444, 4.03634, 8.81764, 16.1362, 2.74449, 4.25502, 3.77246, 4.7942, 4.16097, 0.243441, 3.55023, 9.78979, 15.0495, 21.8213, 29.8187)
(10.9532, 7.33882, 7.11571, 11.1518, 13.0319, 17.4504, 8.32973, 5.39643, 3.29659, 6.59134, 9.34414, 11.746, 11.2536, 8.98816, 10.5622, 8.26672, 6.25296, 5.60862, 6.37428, 5.49351, 10.842, 14.6119, 4.57117, 7.00243, 9.24132, 6.35507, 3.70217, 0.983361, 3.44156, 8.71854, 14.0541, 17.6486, 24.2817)
(10.9754, 9.78817, 10.8891, 10.6856, 6.40923, 12.5928, 7.70941, 4.95586, 7.29289, 7.63027, 11.0712, 15.2031, 8.04967, 12.4193, 7.07, 5.08245, 5.93804, 6.26347, 8.01897, 6.99898, 12.9489, 12.0071, 14.8282, 7.9581, 6.96031, 3.97345, 4.46124, 0.264157, 4.43538, 8.66104, 10.5448, 14.2617, 23.6516)
(6.81114, 12.2684, 11.0511, 9.10131, 10.9186, 17.787, 6.63953, 2.89374, 4.32672, 7.07715, 11.1252, 11.144, 11.1505, 9.19119, 12.3867, 4.08364, 8.89375, 5.65402, 7.93408, 6.57773, 7.94562, 15.0388, 6.38214, 8.93411, 3.28515, 5.37402, 5.61033, 0.167413, 9.68657, 7.34987, 10.8837, 11.2706, 31.0561)
(2.27613, 9.50906, 8.45524, 9.75378, 14.8566, 16.3565, 9.516, 9.32175, 4.35282, 4.57283, 11.0293, 17.458, 6.11992, 10.8959, 10.7405, 4.44843, 9.38955, 4.48573, 6.98009, 10.832, 6.10145, 12.5485, 8.4501, 10.8011, 9.4775, 4.37598, 2.85234, 0.0817096, 4.14892, 5.80815, 11.2729, 12.9614, 29.7699)
(6.95044, 8.5755, 10.8448, 8.67442, 12.2077, 13.8502, 10.3398, 6.19622, 6.56565, 5.71481, 10.0805, 14.0782, 9.51636, 9.35709, 8.44625, 5.13269, 7.7491, 7.08571, 7.90781, 7.96969, 8.35099, 14.4061, 7.36782, 8.87189, 7.98626, 6.4808, 3.10795, 0.851749, 4.65221, 8.50501, 10.5651, 15.5069, 26.1043)
(10.0291, 8.23083, 8.05976, 8.76655, 11.761, 13.9791, 8.70541, 6.85079, 5.76108, 7.34442, 10.512, 14.9834, 10.5704, 8.29418, 7.95612, 6.09978, 5.01384, 8.02479, 8.25888, 7.38054, 10.1379, 13.2801, 11.0605, 10.8674, 6.50952, 5.06898, 3.53934, 0.93331, 5.62838, 6.20969, 13.6808, 12.0996, 24.4025)
(11.0547, 9.39208, 14.5863, 15.0057, 11.0534, 12.232, 3.52923, 2.93438, 2.66116, 8.61087, 8.94014, 12.7591, 8.26948, 8.35253, 7.68903, 7.51201, 4.29165, 4.16879, 9.79835, 14.0048, 11.9767, 11.1776, 7.69182, 7.96166, 5.74619, 4.65473, 5.56638, 0.224179, 4.20985, 6.778, 11.8403, 14.3482, 30.9786)
(6.34662, 7.65885, 10.1322, 17.4495, 11.8892, 11.346, 6.01002, 6.427, 4.50574, 6.65929, 11.5756, 12.4584, 13.8389, 6.88684, 8.39661, 8.993, 8.42869, 3.66483, 8.64632, 6.79226, 8.55048, 13.3437, 2.64427, 6.13066, 7.05695, 5.48309, 1.22748, 1.01051, 2.29843, 5.29564, 17.7976, 24.1855, 26.8699)
(7.91813, 11.1525, 14.358, 14.9553, 16.41, 11.1609, 5.86416, 4.33719, 2.42632, 2.9653, 8.45222, 8.1745, 10.4254, 10.2003, 9.36066, 9.90294, 9.50288, 8.61581, 6.81512, 9.48386, 9.35003, 8.1685, 3.96113, 4.6527, 3.89791, 2.44615, 1.52828, 1.03723, 4.0085, 9.99276, 14.474, 19.2873, 34.714)
(11.7864, 9.30584, 9.31765, 18.5135, 13.6401, 11.8693, 6.77704, 3.89241, 3.47985, 3.86718, 7.55068, 13.9071, 8.77014, 7.59668, 8.91828, 9.53667, 8.71428, 8.60905, 8.40737, 8.10878, 9.88975, 7.54193, 6.72728, 5.11894, 3.235, 3.77853, 2.29657, 0.268675, 2.75665, 11.0193, 13.8375, 22.0826, 28.8789)
(9.107, 9.05954, 10.5416, 10.6523, 13.3686, 14.0491, 7.55129, 5.57428, 4.65308, 5.75432, 9.68901, 12.1312, 10.8451, 8.74888, 8.16378, 7.60057, 7.14621, 7.50411, 7.31385, 7.78974, 9.90972, 12.8469, 9.50783, 8.25058, 5.85568, 5.22308, 2.62934, 0.691218, 3.72866, 8.61878, 11.8713, 18.2754, 25.3482)
(5.07626, 8.20025, 9.06818, 12.4125, 18.2918, 20.7951, 10.5466, 3.84269, 2.3584, 4.82958, 4.57861, 10.6265, 13.5058, 7.79168, 7.94352, 6.61169, 3.73257, 7.93384, 7.17063, 9.47352, 15.4231, 9.78708, 8.15729, 6.76914, 7.75412, 8.38151, 3.2676, 1.09443, 5.11829, 7.43347, 9.91129, 19.5957, 22.5172)
(5.5051, 5.24524, 6.67067, 10.8103, 15.8673, 16.3668, 8.47876, 7.23107, 7.33223, 8.9976, 7.49484, 10.1952, 10.6558, 12.5366, 6.47285, 7.43837, 8.32476, 6.66842, 7.73083, 9.5738, 11.9337, 8.46967, 7.85564, 4.17255, 7.75879, 7.48171, 2.42066, 1.13648, 3.9666, 8.01545, 11.8038, 19.7629, 25.6253)
(8.984, 9.82438, 7.48179, 9.66104, 12.6998, 14.2633, 8.4487, 6.8573, 4.61221, 8.46401, 8.70337, 12.1374, 8.13725, 8.01593, 11.3972, 8.09278, 7.72792, 4.89521, 7.55773, 8.50298, 10.4212, 13.1144, 8.6937, 11.001, 7.80839, 5.30364, 3.63544, 1.00968, 3.12859, 5.50911, 12.2966, 14.82, 26.7938)
(8.75097, 7.73203, 8.53125, 10.6432, 13.1631, 12.818, 7.41301, 5.49873, 7.179, 7.76374, 10.507, 10.5269, 10.1475, 9.3606, 8.07448, 7.58106, 7.85384, 7.85369, 8.74652, 8.91511, 10.4806, 10.4597, 9.1381, 8.47311, 5.5927, 3.82871, 2.10044, 0.630385, 2.8211, 6.77211, 12.0059, 20.3112, 28.3263)
(9.70842, 8.23564, 8.05448, 10.4176, 12.7167, 13.5765, 7.47129, 5.19608, 5.19896, 7.24507, 12.1792, 11.9784, 11.3671, 9.90666, 7.72128, 7.08622, 6.66101, 7.0082, 7.6555, 8.74092, 9.16845, 12.7063, 8.82457, 8.39592, 5.17872, 3.34303, 1.97961, 0.914239, 3.32183, 8.21754, 12.7926, 17.4135, 29.6184)
(3.90497, 4.91608, 6.33219, 18.1409, 26.8403, 16.7198, 2.32202, 4.70334, 2.88002, 8.5876, 4.65275, 4.69024, 8.80689, 10.1001, 11.3954, 11.978, 12.3462, 10.2975, 7.6733, 8.74735, 6.78507, 7.17991, 3.22924, 4.10875, 2.31613, 2.43757, 0.743626, 0.367413, 5.67554, 12.7338, 22.2174, 23.6902, 22.4803)
(3.52187, 1.9336, 6.24731, 18.298, 30.9279, 15.0793, 3.29899, 2.72417, 4.59845, 5.61814, 7.75234, 7.22285, 4.99808, 8.33718, 13.1881, 11.082, 9.45753, 11.9554, 12.4209, 9.19049, 5.85481, 6.29276, 2.71854, 1.62389, 2.71138, 0.960489, 0.53937, 0.245602, 5.95724, 15.3002, 21.9106, 25.2463, 22.7864)
(7.74876, 7.73468, 9.2449, 9.26808, 13.5111, 14.749, 7.6426, 5.79396, 6.05532, 8.75161, 9.50006, 12.536, 11.5096, 7.67647, 8.65011, 7.03588, 5.78005, 7.43736, 6.43709, 8.8312, 10.9941, 13.1121, 10.076, 8.72469, 7.80247, 4.63296, 3.16851, 0.748069, 3.21669, 7.11157, 12.9975, 17.9479, 23.5736)
(7.33483, 7.08472, 10.496, 11.7279, 11.0724, 12.4329, 9.35661, 4.74435, 5.93448, 9.71291, 10.1029, 14.7978, 8.81652, 8.85385, 9.21182, 6.98133, 6.40803, 5.93083, 8.03528, 8.06196, 11.7864, 11.1162, 7.47629, 5.77875, 5.33966, 5.42481, 3.43757, 0.282069, 2.7667, 9.35911, 14.9755, 16.1241, 29.0354)
(7.74029, 10.5455, 11.4865, 11.9022, 10.557, 14.0055, 9.69395, 3.91441, 4.36173, 5.9043, 9.8886, 11.328, 9.32942, 9.44266, 5.79802, 7.21523, 5.60335, 5.92728, 5.71773, 10.0808, 15.6731, 13.8844, 12.4875, 7.02243, 10.4316, 3.79671, 2.93072, 0.236734, 1.52286, 7.27497, 12.1717, 17.4232, 24.7016)
(1.35683, 6.49587, 11.9324, 11.1583, 14.9954, 31.9256, 9.91471, 2.59052, 2.27321, 4.16487, 3.19236, 5.42113, 8.73693, 6.78016, 11.668, 10.1314, 8.23694, 10.0562, 9.71286, 13.0382, 7.03706, 9.18108, 9.32822, 4.36753, 8.06997, 2.74145, 0.552261, 0.16013, 5.69794, 10.0402, 9.21778, 17.2415, 32.583)
(11.4338, 10.3128, 8.47056, 6.34726, 7.23578, 12.857, 7.74227, 5.53721, 4.21098, 12.1821, 13.6702, 11.3538, 9.54056, 10.466, 9.50603, 7.13232, 8.83878, 6.69808, 5.85874, 8.33339, 10.3206, 11.9517, 10.8714, 9.7788, 8.8496, 7.36899, 3.83046, 0.804845, 4.12375, 6.11339, 10.5327, 16.0761, 21.65)
(4.48428, 12.4599, 6.73037, 12.6794, 11.5995, 15.4162, 11.3407, 6.48159, 0.543205, 7.8097, 10.455, 7.06436, 8.08078, 9.11185, 11.299, 8.85917, 8.86042, 1.79903, 7.72551, 11.4411, 8.10241, 17.6564, 10.3684, 4.35218, 6.65326, 6.40246, 5.07198, 1.22582, 3.88074, 8.90335, 16.455, 14.5125, 22.1743)
(9.87609, 8.56945, 9.40466, 8.50283, 9.58035, 12.8256, 8.06499, 7.51502, 5.83951, 8.47095, 11.3505, 12.0439, 10.3806, 9.39907, 8.57605, 7.03168, 7.14134, 7.00129, 7.61515, 8.56075, 9.70763, 12.5426, 9.71291, 9.18727, 9.53924, 7.19562, 3.25791, 0.613614, 3.84629, 6.94615, 11.3331, 15.1506, 23.2172)
(14.2123, 9.33831, 7.96496, 9.89718, 7.75535, 13.7763, 10.9467, 4.01219, 6.70443, 4.27392, 11.1183, 17.6626, 11.3028, 6.04093, 5.57663, 7.58672, 8.24759, 6.79081, 7.18374, 4.72868, 7.81385, 17.0657, 7.15398, 8.8178, 8.25737, 7.01841, 6.66267, 0.961072, 3.01914, 7.65769, 11.4053, 14.7878, 24.2587)
(8.34158, 7.56763, 8.24111, 10.6073, 14.754, 14.1399, 8.30393, 8.61309, 3.77374, 6.09734, 9.56041, 12.6325, 11.398, 8.79778, 9.11339, 6.46407, 6.93058, 7.69458, 7.1509, 10.3906, 8.1931, 11.2345, 9.72133, 7.51894, 7.40233, 6.87429, 2.23116, 0.481597, 5.0839, 8.27642, 13.3337, 15.5967, 23.4796)
(9.36493, 10.2435, 12.8789, 15.1728, 13.7825, 12.4721, 5.9516, 3.90541, 3.16243, 4.31752, 8.74836, 9.9713, 10.433, 7.9575, 9.43141, 9.71585, 7.52254, 7.7441, 7.67196, 8.87307, 9.66974, 11.0096, 4.42536, 3.96649, 5.25492, 5.33139, 2.88081, 0.546879, 3.81489, 8.04733, 11.7301, 20.1675, 33.8344)
(6.40453, 10.1067, 17.5647, 21.3872, 22.487, 6.53971, 1.42591, 1.35499, 1.30876, 5.01554, 6.4049, 4.03578, 14.9446, 6.45826, 10.0802, 7.67135, 16.1653, 11.2311, 2.77065, 5.23362, 12.4986, 8.91054, 0.140539, 2.56485, 1.39433, 1.35623, 0.0926739, 0.0310603, 2.56619, 10.0122, 16.314, 20.3247, 45.2031)
(11.6394, 16.6187, 11.6906, 10.51, 5.69317, 5.76474, 9.15155, 14.0077, 2.7862, 5.35766, 6.78028, 15.5845, 8.06076, 9.21637, 9.1826, 5.3585, 5.35986, 5.36187, 9.10603, 12.8932, 7.9379, 11.9384, 5.47719, 15.3962, 12.8774, 9.03242, 2.65109, 0.0513212, 2.72584, 7.8805, 9.41835, 13.3328, 21.1569)
(11.2263, 9.21411, 10.051, 9.71659, 10.9341, 13.0965, 9.8307, 3.68828, 3.16986, 7.18023, 11.8923, 11.8897, 8.6873, 8.03909, 11.7027, 6.08677, 5.91009, 8.29994, 8.15494, 7.90028, 7.98954, 15.3397, 4.96452, 5.6885, 7.26768, 5.28973, 2.91582, 1.24892, 4.40036, 7.50659, 10.1889, 17.001, 33.528)
(10.7437, 10.6324, 9.7209, 9.8007, 8.46333, 13.7512, 6.16752, 5.58049, 4.65814, 11.6108, 8.8709, 9.78825, 11.0119, 8.44547, 7.05721, 8.09529, 8.14569, 8.19562, 6.73419, 10.2743, 12.011, 10.2412, 7.299, 11.2707, 7.74103, 4.25958, 2.20101, 0.214943, 4.47085, 8.18796, 7.81761, 13.8103, 32.727)
(8.93131, 9.58852, 8.98267, 8.80731, 10.467, 15.7189, 8.71632, 6.96294, 5.34276, 5.74329, 10.7389, 11.4065, 10.6603, 10.6121, 9.61815, 8.05311, 6.91317, 7.24447, 5.87191, 6.55851, 9.60843, 13.4534, 8.49894, 8.15012, 7.26602, 5.87193, 3.58002, 0.386752, 4.05012, 8.76125, 12.1105, 17.5496, 23.7748)
(12.091, 7.07217, 7.13788, 8.58166, 7.997, 9.63541, 15.5166, 5.44648, 7.4838, 3.35703, 15.681, 12.9638, 11.4892, 7.11706, 9.1268, 10.5053, 6.92133, 6.23613, 5.5499, 4.90035, 10.6693, 14.5208, 10.606, 9.86848, 5.4673, 5.40767, 1.65495, 0.0467485, 1.71505, 12.6723, 11.5717, 18.4457, 22.5441)
(12.1927, 9.75539, 8.13211, 6.50831, 10.5705, 16.2578, 5.69308, 5.69089, 2.44099, 8.94036, 13.8179, 12.1946, 13.8183, 8.13089, 8.94232, 5.69298, 5.69246, 9.75411, 8.12938, 7.31771, 8.94382, 11.3834, 5.69338, 9.75433, 4.06671, 4.06616, 3.25153, 0.000527935, 5.68922, 8.13032, 15.4442, 17.8869, 26.0167)
(8.74007, 8.34239, 8.46809, 8.87559, 11.2107, 14.2356, 10.8979, 6.57559, 6.24918, 7.23525, 9.16969, 12.1684, 10.1393, 9.02678, 7.69908, 8.50071, 7.48833, 6.16842, 7.56617, 8.45775, 9.42893, 13.3561, 8.48831, 9.94617, 7.71887, 6.34701, 2.68449, 0.612554, 3.31963, 7.23764, 11.8044, 17.446, 24.395)
(7.34413, 8.62548, 9.06853, 12.0379, 14.4461, 13.654, 8.76863, 4.38522, 4.47612, 5.23685, 11.9571, 12.203, 10.2554, 10.2814, 7.09219, 7.01052, 6.86175, 7.83526, 7.89992, 7.87927, 9.68764, 12.9936, 8.50926, 6.63942, 8, 5.20483, 2.39454, 0.518071, 4.86254, 8.98628, 14.0696, 16.894, 23.9214)
(7.06486, 6.88493, 8.65147, 9.17078, 12.6624, 16.7852, 10.6671, 7.32223, 5.20537, 7.07878, 8.50682, 11.4475, 10.8507, 9.15731, 7.16433, 8.22268, 6.23299, 6.25974, 7.87772, 8.98221, 10.5057, 13.2992, 8.38123, 6.81369, 7.6176, 6.0048, 2.91134, 0.694298, 3.56992, 8.08599, 12.0042, 17.9788, 25.9382)
(9.87332, 8.43765, 9.36438, 10.4892, 13.3042, 12.1147, 5.2545, 4.43695, 7.72563, 11.0993, 7.9001, 9.99719, 10.0755, 8.28473, 8.52262, 8.2761, 9.14411, 8.96171, 7.47648, 8.35763, 10.4871, 10.4168, 10.7463, 8.29182, 5.98051, 3.69678, 2.24891, 0.749603, 4.20229, 9.933, 13.9837, 17.7754, 22.3918)
(7.79912, 7.49604, 8.57723, 9.52372, 10.8241, 16.5435, 9.41981, 7.08496, 7.18072, 6.87745, 8.6734, 12.8029, 10.8252, 9.45917, 6.90363, 7.27313, 6.99607, 6.6633, 7.81671, 7.80759, 9.6562, 13.7961, 9.7667, 8.90903, 6.78249, 5.59274, 2.42567, 0.467642, 2.77378, 7.38369, 11.9178, 17.2305, 26.7499)
(12.4753, 5.76919, 8.56941, 4.70528, 6.4412, 7.59698, 8.57021, 10.1805, 9.63466, 7.98138, 18.0758, 12.5607, 9.72533, 12.4763, 4.65783, 6.87612, 5.75398, 7.41427, 6.88439, 8.56444, 13.0657, 12.0209, 11.3854, 10.8131, 7.96406, 5.14146, 0.625059, 0.574077, 2.86774, 7.98533, 10.8888, 14.9308, 26.8242)
(5.11933, 5.48947, 9.89312, 9.80364, 16.3415, 15.4199, 9.87351, 7.02559, 3.94362, 4.91231, 12.178, 11.7496, 6.6103, 10.1151, 9.83991, 9.78159, 7.921, 3.69563, 9.30918, 9.41031, 8.51096, 13.0564, 5.10744, 7.86365, 2.86465, 5.09395, 2.89155, 0.747418, 3.1293, 9.91275, 15.597, 22.765, 24.0273)
(11.1852, 6.62073, 8.06894, 7.16302, 9.79185, 5.75568, 5.41727, 8.37827, 14.8717, 7.41292, 15.3344, 14.2447, 10.0926, 8.6153, 7.10716, 6.21241, 6.56547, 6.17638, 10.1374, 6.82356, 11.8484, 12.1767, 11.7424, 12.3294, 5.91208, 3.05805, 1.78473, 0.564038, 2.3804, 4.89122, 7.99485, 16.8626, 32.4802)
(8.849, 7.65768, 9.71036, 11.9036, 15.0987, 13.3293, 7.1807, 5.33671, 5.89112, 5.70916, 9.33359, 11.2604, 10.1456, 8.78131, 8.0824, 7.51859, 7.89423, 7.79824, 8.36935, 7.93369, 10.8507, 11.3656, 10.3029, 8.77786, 5.8067, 3.94379, 2.34177, 0.780949, 3.18897, 7.96578, 14.2138, 18.5324, 24.1452)
(8.25856, 7.43959, 8.56441, 11.5495, 13.469, 13.2858, 6.48421, 5.50234, 6.06342, 8.16725, 11.2159, 11.2119, 9.201, 9.6878, 8.45073, 7.69186, 8.37691, 7.18462, 9.09007, 8.97394, 9.04886, 11.0824, 9.94879, 6.75061, 5.23983, 3.75943, 1.91868, 0.61467, 3.05652, 6.66474, 11.5482, 18.6588, 31.8397)
(5.30965, 6.17359, 7.65365, 15.4925, 24.8796, 14.8769, 5.17493, 3.59717, 4.34496, 4.80392, 7.69302, 7.73672, 7.75974, 8.9559, 12.6475, 12.3047, 9.1265, 8.86846, 8.32074, 9.05016, 5.90505, 9.32453, 5.60324, 4.96104, 3.49941, 3.2234, 1.50803, 1.6567, 5.12675, 12.4908, 18.5242, 21.6762, 21.7302)
(7.35215, 6.44009, 8.88952, 15.3767, 19.1256, 18.9326, 5.57198, 3.60081, 2.85008, 4.86061, 6.99987, 9.80747, 9.88124, 8.82366, 7.85062, 6.97157, 8.2419, 8.85841, 10.6847, 8.82065, 9.35163, 10.7082, 4.64789, 3.64034, 3.31172, 2.70203, 2.35575, 1.10414, 6.57634, 10.5844, 16.8821, 20.2893, 27.906)
(5.55597, 5.20152, 7.14459, 18.9707, 25.9216, 15.5155, 3.70471, 2.56703, 4.88622, 4.23295, 6.29927, 6.59868, 8.94626, 9.62169, 8.66997, 8.80712, 12.4525, 8.42774, 10.1152, 7.66607, 10.0498, 8.64502, 2.85712, 2.85221, 3.59756, 1.76064, 1.29817, 0.652333, 4.77498, 10.7615, 22.3161, 23.4012, 25.7282)
(7.43786, 6.8629, 8.97656, 14.2437, 16.3965, 15.909, 6.66513, 4.77162, 4.02267, 5.91232, 8.80168, 11.031, 9.21032, 8.95292, 7.43589, 8.55561, 8.81616, 8.43179, 8.60066, 8.17908, 10.7128, 10.0738, 5.68478, 6.03436, 5.04208, 3.65996, 2.57784, 1.01079, 4.37053, 8.83362, 14.3083, 20.8773, 27.6004)
(4.63132, 5.07188, 10.3467, 16.4145, 26.6221, 14.7901, 4.73881, 1.9941, 3.49753, 5.39448, 6.49851, 8.61766, 5.60579, 7.09783, 9.06821, 10.8975, 13.6237, 13.69, 8.2032, 10.3833, 6.39913, 6.41357, 3.18719, 3.51969, 3.04966, 1.2673, 1.61081, 0.711148, 3.68426, 13.4399, 19.2194, 25.4725, 24.8381)
(3.16196, 5.5643, 11.1097, 13.5634, 14.7274, 24.8725, 10.0622, 5.73446, 6.18044, 2.26843, 2.75516, 12.6146, 9.02748, 9.798, 7.68211, 8.24261, 7.50427, 6.69385, 10.055, 9.2592, 11.5337, 7.58926, 9.80703, 5.60876, 3.86876, 4.90098, 1.44645, 0.372275, 1.50148, 4.8034, 13.5044, 24.3194, 29.8671)
(0.132709, 14.4392, 5.01145, 12.1798, 24.1394, 9.98396, 9.73409, 9.68261, 2.51581, 9.63534, 2.54557, 14.6005, 12.1088, 9.75147, 9.72605, 7.32277, 7.32133, 4.92007, 7.33446, 4.96812, 9.77516, 12.1713, 9.7088, 9.68341, 4.89651, 2.50444, 0.0572017, 0.0145856, 4.83373, 7.30106, 12.2072, 17.1615, 31.6315)
(10.6691, 7.5334, 10.3656, 10.0251, 10.6208, 12.5099, 8.27919, 5.83227, 4.58541, 8.35438, 11.2249, 12.0485, 12.3922, 9.12496, 8.11248, 6.7911, 6.7202, 6.52384, 6.40618, 8.01862, 10.2659, 13.5961, 8.08063, 8.58125, 9.06004, 5.11461, 4.28234, 0.525393, 3.57572, 8.58356, 11.9112, 17.4497, 22.8356)
(5.24557, 6.7336, 6.85402, 17.8882, 13.2701, 15.2001, 8.36083, 6.4739, 3.48719, 5.03832, 11.4482, 16.426, 11.6066, 9.88543, 3.71397, 11.4263, 9.76293, 5.23467, 2.09784, 3.57572, 13.0386, 13.2319, 2.05664, 6.63436, 8.23818, 5.08525, 0.293155, 0.07448, 3.39998, 11.3892, 13.3059, 21.3531, 28.1698)
(3.33668, 5.22131, 6.09981, 12.1914, 26.7876, 25.512, 6.66269, 5.8212, 0.703484, 1.08624, 6.57766, 2.6316, 16.9767, 13.3317, 12.0667, 5.72442, 3.86375, 8.64398, 8.45952, 6.94101, 12.0517, 9.30892, 6.09777, 4.26675, 6.46067, 2.7691, 0.626012, 0.188044, 2.64661, 11.8214, 16.0681, 19.6946, 29.361)
(7.48671, 5.86875, 9.58995, 8.05657, 14.4234, 7.39416, 8.92818, 5.92346, 8.73636, 14.3765, 9.21594, 14.8734, 14.6773, 8.5507, 3.93044, 10.7382, 3.48786, 9.28988, 4.28074, 7.94689, 8.15396, 14.0706, 10.0064, 10.0586, 9.10123, 4.53323, 6.40545, 0.210689, 1.57758, 4.57074, 11.1098, 16.5642, 25.8622)
(10.2088, 7.46045, 9.60701, 13.1398, 5.44587, 17.4155, 9.56039, 3.59704, 7.97543, 4.63124, 10.9584, 15.1871, 12.9084, 9.69855, 6.07197, 11.0963, 7.31635, 6.4092, 6.5013, 4.06848, 8.03547, 12.7068, 5.86909, 7.5619, 8.09617, 8.75819, 4.55447, 1.80982, 4.03788, 8.08576, 15.3272, 13.9927, 21.9069)
(26.8048, 4.13305, 0.584691, 0.892007, 8.27726, 5.40889, 18.3363, 0.973322, 7.52782, 18.1168, 8.94503, 18.8673, 8.53279, 12.1056, 7.86558, 7.77582, 7.65537, 0.843315, 11.6919, 1.23931, 7.88586, 15.5371, 12.2938, 8.18903, 18.6266, 0.979692, 11.0492, 3.5081, 4.1556, 4.10018, 7.98985, 8.97199, 20.1359)
(10.1447, 8.14055, 8.60477, 9.51772, 10.9773, 13.6732, 8.02944, 7.18571, 4.96517, 7.25472, 11.5068, 10.8847, 9.77866, 9.33279, 8.97403, 7.21663, 6.63166, 6.02352, 7.63815, 9.95051, 11.6355, 11.9339, 10.6541, 8.6853, 8.32196, 5.53535, 3.37455, 0.478167, 4.17717, 6.62717, 12.8043, 16.6403, 22.7016)
(5.38458, 6.69751, 13.5594, 22.2132, 23.6576, 12.2848, 3.81048, 1.8385, 1.4307, 2.65458, 6.46872, 7.65873, 9.22894, 8.21814, 11.6318, 8.80343, 10.0557, 8.21464, 9.2281, 9.58626, 9.49889, 7.87533, 1.72633, 1.48379, 2.97629, 2.17457, 1.28663, 0.390197, 3.74967, 9.09234, 13.7837, 24.1423, 39.1943)
(9.30577, 9.24142, 10.6941, 14.6603, 12.8678, 11.823, 6.54922, 4.21539, 3.84292, 5.93358, 10.8665, 11.0209, 9.82737, 9.71041, 8.16084, 8.00392, 8.72926, 7.29098, 6.86941, 8.60803, 10.5817, 11.1972, 5.02006, 4.27126, 4.79532, 4.33137, 2.78177, 0.659852, 3.10864, 6.95335, 11.448, 20.2757, 36.3546)
(9.6284, 6.41984, 9.89862, 12.3084, 12.5058, 15.2122, 5.66403, 5.02181, 5.92341, 6.67361, 10.7439, 11.369, 10.2866, 9.81894, 7.91939, 6.85811, 7.79342, 6.94864, 6.91833, 8.55725, 11.1405, 12.3899, 6.59578, 7.69453, 6.39445, 5.12955, 3.46175, 0.714182, 3.83011, 8.70731, 11.9951, 18.3545, 27.1227)
(10.3847, 9.05927, 11.9701, 14.5237, 11.9997, 11.55, 6.19554, 5.61368, 3.81162, 5.46395, 9.4276, 10.8088, 10.609, 9.65869, 8.06736, 8.00685, 7.05718, 7.91396, 7.13636, 9.23086, 9.04991, 12.4611, 6.85455, 5.93499, 5.49009, 4.75402, 2.24052, 0.435664, 3.24698, 7.20991, 12.0551, 20.0076, 31.7706)
(7.79791, 10.5817, 18.2495, 14.8066, 16.1939, 13.0889, 4.65867, 0.834066, 0.662032, 5.28727, 7.8395, 10.7092, 9.0411, 8.909, 9.52814, 8.73179, 8.88934, 7.83213, 3.42758, 11.2552, 9.8175, 11.859, 1.02692, 0.929085, 3.59141, 5.19296, 3.95894, 0.120831, 4.19285, 8.6496, 14.0524, 24.4896, 33.7955)
(8.97133, 7.07903, 8.21276, 9.94715, 11.8203, 16.0734, 8.23237, 6.01584, 6.06396, 7.18314, 10.4007, 11.952, 10.0495, 9.10272, 7.60166, 7.15025, 7.1551, 7.51902, 7.67318, 8.66094, 9.42026, 13.7154, 7.89098, 8.03337, 6.79659, 5.39898, 3.73182, 0.572004, 3.96076, 8.6316, 12.884, 19.2301, 22.8698)
(10.7652, 10.9991, 7.31474, 9.27894, 7.26106, 12.4021, 9.86265, 6.48261, 5.17032, 7.77504, 12.6882, 12.2891, 12.676, 11.2409, 5.28696, 6.36055, 4.50841, 6.24161, 7.42039, 8.69386, 6.81117, 18.471, 9.73079, 9.82132, 6.58867, 6.39664, 4.09193, 0.712168, 2.54976, 5.88281, 8.56147, 21.4768, 24.1876)
(9.14051, 7.80247, 8.97101, 9.58953, 11.1069, 15.6219, 8.13444, 6.34172, 6.03742, 7.00405, 10.25, 12.3744, 10.5844, 9.05809, 7.62068, 7.62444, 6.2256, 5.8346, 8.08094, 8.07149, 11.5875, 12.9379, 9.15652, 9.69553, 7.38406, 5.54044, 2.74609, 0.80138, 3.25084, 7.60152, 12.5041, 18.8836, 22.4358)
(7.42038, 10.1765, 12.5395, 13.762, 13.6183, 15.784, 5.79382, 4.49649, 2.96494, 5.42043, 8.02366, 11.3708, 11.4146, 8.45153, 6.58669, 8.35778, 7.08811, 8.66043, 7.54879, 10.0044, 9.28493, 11.2319, 5.94275, 4.62109, 3.76685, 6.23114, 3.28047, 1.71188, 3.89777, 10.8475, 10.6316, 20.9959, 28.073)
(7.71901, 6.9453, 8.89383, 9.8917, 11.5074, 16.4722, 9.48907, 7.14234, 5.18286, 7.09359, 9.66266, 12.4033, 10.128, 8.57411, 7.92098, 6.99902, 5.89974, 6.94756, 8.12425, 8.60222, 9.70199, 14.6989, 8.42301, 7.11358, 7.45799, 5.2864, 2.94517, 0.793247, 3.88333, 8.59765, 13.315, 18.0032, 24.1814)
(11.1595, 11.151, 6.85212, 8.094, 8.11654, 8.74431, 6.22617, 7.4357, 5.59596, 8.68371, 17.9409, 16.1092, 7.47741, 9.31081, 10.5349, 4.38058, 6.21923, 6.83682, 3.76641, 9.92273, 8.09661, 17.3453, 14.863, 16.696, 3.13585, 5.58334, 3.10241, 0.00672864, 0.648315, 9.30757, 13.657, 14.3188, 18.6809)
(6.71757, 7.15428, 8.47174, 11.5654, 18.4534, 26.4897, 6.81478, 2.74907, 2.15275, 6.08167, 3.3496, 9.394, 9.19104, 8.56013, 6.23346, 9.94126, 11.2126, 12.3439, 9.98731, 5.8742, 8.36327, 8.89875, 6.50485, 4.95871, 4.76588, 3.90354, 7.42353, 0.487551, 8.12261, 13.6403, 14.0925, 17.0396, 19.0609)
(9.32625, 7.32376, 8.16613, 10.2045, 12.4861, 14.4085, 7.77099, 5.44841, 6.63952, 6.70307, 11.5228, 13.2242, 9.71607, 8.32891, 7.74661, 6.68609, 7.0261, 6.99033, 7.9831, 8.21994, 10.848, 13.2306, 10.2039, 8.55365, 5.9231, 4.72761, 2.60869, 0.791111, 3.39185, 7.28189, 12.1057, 18.1087, 26.3038)
(6.03532, 6.68998, 8.46284, 16.0489, 21.8236, 14.2795, 4.51957, 3.44781, 5.17016, 5.28397, 8.23836, 7.94709, 8.04808, 8.13139, 9.39467, 11.0601, 10.4464, 11.2675, 10.1988, 7.68835, 7.89974, 7.91785, 6.15716, 5.04144, 3.55032, 2.41762, 1.83848, 0.93401, 4.43604, 9.82552, 17.1761, 21.7298, 26.8934)
(9.00509, 7.249, 8.32641, 12.1766, 14.9342, 12.1945, 5.68755, 4.86744, 5.92655, 7.69124, 11.9414, 9.7323, 8.64829, 9.21532, 8.41463, 8.91764, 8.73981, 10.7837, 9.48373, 8.3976, 9.04273, 8.62427, 8.71986, 7.21043, 5.03077, 3.11746, 1.98695, 0.621242, 3.08204, 7.12448, 14.0368, 20.3938, 28.6761)
(5.80757, 7.95865, 11.421, 16.5463, 18.918, 13.6952, 5.95048, 4.21415, 3.16201, 4.87132, 7.45531, 10.0011, 8.89653, 9.45952, 8.97886, 9.24504, 8.36016, 9.55795, 8.80464, 7.81596, 9.2046, 9.67567, 4.66429, 4.63994, 5.00843, 2.64349, 1.76136, 0.592331, 3.17231, 9.64139, 16.8911, 23.0256, 27.9597)
(7.05402, 8.23967, 7.44401, 7.51962, 10.1196, 22.278, 11.8134, 2.27922, 4.8341, 7.12673, 11.2916, 14.1485, 10.6912, 10.6806, 9.42109, 6.27366, 8.23475, 4.74673, 6.17276, 8.93024, 11.2952, 9.40524, 8.71589, 9.27958, 9.49815, 8.90098, 5.37615, 0.303943, 3.41494, 6.11712, 11.768, 17.3449, 19.2804)
(4.62034, 3.86706, 6.89455, 12.7172, 21.322, 25.8195, 9.29434, 3.76694, 2.88186, 4.22801, 4.58829, 11.2137, 9.78948, 10.2364, 5.69833, 7.23935, 7.36263, 8.27496, 5.89994, 9.33688, 12.2259, 12.7226, 7.31762, 4.59815, 6.95173, 6.00428, 2.69345, 0.292369, 6.13706, 5.65108, 12.3998, 22.799, 25.1554)
(14.075, 8.28571, 8.52854, 9.21765, 9.68293, 13.801, 8.84528, 4.33483, 3.78583, 7.33182, 12.1115, 10.9822, 11.0193, 8.47133, 8.61285, 9.04125, 7.78171, 7.85574, 7.34684, 8.55553, 10.4939, 9.83945, 7.55231, 6.65744, 8.57003, 7.30647, 4.48992, 1.07037, 5.01493, 6.37, 12.6239, 15.613, 24.7316)
(4.58571, 6.7403, 5.3806, 17.9395, 19.035, 19.522, 9.38145, 3.3694, 4.15358, 3.57605, 6.31632, 17.3154, 10.7208, 7.44649, 7.12521, 9.97624, 7.01893, 11.4722, 7.48987, 5.24902, 9.31169, 6.87404, 7.21632, 4.81029, 5.68104, 3.72872, 2.47404, 0.355526, 4.25644, 9.56846, 11.6362, 22.5135, 27.7594)
(5.72838, 4.44151, 8.57664, 16.7968, 22.0015, 13.9281, 5.26268, 8.28218, 0.842771, 7.31734, 6.82209, 13.7801, 8.71723, 9.37915, 9.44087, 11.6672, 9.31936, 5.71201, 6.67177, 5.45568, 9.84124, 10.0153, 7.32844, 2.22961, 6.42241, 4.856, 3.17717, 1.34389, 4.95923, 7.9115, 12.6443, 17.2125, 31.915)
(16.4033, 7.15317, 3.86598, 6.20257, 10.0963, 14.7532, 10.1383, 7.07152, 4.12435, 5.07644, 15.115, 9.2438, 10.6736, 14.0044, 7.52236, 6.41736, 6.70256, 5.21909, 9.00832, 9.85914, 10.1251, 11.2243, 12.3664, 8.28318, 8.81115, 11.2509, 5.17523, 0.264096, 3.83889, 8.05715, 9.06991, 14.2524, 18.6307)
(7.10949, 6.05801, 9.92766, 13.5822, 10.6787, 17.2297, 9.5079, 7.85762, 4.5409, 5.08758, 8.42013, 11.9041, 11.9558, 8.89015, 7.04827, 7.62927, 4.54387, 6.29483, 8.80072, 9.00289, 11.1458, 12.7843, 7.88334, 7.74137, 10.1611, 5.83733, 3.84277, 0.275217, 2.9985, 6.12436, 12.1437, 18.2934, 24.699)
(7.18106, 6.09898, 6.949, 9.68083, 12.5763, 19.4673, 7.07523, 6.74175, 4.3833, 8.15033, 11.6959, 11.3315, 10.5374, 7.82385, 8.00617, 8.55821, 4.8947, 9.75444, 10.1213, 7.7582, 11.0756, 10.1386, 7.82818, 6.49641, 9.72451, 4.71258, 5.28176, 0.851571, 3.22644, 9.12324, 15.9019, 16.7574, 20.0961)
(6.6769, 6.78971, 6.94768, 11.582, 14.6047, 16.0715, 8.06203, 6.86537, 4.40015, 7.41834, 10.5816, 12.4587, 12.5456, 9.50678, 8.17282, 6.55605, 6.29206, 6.54403, 7.58938, 9.62732, 9.98634, 10.7209, 8.12043, 9.08447, 8.94041, 4.35911, 3.48688, 0.839549, 4.24446, 10.0241, 15.86, 16.1203, 18.9203)
(8.63156, 9.34671, 10.8008, 9.75061, 13.2546, 13.0595, 8.13046, 5.27841, 4.17475, 7.12634, 10.4463, 11.5628, 11.2168, 7.87486, 7.78593, 7.16461, 10.4276, 6.83351, 7.62763, 8.02877, 8.66665, 12.8109, 12.2074, 12.0982, 9.43637, 4.44233, 3.86921, 0.29555, 3.09293, 9.30455, 10.9449, 16.8312, 17.4772)
(13.6729, 5.44588, 6.67104, 9.11615, 9.25593, 9.39061, 8.8459, 2.8718, 7.49345, 8.80892, 18.4274, 11.5471, 6.79958, 8.93392, 12.3949, 7.62028, 6.56503, 7.68123, 3.0472, 6.53717, 11.335, 17.5386, 11.3948, 9.03736, 4.22178, 15.6381, 2.62316, 0.0467625, 4.97706, 6.59562, 13.946, 16.6776, 14.8418)
(8.98321, 10.8657, 13.4825, 16.2602, 13.4631, 12.828, 6.02251, 3.8679, 3.28012, 4.52877, 6.41794, 9.14045, 9.82199, 7.94112, 9.05562, 8.75351, 9.38104, 9.29261, 7.9739, 7.90616, 9.26991, 11.4637, 3.95304, 3.32849, 5.36191, 4.08775, 2.41746, 0.379056, 3.47167, 6.4209, 13.7218, 23.5264, 33.3315)
(7.65756, 10.7655, 7.98149, 11.382, 12.0287, 13.505, 10.0169, 3.98721, 5.73968, 6.34967, 10.5862, 11.8129, 11.9158, 6.09692, 6.67936, 5.49252, 5.49538, 7.97114, 7.90188, 12.3007, 8.47046, 15.863, 7.88589, 11.9078, 8.92429, 4.93249, 3.05263, 0.172385, 3.30795, 3.93467, 12.6838, 16.5212, 26.677)
(10.7115, 6.8213, 8.38315, 10.171, 12.8277, 14.6554, 7.31744, 5.81553, 5.82487, 6.07097, 11.4012, 10.0092, 9.88855, 8.64466, 8.64705, 8.27086, 6.84375, 7.36873, 7.78882, 8.27599, 9.45804, 14.8044, 5.5558, 7.35203, 5.96088, 4.99469, 2.95127, 0.687582, 3.78038, 8.7848, 12.8467, 20.5759, 26.5099)
(10.0971, 9.35365, 12.5949, 12.1923, 11.2943, 11.3814, 6.75532, 6.1787, 4.1016, 7.23718, 8.81352, 9.99964, 9.66615, 10.5673, 7.69602, 7.26404, 9.85275, 7.5389, 7.18742, 7.46655, 9.21104, 13.5502, 6.51692, 6.41183, 5.22309, 5.85379, 3.03565, 0.464259, 3.13828, 6.18923, 11.2112, 18.7463, 33.2095)
(4.8696, 9.20608, 17.4693, 17.1517, 21.3115, 17.1512, 2.9435, 1.7599, 1.616, 2.25427, 4.26702, 8.50221, 7.80055, 10.6373, 6.30042, 11.1537, 11.8347, 8.17525, 9.41126, 6.13618, 8.01407, 12.0344, 1.00342, 1.06, 3.25829, 2.58159, 2.95581, 0.185462, 4.19547, 11.9322, 19.8744, 28.4478, 24.5057)
(8.77383, 7.42868, 7.15088, 11.4532, 15.3959, 14.5933, 8.48628, 4.72586, 4.1429, 7.05601, 10.7932, 11.1954, 9.70255, 8.54722, 7.57814, 7.34909, 7.14486, 7.83433, 6.78742, 8.80787, 8.76497, 16.2881, 6.09914, 5.51899, 6.88452, 5.79546, 3.13271, 0.7363, 3.34313, 12.4888, 13.4394, 21.2326, 21.329)
(11.3659, 5.70435, 7.26681, 6.0975, 5.68498, 8.13405, 13.2473, 5.50124, 6.79639, 11.8005, 18.401, 15.8211, 7.44923, 8.66533, 5.74733, 7.07505, 7.01299, 5.07012, 9.17254, 12.5948, 11.4146, 9.97689, 14.625, 9.86397, 8.35419, 6.17116, 1.12519, 0.0869518, 3.92201, 9.28818, 10.5524, 14.6734, 21.3376)
(10.7607, 7.80647, 9.04651, 9.24698, 10.6635, 13.6016, 7.24326, 6.80364, 4.72829, 8.4445, 11.6545, 12.0232, 10.6413, 10.1143, 7.44849, 6.81364, 7.14622, 6.99976, 8.19646, 6.81679, 9.51076, 14.2891, 9.40741, 9.7471, 7.64052, 5.7132, 3.56575, 0.679755, 3.43182, 7.57105, 12.2503, 17.9604, 22.0328)
(7.50121, 5.1655, 6.41286, 10.4928, 9.39626, 15.1778, 7.45648, 6.41612, 5.18293, 9.38887, 17.4092, 15.3458, 7.9561, 6.95671, 4.73402, 5.2893, 4.54838, 12.5439, 9.74289, 9.8671, 7.82085, 15.195, 6.59539, 8.23316, 6.23598, 7.79542, 3.44557, 0.851989, 3.78734, 15.607, 15.061, 12.4894, 19.8977)
(11.8096, 5.45162, 8.43454, 11.0103, 11.8172, 14.7364, 8.96068, 7.72116, 5.70091, 6.70244, 7.65518, 16.117, 9.95127, 8.88762, 4.69974, 6.79734, 7.65414, 6.65381, 6.94481, 7.46117, 11.3653, 13.4678, 8.96878, 9.27007, 5.75225, 4.54637, 1.82051, 0.762298, 2.82566, 7.10064, 13.1705, 20.2142, 25.5688)
(7.4899, 6.58535, 8.79572, 14.2947, 17.7821, 12.9494, 5.40831, 3.81833, 5.18881, 7.1536, 10.5339, 9.11775, 9.36249, 7.86451, 8.72201, 9.51411, 9.28273, 10.0602, 10.0424, 8.90193, 8.96139, 8.17053, 6.71914, 5.98549, 4.55721, 3.19528, 1.77566, 0.640397, 3.93435, 8.84844, 15.1067, 21.419, 27.8183)
(14.0164, 9.38337, 12.1202, 13.6617, 11.053, 13.7352, 5.45118, 3.69063, 2.4379, 5.99303, 8.45743, 10.7364, 9.68887, 8.95656, 8.08664, 11.7097, 6.94929, 8.98101, 8.21453, 6.97686, 10.9882, 8.71201, 4.83221, 5.47122, 5.13067, 5.46096, 4.96144, 0.876828, 3.22824, 6.28497, 13.0925, 19.4496, 31.2113)
(10.7468, 9.16555, 9.09317, 14.8274, 10.6318, 14.5631, 6.508, 4.23815, 1.98325, 6.62513, 11.6176, 8.91778, 10.2162, 8.75081, 7.82182, 8.738, 8.15137, 10.6892, 9.73145, 7.69259, 9.73502, 9.55578, 5.2354, 4.20844, 5.50699, 4.70419, 3.43593, 0.582669, 3.28879, 7.57275, 11.9253, 22.2847, 31.2549)
(13.0484, 0.333571, 0.734869, 0.679607, 12.982, 36.1574, 11.774, 5.94692, 6.10735, 10.9253, 1.31065, 6.57192, 6.13208, 7.43278, 1.10973, 26.7375, 1.27706, 12.6679, 7.79263, 11.9753, 6.64786, 11.6553, 0.878066, 6.9099, 22.1955, 1.18001, 0.392043, 0.0882843, 0.30156, 1.25191, 16.5816, 19.0386, 31.1825)
(18.023, 0.043301, 0.107018, 0.0966501, 26.6506, 36.2289, 0.483567, 8.89017, 0.269076, 0.338092, 8.86963, 9.00169, 0.265674, 9.15671, 8.83383, 0.753195, 8.87154, 35.243, 0.578795, 9.16949, 17.6701, 0.455988, 0.132397, 17.7165, 0.753243, 0.192346, 0.0628112, 0.0160278, 0.0463133, 8.86331, 0.537646, 18.2642, 53.4152)
(3.85498, 8.88365, 14.6069, 27.6644, 23.3927, 14.7128, 1.18324, 0.616147, 0.548349, 1.96761, 2.56925, 7.43242, 4.22498, 5.39978, 10.2363, 9.03928, 16.4743, 9.24637, 14.5329, 7.67814, 7.89593, 7.83966, 0.547486, 0.683402, 2.25445, 3.14001, 0.569069, 1.23535, 3.18935, 7.56929, 13.4044, 35.4399, 31.9673)
(9.95238, 7.6429, 8.33137, 10.8903, 12.6637, 14.0046, 7.19111, 5.56415, 6.2693, 6.98786, 10.5023, 10.8637, 10.6646, 9.12605, 7.72485, 7.11444, 7.39632, 7.76914, 7.20516, 8.11227, 9.8481, 14.1754, 9.19779, 7.43734, 6.69629, 6.09666, 2.83102, 0.483409, 3.62888, 8.09733, 13.5404, 16.7105, 25.2804)
(9.85604, 9.65065, 11.3654, 15.6513, 12.8864, 9.80055, 8.71506, 4.11558, 4.06857, 3.99547, 9.89491, 9.22549, 11.1814, 7.10788, 8.87639, 8.35308, 6.56225, 9.14044, 7.92814, 9.21721, 9.98939, 12.4183, 3.827, 4.44702, 7.00037, 6.83626, 2.28095, 0.362472, 3.11305, 6.37743, 12.9466, 22.588, 30.2209)
(6.1049, 0.341066, 0.488405, 11.33, 22.9306, 23.909, 21.6509, 0.783922, 0.80177, 0.645991, 11.0134, 21.9928, 5.93895, 6.2667, 6.49272, 11.6607, 5.70401, 12.0257, 1.40227, 16.2655, 6.00652, 6.24407, 11.3202, 6.14318, 11.5025, 5.72034, 5.46145, 5.14955, 10.4501, 1.03868, 1.4889, 28.2029, 13.5223)
(8.61614, 8.31143, 5.30994, 7.74395, 10.0574, 15.5293, 9.32154, 8.01884, 11.2257, 7.1619, 8.70382, 7.73608, 14.9691, 9.57502, 7.31704, 9.32374, 4.11999, 10.3928, 11.3915, 6.32982, 6.53067, 12.3143, 8.39477, 5.15348, 6.12195, 8.04836, 3.54203, 1.11678, 5.69785, 7.38545, 15.3599, 13.9205, 25.2589)
(6.47069, 6.21561, 9.83097, 15.5695, 15.3109, 15.5039, 8.48097, 3.52423, 3.22366, 6.23487, 9.63468, 8.59534, 10.5563, 8.49564, 7.66234, 8.08419, 7.69338, 7.7805, 8.692, 8.08337, 10.4883, 13.8687, 4.59871, 4.87224, 5.81312, 6.26659, 2.74004, 0.352597, 4.16387, 10.1362, 13.4412, 22.6221, 24.9933)
(9.32048, 5.22976, 9.43458, 10.8187, 14.6366, 16.4813, 6.87776, 3.45029, 3.80203, 7.92639, 12.0221, 8.34061, 10.131, 7.5964, 9.97671, 9.58515, 6.40685, 8.73477, 7.7821, 6.64216, 8.78834, 16.0159, 5.04989, 6.13533, 6.11812, 5.73452, 4.14402, 0.753995, 2.55391, 7.24812, 18.7173, 20.2015, 23.3433)
(6.10323, 7.54156, 9.75648, 12.5565, 16.9487, 17.3428, 8.40855, 3.41566, 3.71501, 5.84911, 8.36248, 9.36668, 9.82988, 9.15938, 6.74576, 8.45641, 8.81797, 8.41404, 7.4807, 8.84257, 11.7555, 11.1311, 4.15997, 4.41551, 4.38295, 6.15657, 3.23173, 1.10147, 4.57237, 10.6907, 12.7709, 21.2173, 27.3004)
(7.27965, 6.85396, 9.64019, 10.4854, 14.3693, 17.1381, 7.36208, 4.03904, 5.09642, 6.5893, 11.1466, 9.56227, 9.77614, 9.06896, 8.26437, 8.70616, 7.70856, 8.84193, 8.63125, 7.19373, 10.0144, 12.2322, 6.36282, 6.38021, 6.42864, 5.43906, 3.7659, 0.757161, 4.95369, 8.88161, 14.2806, 19.8725, 22.8778)
(8.8025, 6.40864, 9.80751, 10.5011, 14.8487, 16.2087, 7.31403, 3.84866, 4.76455, 5.71642, 11.7792, 11.3019, 8.84692, 9.60763, 9.37995, 9.0484, 6.40646, 8.47729, 8.07535, 7.41685, 8.92185, 12.5174, 6.81468, 6.42446, 5.94466, 5.99752, 2.77356, 0.505351, 6.52884, 9.43477, 14.667, 19.1805, 21.7287)
(6.3023, 5.99461, 9.45775, 14.948, 16.3741, 21.9712, 8.15524, 1.35865, 1.39727, 4.13332, 9.90761, 11.2126, 9.90019, 9.38358, 7.5226, 6.22667, 9.50881, 5.80455, 9.2714, 9.73273, 12.098, 9.33884, 2.86179, 3.87334, 3.68008, 7.8769, 4.24693, 0.572288, 3.38194, 12.2323, 14.975, 24.0029, 22.2965)
(9.39791, 6.62065, 8.50789, 10.833, 13.8684, 17.8055, 7.1133, 4.23863, 3.47359, 7.61255, 10.5287, 12.9741, 11.3409, 7.88269, 7.757, 7.71433, 7.37864, 6.95328, 8.71382, 7.09074, 9.19136, 13.0031, 6.21855, 4.94501, 4.85814, 5.98556, 4.05638, 1.63365, 5.70126, 9.74665, 13.1948, 21.2207, 22.4393)
(8.3654, 7.93859, 9.39259, 14.3325, 14.5568, 13.7368, 7.03382, 4.19006, 4.05347, 6.91401, 9.48586, 12.4713, 10.0533, 7.94645, 6.61716, 7.23813, 7.78383, 8.00758, 8.28739, 9.39839, 10.4323, 11.7642, 7.2622, 6.55977, 5.25313, 4.21445, 2.90958, 0.749077, 3.66271, 8.93292, 14.3349, 19.7514, 26.3699)
(5.55141, 6.27643, 11.8375, 16.8508, 17.9676, 16.0986, 5.51001, 3.17768, 2.93209, 5.52363, 8.27416, 11.2628, 9.16835, 6.57228, 8.51591, 8.51896, 9.14866, 10.1119, 10.5934, 9.68567, 9.83164, 6.5905, 4.36758, 4.19096, 3.99208, 3.6211, 3.14495, 0.722044, 3.37518, 8.80991, 15.2689, 23.4202, 29.0871)
(5.1739, 5.73823, 10.0273, 18.4311, 23.0685, 16.3204, 4.22241, 3.53579, 2.81662, 3.84687, 6.81881, 7.71884, 8.23986, 9.16579, 9.9326, 10.2749, 10.0558, 10.7526, 9.72291, 9.41098, 7.98011, 6.74568, 3.56731, 3.88809, 3.85015, 2.70477, 1.31034, 0.512653, 3.779, 10.7796, 18.5021, 24.279, 26.827)
(0.192089, 6.08118, 0.523158, 17.9472, 12.7247, 31.1637, 23.8776, 6.59182, 0.469441, 0.16951, 0.259598, 18.3669, 0.798658, 24.0602, 6.61097, 0.329974, 18.1113, 6.29315, 6.2264, 0.627181, 12.229, 6.34619, 7.12903, 6.26273, 6.4792, 0.455794, 5.95215, 0.0186712, 0.103421, 6.08214, 18.0852, 18.7784, 30.6533)
(6.26413, 4.21358, 9.83257, 5.48776, 21.467, 12.535, 4.72839, 11.7018, 16.5147, 0.73737, 6.5177, 23.1749, 9.83332, 7.42286, 12.51, 4.46487, 12.4919, 4.48482, 7.09413, 9.41536, 2.19508, 6.91278, 17.7446, 11.7926, 14.5794, 6.31235, 5.90614, 0.108368, 0.513477, 3.89814, 15.7817, 12.0598, 11.3034)
(15.2705, 17.0918, 19.1462, 21.2561, 13.7133, 6.36974, 0.359461, 0.236311, 0.135299, 2.14733, 4.27396, 7.79869, 6.00509, 9.64371, 11.6096, 13.687, 6.17489, 17.2193, 6.26547, 2.37549, 4.24136, 14.9794, 2.09184, 0.29001, 2.12784, 5.77498, 7.48905, 0.0599052, 3.81225, 4.09187, 10.0527, 25.2163, 38.9933)
(1.15481, 1.29189, 1.71097, 25.9466, 14.9405, 34.4831, 9.24632, 4.74274, 4.50017, 0.761238, 1.22171, 2.38396, 25.1503, 1.71328, 13.1891, 9.39818, 5.43427, 13.2401, 8.99107, 9.01174, 5.7961, 5.69193, 17.1025, 4.60912, 8.97039, 4.79598, 0.526168, 0.0947771, 0.88722, 5.3543, 9.95523, 19.3353, 28.369)
(4.43021, 5.11665, 14.4167, 10.321, 13.1934, 24.448, 5.40423, 0.872374, 0.688641, 3.06899, 18.0398, 5.14447, 8.85449, 7.68229, 8.88309, 7.65972, 12.5769, 7.58264, 18.0981, 5.63163, 7.30881, 10.5778, 1.15939, 1.15361, 6.95565, 8.06712, 0.758912, 1.83778, 0.554792, 6.64542, 9.93772, 38.5244, 24.4052)
(10.8522, 6.32829, 6.79973, 11.5643, 11.5745, 14.7432, 6.89877, 5.08692, 5.2923, 9.80391, 11.056, 10.6336, 9.40652, 7.23647, 7.28733, 10.5883, 7.73334, 7.41998, 9.31077, 8.09189, 10.0535, 12.2383, 7.4521, 7.76916, 6.96911, 5.20172, 4.66892, 0.603096, 2.88933, 9.26963, 14.4356, 18.9853, 21.7561)
(10.7876, 6.98751, 8.33853, 11.1694, 13.6192, 12.1953, 6.7086, 8.50245, 5.54569, 6.30575, 9.84002, 8.19437, 10.708, 9.23878, 10.4743, 8.46921, 5.25841, 9.91452, 8.83791, 8.1959, 9.12346, 11.5851, 12.832, 8.86464, 7.3636, 6.36718, 1.54499, 1.72592, 2.9434, 6.01099, 12.9059, 17.4133, 22.0281)
(7.62774, 17.4689, 7.43348, 13.4256, 8.57495, 9.73223, 8.06371, 6.42802, 6.66279, 6.76503, 7.81753, 10.9404, 11.9704, 10.5746, 8.46438, 8.28088, 10.1787, 11.2701, 7.14013, 3.05222, 4.49237, 13.6359, 16.2457, 10.1571, 3.78915, 6.56439, 2.83267, 0.170758, 1.93493, 4.01487, 9.65635, 18.175, 26.4591)
(10.6199, 9.44121, 7.67156, 11.7668, 9.17525, 15.2012, 7.32403, 3.76013, 8.6004, 7.24505, 9.19447, 10.0922, 11.1102, 7.59014, 8.35963, 7.31586, 6.30897, 7.61309, 7.03984, 6.49293, 12.9643, 15.1128, 16.6216, 8.41512, 8.26069, 3.65051, 0.858856, 0.211522, 1.0501, 9.5098, 16.2138, 10.3251, 24.883)
(8.57571, 10.177, 10.9042, 14.6106, 13.3172, 13.0402, 5.66573, 3.70943, 5.63367, 5.82741, 8.5389, 8.6064, 9.26521, 8.17832, 7.96793, 10.1632, 8.53438, 9.48815, 8.83686, 7.02783, 9.46084, 12.4709, 9.63785, 8.34063, 5.30193, 3.52604, 1.96114, 0.41056, 3.04092, 6.87767, 10.6032, 17.6355, 32.6645)
(8.43725, 8.11814, 9.00178, 15.0524, 16.7952, 12.9036, 10.6875, 2.99757, 3.58796, 5.88111, 6.53752, 9.48186, 9.85213, 8.07712, 5.95616, 10.2928, 7.7085, 11.1911, 6.45041, 8.84745, 10.801, 11.3415, 3.97901, 7.28895, 7.108, 6.32242, 1.84682, 0.229606, 5.37201, 7.78629, 8.74067, 22.6139, 28.7124)
(0.793338, 0.315659, 0.480495, 8.39507, 26.383, 30.8849, 8.82645, 7.66144, 11.2052, 3.97833, 1.07607, 12.0927, 1.04913, 8.26119, 18.1325, 15.5221, 4.34172, 22.0148, 7.33775, 5.25382, 1.2535, 4.7408, 12.0489, 7.73703, 4.78611, 4.2845, 0.544238, 0.369105, 0.779256, 7.12383, 11.2948, 24.2623, 26.77)
(6.45298, 6.27013, 7.84207, 10.5823, 16.8809, 26.8847, 4.6949, 0.786716, 0.854489, 4.19591, 14.5548, 12.104, 14.6288, 5.87465, 5.67355, 11.2686, 8.47134, 12.1982, 6.71073, 7.54703, 5.12355, 10.3995, 4.01686, 3.15256, 2.14602, 6.01989, 4.63998, 3.99434, 4.05763, 14.6157, 18.4222, 17.2838, 21.651)
(6.77565, 6.83716, 9.65211, 19.7292, 18.0799, 12.9877, 6.75872, 3.44086, 3.51475, 4.64226, 7.5817, 10.5526, 8.39114, 7.98805, 7.34449, 8.67309, 8.77835, 9.23144, 10.2249, 10.3069, 7.98408, 10.525, 3.87319, 3.60658, 5.04177, 4.5513, 3.34063, 0.810555, 4.0839, 10.087, 15.8241, 22.5164, 26.2645)
(0.471564, 2.22093, 1.83929, 5.87664, 12.1225, 46.6325, 13.618, 14.8336, 1.69706, 0.23484, 0.453064, 12.5157, 8.50017, 19.3982, 14.6412, 0.994788, 17.0185, 8.09457, 2.84714, 7.45038, 5.35244, 3.18701, 23.3204, 3.00634, 9.32181, 6.94771, 1.79846, 0.0590899, 0.317463, 2.08884, 6.13849, 19.3153, 27.6861)
(9.24241, 11.1073, 13.4329, 18.2275, 19.1199, 12.0134, 3.7441, 3.64886, 0.954547, 2.11286, 6.3963, 4.44821, 6.64454, 5.9754, 9.61683, 17.3723, 10.1699, 12.1236, 15.2374, 8.19157, 6.27245, 3.94795, 3.06245, 3.05605, 2.89909, 2.99345, 2.79923, 0.985237, 3.01112, 6.9573, 16.059, 20.3235, 37.8536)
(9.60293, 10.4445, 10.9456, 14.9683, 10.0204, 15.6844, 5.84962, 3.49986, 2.20051, 5.30903, 11.4749, 6.26864, 7.85049, 8.79784, 10.8294, 12.9643, 10.3757, 10.5557, 10.6608, 7.2636, 8.68676, 5.74668, 2.93202, 4.41694, 6.03198, 6.222, 1.90926, 1.65696, 1.53664, 6.29175, 12.7737, 18.1369, 38.0919)
(9.55585, 6.80605, 12.3594, 17.7687, 12.567, 15.1266, 7.33431, 2.12106, 2.07628, 4.63578, 9.64895, 4.83484, 6.6766, 10.0706, 9.63154, 11.6668, 10.9167, 11.817, 11.7857, 8.84963, 7.60732, 6.14325, 2.66502, 3.43694, 6.55517, 3.50814, 1.86284, 0.511457, 1.42453, 5.15903, 13.9803, 28.8187, 32.0779)
(10.5078, 10.5937, 13.7004, 16.215, 12.5586, 12.9363, 4.93893, 2.84734, 2.82648, 3.84455, 9.03095, 6.99003, 6.62109, 8.99994, 7.80727, 11.271, 10.2053, 12.8424, 12.3151, 10.3709, 6.24016, 6.33679, 2.99111, 2.52484, 3.75516, 5.19066, 2.21336, 0.810912, 1.46079, 8.0667, 11.6691, 20.0249, 41.2925)
(4.93862, 5.82145, 7.62203, 15.247, 18.0361, 21.7571, 8.62971, 5.08582, 3.52711, 3.74458, 5.59052, 6.28494, 7.45492, 6.02366, 4.20968, 12.7448, 6.81192, 10.8415, 18.1069, 4.95834, 10.4139, 12.1495, 5.05559, 6.31289, 6.39064, 3.93714, 2.56606, 0.310948, 1.35784, 5.2795, 11.0662, 28.2527, 29.4704)
(4.45031, 4.00016, 7.34339, 13.612, 22.4766, 19.6091, 6.9263, 2.97957, 5.03743, 4.63452, 8.93069, 7.4163, 7.4902, 9.4598, 9.82535, 11.0106, 10.7309, 8.46093, 10.9426, 7.61704, 9.7246, 7.3217, 4.26935, 4.50267, 4.13137, 5.68788, 2.54458, 0.448405, 3.16533, 10.7968, 13.9187, 26.5859, 23.9489)
(6.47898, 1.80852, 16.1647, 24.0621, 18.8361, 19.3627, 8.66933, 1.51585, 0.394179, 0.578065, 2.12948, 9.13295, 7.93748, 8.01645, 11.4915, 7.00738, 11.6629, 12.8591, 9.34142, 15.989, 4.58736, 1.97443, 0.468184, 7.39855, 3.90532, 2.68145, 2.53753, 0.070399, 5.15638, 6.95754, 21.7762, 21.3, 27.7484)
(4.25263, 3.00597, 8.26825, 19.5646, 27.2779, 19.4658, 3.77117, 2.35164, 2.18869, 3.48345, 6.36986, 6.69251, 7.00163, 9.47527, 9.78418, 10.5692, 12.9332, 12.7606, 10.796, 7.16335, 8.52459, 4.2994, 3.73644, 2.48245, 1.94419, 1.55938, 1.02586, 0.296775, 4.66375, 9.14992, 19.9777, 25.4121, 29.7514)
(0.806243, 6.87912, 16.1731, 42.5376, 16.1736, 6.9614, 3.25412, 0.288473, 3.01952, 0.28442, 3.62234, 3.41286, 0.731385, 0.771058, 12.6785, 18.6509, 26.8118, 13.2207, 4.52673, 6.65121, 9.2252, 3.31968, 3.21067, 0.253502, 0.340826, 0.379979, 3.05354, 0.0582612, 0.244167, 0.71566, 10.2223, 25.6914, 55.8297)
(0.0030407, 0.0145934, 0.107335, 0.110242, 19.9022, 59.5131, 19.9018, 0.331207, 0.10847, 0.0030407, 0.00491974, 0.214041, 19.887, 19.9423, 19.8117, 0.0235548, 0.265222, 0.11017, 0.044947, 19.7353, 19.8195, 0.146227, 59.4685, 0.131024, 19.8599, 0.169517, 0.0225538, 0, 0.0121628, 0.0297702, 0.0832559, 19.8963, 0.327045)
(4.21874, 13.4297, 23.2831, 28.7655, 15.9907, 3.84915, 1.17893, 1.37946, 0.380914, 2.07577, 5.44806, 3.57578, 4.32868, 5.26008, 10.5074, 15.104, 15.3613, 18.8885, 13.624, 6.14582, 5.54287, 1.66168, 0.765821, 0.48343, 0.66761, 1.05767, 0.540637, 0.286212, 0.684503, 3.66013, 11.9408, 30.4833, 49.4299)
(0.227107, 0.316253, 8.17342, 4.49547, 12.1428, 39.0875, 15.6495, 7.92124, 7.83936, 0.0788365, 4.06846, 8.01397, 27.2198, 11.8796, 8.08236, 0.412767, 0.436038, 4.27622, 8.11728, 0.295321, 19.5119, 11.7547, 19.5668, 11.7233, 19.4774, 4.05291, 3.956, 0.0187391, 0.0822011, 4.06578, 8.18251, 20.0064, 8.86802)
(6.40265, 7.61975, 8.25803, 10.2139, 10.297, 18.6772, 10.9267, 1.39451, 3.67063, 6.02902, 16.5105, 8.94923, 13.0072, 4.06134, 8.72431, 8.82974, 7.23474, 7.7903, 12.3118, 7.0822, 10.803, 11.2061, 3.28625, 4.19622, 2.10391, 9.70807, 7.5919, 1.39286, 4.15101, 13.6536, 26.6844, 12.3553, 14.8765)
(11.3429, 9.54476, 9.59776, 22.5909, 13.4831, 6.26241, 4.02804, 2.05723, 7.53358, 2.08644, 11.4729, 18.7332, 11.515, 5.91783, 9.55631, 5.90486, 5.83876, 9.51255, 6.03912, 2.22118, 9.58817, 15.173, 7.60319, 4.01051, 9.3921, 11.2612, 3.85065, 0.0644614, 1.95304, 4.13244, 11.8029, 20.9386, 24.9909)
(0.0105507, 0.0189414, 16.4249, 0.0942417, 16.6414, 0.78436, 16.6431, 32.9133, 16.4467, 0, 0.0225587, 16.5315, 16.659, 16.6636, 0.254156, 0.0172621, 16.5316, 0.0881952, 0.0602195, 0.165939, 16.5772, 16.4512, 49.6987, 16.4618, 16.6352, 16.4528, 0.0362248, 0, 0, 0.0369428, 0.103378, 0.31823, 0.256654)
(3.74176, 5.51973, 33.8828, 32.4533, 12.165, 4.40035, 4.62263, 0.71714, 0.218768, 0.697354, 1.5812, 1.23287, 5.24683, 7.41902, 8.50075, 11.3722, 13.5939, 26.5215, 15.1713, 4.28419, 3.65092, 3.00655, 0.547993, 0.307933, 0.568583, 0.575637, 0.317176, 0.0977286, 0.507968, 3.51536, 10.1467, 43.0434, 40.3716)
(3.39099, 16.4005, 19.7767, 35.5628, 12.1179, 5.59108, 0.833498, 2.38183, 0.213806, 0.543559, 3.18743, 4.66072, 1.17229, 6.95136, 5.48995, 7.90312, 22.4018, 21.2198, 11.8466, 8.81876, 4.95258, 4.58315, 0.505076, 0.271664, 0.413064, 0.558687, 0.266487, 0.0847607, 0.325027, 3.01817, 20.7321, 34.4301, 39.3949)
(3.66311, 5.79853, 25.5089, 28.6315, 17.4951, 7.55482, 2.72844, 3.87319, 0.437992, 2.37584, 1.9326, 6.17254, 1.6166, 8.28097, 11.5768, 13.7728, 7.60872, 14.3885, 15.5702, 6.9332, 9.5334, 4.54631, 3.88258, 0.635324, 0.848333, 2.4872, 2.00921, 0.169218, 0.451813, 12.5537, 14.2607, 32.4502, 30.2517)
(1.44958, 1.00696, 1.28911, 18.4249, 23.4965, 28.8794, 13.8039, 0.71247, 4.86374, 0.685788, 5.38771, 18.0086, 5.26686, 13.8994, 13.7281, 6.03213, 9.6655, 2.18839, 1.79928, 9.96731, 13.9488, 5.49562, 29.7002, 1.06628, 13.7633, 4.89089, 4.57867, 0.166657, 0.438241, 9.54822, 6.0452, 20.5708, 9.23157)
(7.50172, 13.6943, 12.5648, 27.1822, 20.4232, 8.40487, 3.00461, 2.56291, 2.32813, 0.701816, 1.63145, 5.26664, 6.96547, 7.54738, 3.98975, 6.30922, 17.8163, 18.2251, 10.1088, 19.1165, 3.3849, 1.26988, 0.888903, 2.44603, 2.692, 0.798558, 2.32602, 0.118121, 2.24131, 3.39631, 8.47561, 28.2222, 48.3949)
(6.46, 8.24936, 13.3949, 19.1415, 17.2863, 14.4185, 6.15229, 3.89946, 2.19396, 3.44681, 5.35693, 8.72815, 5.80943, 9.61626, 9.07221, 8.66385, 11.1826, 12.4171, 9.21494, 11.5821, 6.60586, 7.10764, 5.58737, 2.96082, 3.84529, 3.34009, 1.50568, 0.575435, 1.81541, 6.74943, 11.1885, 23.8326, 38.5994)
(10.1675, 8.48099, 5.27551, 11.534, 16.0159, 12.9152, 12.8034, 3.5457, 11.7057, 1.27954, 6.27657, 17.5697, 17.2195, 7.22988, 3.00658, 3.30171, 6.85194, 5.07365, 7.34653, 5.05896, 15.7655, 11.5761, 13.1569, 22.9108, 8.27074, 7.5251, 0.679561, 2.52358, 0.815411, 5.21338, 7.83651, 10.8203, 20.2477)
(2.09777, 8.9019, 11.0742, 22.5984, 26.0669, 14.979, 5.43132, 0.960925, 1.28131, 3.37258, 3.23565, 5.16931, 3.20825, 10.188, 10.2097, 20.2096, 8.29695, 8.72852, 12.2278, 5.21441, 6.51728, 10.0302, 3.41474, 4.4866, 3.3159, 3.10372, 0.476265, 1.07576, 2.9714, 7.01189, 11.7808, 16.9043, 45.4586)
(0.634326, 0.717648, 0.885109, 15.178, 15.9468, 56.3649, 1.31009, 7.21409, 0.935578, 0.263622, 0.549877, 1.4787, 14.5528, 7.79282, 7.56621, 14.6053, 7.52884, 7.97519, 8.09583, 0.87502, 21.5103, 8.01893, 8.05335, 14.6773, 14.2017, 0.66773, 0.251416, 6.84372, 6.86488, 21.0521, 1.25442, 22.6238, 3.5096)
(1.34815, 1.60588, 10.7106, 7.85919, 16.0896, 36.8559, 9.75222, 5.02827, 4.85544, 0.560754, 5.33411, 14.5757, 1.45934, 14.497, 10.0991, 10.0606, 6.32585, 10.6124, 5.99364, 18.9985, 5.82976, 1.54803, 14.0957, 1.01976, 5.20792, 0.780135, 0.341524, 0.188908, 0.388105, 14.1344, 6.27357, 21.0474, 36.5226)
(3.65077, 5.37714, 10.9941, 21.5276, 14.9736, 18.4135, 9.60767, 7.39025, 2.43961, 2.08938, 3.53645, 9.5597, 6.98208, 7.18226, 11.0121, 8.00394, 13.2034, 7.17025, 8.48684, 9.71692, 7.76583, 10.9167, 11.8226, 5.98308, 7.58773, 2.6875, 0.989522, 3.05746, 3.54748, 7.951, 8.0609, 13.9412, 34.3715)
