(0.770932, 1.57251, 1.49756, 13.3591, 26.3234, 13.3627, 13.4831, 13.2626, 0.79661, 15.4077, 0.163799, 14.8155, 0.183286, 12.8477, 1.79352, 0.316063, 0.161461, 26.1541, 1.09804, 1.24269, 2.13659, 39.251, 28.0675, 13.5404, 14.0113, 0.783212, 0.885718, 0.0219554, 0.81833, 38.4226, 1.17584, 1.00845, 1.26466)
(7.49739, 15.1021, 8.07869, 1.8528, 10.078, 1.84979, 8.68447, 8.47593, 7.52074, 30.6801, 0.180017, 23.3913, 0.289251, 1.29422, 15.236, 0.320231, 0.209057, 9.76919, 7.86328, 7.9906, 15.5003, 18.1365, 31.8438, 8.69349, 15.9095, 7.5539, 7.5797, 0.03429, 7.54785, 10.5612, 7.98083, 0.958506, 1.33693)
(0, 0, 0, 0, 0, 0, 0, 0, 0, 0, 0, 0, 0, 0, 0, 0, 0, 0, 0, 0, 0, 0, 0, 0, 0, 0, 0, 0, 0, 0, 0, 0, 0)
(0.589896, 6.96426, 1.58912, 13.757, 19.9683, 13.5299, 18.2922, 18.0503, 6.22668, 0.476015, 0.556363, 0.9261, 25.3365, 7.11685, 1.02016, 0.456472, 6.52343, 1.29326, 12.7745, 7.23558, 12.589, 24.7282, 12.3649, 12.2094, 12.1948, 18.0338, 0.517658, 0.145789, 0.394079, 6.50277, 13.3835, 2.84102, 21.4124)
(0.1434, 0, 0, 0, 48.447, 0, 0.827817, 0.717, 0.987509, 48.3199, 0.557309, 0.700709, 0.5736, 48.3199, 0.1434, 0, 0.413909, 0.700709, 0, 0, 0.557309, 48.5904, 0.844109, 0.4302, 0.5736, 0, 48.447, 0, 0, 0.1434, 48.1765, 0.827817, 0.557309)
(3.8512, 5.08893, 16.2417, 20.883, 21.0404, 15.9523, 5.39719, 2.30446, 1.47259, 4.27326, 3.4949, 8.71307, 9.94873, 6.981, 12.477, 10.9952, 10.6898, 10.9977, 5.80488, 10.5655, 6.3461, 6.48093, 3.98362, 3.4163, 1.76812, 2.40723, 1.18188, 0.919656, 2.01687, 7.12619, 13.2819, 28.0938, 35.8044)
(0.363464, 5.006, 9.93415, 18.8996, 18.7568, 23.0859, 4.94811, 4.70275, 0.266354, 4.95156, 9.08532, 5.10824, 0.397615, 9.2816, 9.55399, 5.0537, 0.323594, 13.8818, 5.21611, 14.0002, 23.0595, 14.1237, 9.64515, 17.9299, 0.481002, 4.62121, 4.64003, 0.036583, 0.346427, 5.05193, 9.73024, 23.4934, 24.0241)
(1.07242, 1.54237, 15.3246, 20.8511, 16.7161, 12.4114, 18.5002, 1.26518, 1.03285, 5.78223, 5.50157, 6.57542, 5.57569, 10.3618, 10.4486, 9.93268, 9.39457, 6.73851, 14.7025, 10.9555, 11.9013, 3.41341, 6.46267, 2.18328, 13.7673, 0.787085, 0.818813, 0.116475, 0.930286, 6.50283, 11.2139, 26.1383, 31.079)
(0.136939, 0.159463, 19.7447, 15.0177, 24.6353, 24.7858, 5.15159, 0.180759, 5.04391, 5.01764, 0.126102, 10.0002, 5.1021, 14.8244, 5.07585, 0.223162, 5.02507, 9.98797, 10.0223, 19.6815, 14.8823, 5.17521, 0.267926, 9.93913, 0.225258, 0.0881918, 4.95168, 0.0257298, 4.98051, 9.99256, 14.8754, 24.8111, 29.8425)
(2.97365, 9.23543, 8.75221, 20.9306, 25.4418, 17.9713, 3.60137, 2.45078, 2.14375, 0.812643, 5.68646, 9.9374, 16.4865, 18.4455, 8.01175, 1.92854, 4.94083, 8.03168, 4.21535, 7.57013, 10.5356, 9.89672, 1.05016, 0.431609, 1.31186, 2.57255, 0.589986, 3.74545, 2.34092, 6.46448, 17.3225, 29.2526, 34.918)
(4.76026, 9.43354, 18.4352, 27.7939, 19.3788, 10.123, 4.66921, 4.61197, 0.134706, 0.168494, 0.490912, 1.03782, 18.3953, 14.0237, 13.7542, 0.450118, 4.96315, 18.2729, 5.04958, 13.7069, 0.859395, 9.48699, 0.247686, 0.115824, 0.222687, 0.231828, 0.15026, 0.130249, 4.65485, 0.669059, 18.5862, 24.198, 50.7934)
(3.21595, 15.4363, 10.1967, 19.3328, 16.7989, 17.4454, 3.31059, 2.37376, 3.88483, 1.27992, 6.7249, 5.67982, 6.73924, 8.73279, 12.233, 7.02756, 9.71319, 7.46423, 7.67464, 12.9749, 7.63838, 14.1223, 6.55148, 1.0602, 3.99106, 3.99516, 1.36155, 1.7167, 4.43746, 7.09808, 13.4854, 15.1152, 41.1876)
(8.98486, 3.406, 6.44541, 1.47711, 16.4029, 12.4834, 11.938, 11.6631, 9.00489, 14.9727, 3.22169, 6.71242, 24.6863, 12.0547, 0.791839, 0.422581, 3.10789, 8.69392, 12.0663, 18.1744, 0.72057, 12.5691, 15.0842, 14.4609, 15.0356, 8.42908, 11.5665, 2.7178, 0.216352, 0.58189, 12.8566, 10.4785, 8.57255)
(5.8537, 8.7897, 23.3194, 20.5332, 11.8343, 20.507, 3.0206, 2.96102, 0.0722777, 2.98391, 0.124821, 5.9319, 0.126873, 3.03135, 11.7076, 14.5628, 0.0966055, 8.842, 11.7253, 8.87393, 26.2139, 8.88779, 11.7018, 3.02612, 2.96544, 2.94998, 2.94599, 0.0121704, 5.83614, 3.03672, 11.7678, 26.3659, 29.3919)
(3.80701, 6.34949, 18.9884, 20.2833, 11.8943, 17.2848, 5.94584, 2.77244, 5.55494, 4.34026, 2.77916, 7.17869, 9.42047, 7.50419, 8.24429, 6.59109, 5.23457, 11.9744, 8.64503, 10.3578, 10.9852, 13.8643, 8.09328, 6.27991, 2.67448, 1.90575, 6.88203, 1.06689, 4.81293, 9.59597, 12.3057, 18.2409, 28.1422)
(7.45532, 0.260982, 0.455236, 0.701883, 1.31042, 1.16545, 1.26477, 35.8476, 29.0189, 14.8551, 7.66435, 15.041, 28.9648, 15.1411, 7.50979, 0.471896, 0.699452, 14.8614, 0.635877, 0.487214, 7.9335, 8.25401, 21.9109, 21.8364, 28.9832, 0.231299, 0.783792, 0.0369477, 0.209817, 7.77512, 8.10093, 1.47598, 8.65554)
(0.26635, 0.103608, 0.0148525, 0.112308, 19.8929, 0.218644, 38.7697, 0.590766, 19.7531, 0.787182, 19.4906, 19.6261, 0.595123, 0.836, 0.205408, 0.0889352, 19.3869, 19.5688, 0.131421, 0.0592302, 19.5141, 19.9879, 19.66, 0.471842, 0.567489, 0.0549699, 19.7825, 0, 0.0252649, 0.273338, 0.7429, 38.7398, 19.6819)
(0.54555, 12.3199, 15.5627, 11.8754, 30.0468, 21.8409, 4.48831, 0.252515, 0.195373, 0.348869, 2.52365, 6.95309, 4.9064, 2.63054, 9.15086, 13.127, 22.861, 5.45581, 10.5354, 11.0282, 8.59599, 4.75571, 2.30048, 6.26645, 4.124, 4.32372, 2.1795, 2.07147, 0.463363, 10.7799, 17.3524, 22.6806, 27.4582)
(3.92092, 6.44509, 11.959, 27.6747, 20.0122, 11.2773, 6.59687, 1.96329, 2.22265, 2.76368, 5.16428, 7.04357, 10.143, 9.27931, 11.8041, 9.36724, 8.39749, 8.44936, 9.85551, 10.0925, 8.18082, 7.38713, 3.28265, 0.924155, 1.22118, 1.8096, 1.01541, 0.689513, 2.39753, 8.78355, 13.9591, 28.2224, 37.6949)
(3.34847, 9.02947, 6.90888, 25.875, 28.3504, 17.5749, 1.02414, 3.11271, 0.555344, 0.634616, 3.58606, 3.83064, 6.42192, 3.82003, 14.1284, 9.03744, 6.14834, 6.37842, 11.7694, 17.1174, 9.45752, 11.8906, 1.005, 3.26313, 0.576396, 5.63378, 0.33683, 0.0715822, 3.11131, 11.3649, 30.3734, 21.4727, 22.7909)
(7.68843, 7.34733, 9.6608, 18.5103, 18.1618, 13.2211, 10.848, 1.79204, 4.39033, 2.20614, 6.17369, 9.21037, 10.795, 8.80696, 7.62408, 4.685, 6.34291, 9.8998, 12.0046, 4.94735, 14.7474, 10.9365, 5.5777, 4.63825, 3.24456, 2.84884, 1.49736, 0.358906, 3.20845, 9.7734, 14.9919, 20.3294, 33.5312)
(5.91124, 6.44441, 10.2549, 12.8531, 14.2106, 15.207, 11.4394, 5.78192, 5.3697, 5.21647, 7.31131, 9.08166, 10.4325, 8.11879, 7.29269, 8.09272, 6.57166, 9.085, 10.6704, 10.2131, 10.2103, 10.2312, 5.21068, 6.83169, 7.75103, 2.70758, 2.78687, 1.71385, 5.31166, 8.8626, 12.7207, 18.6055, 27.4979)
(4.60129, 5.1238, 10.7544, 14.6286, 13.1523, 20.1878, 11.3208, 5.13153, 5.50677, 4.21218, 5.38055, 10.0594, 8.69963, 10.0329, 6.54682, 8.03521, 6.80148, 8.45553, 12.5789, 9.86179, 9.18454, 9.74385, 6.39322, 6.53171, 7.7764, 3.32045, 3.13942, 1.29679, 4.7781, 9.53761, 11.0685, 21.2812, 24.8767)
(5.84482, 5.76003, 5.4892, 14.0518, 6.4623, 20.9161, 14.1281, 8.07909, 11.3911, 5.35333, 2.52417, 12.0306, 7.73451, 10.3911, 5.04863, 12.3254, 10.2766, 4.26683, 13.1476, 8.0981, 10.1527, 6.52791, 13.3741, 8.96508, 9.45344, 5.20266, 1.59957, 0.378412, 3.88237, 10.2713, 6.87754, 17.5747, 22.4208)
(3.87813, 3.89324, 0.931206, 11.1186, 30.7694, 27.4316, 3.90497, 3.60442, 6.88596, 3.6467, 3.93573, 13.9188, 4.00005, 7.29909, 13.8559, 3.8696, 0.758392, 7.30932, 3.99177, 0.701159, 13.9457, 30.3502, 0.446338, 3.81858, 3.7268, 0.28626, 0.239208, 0.0323417, 6.88843, 17.1306, 10.8436, 34.6356, 21.9523)
(2.85328, 3.23361, 18.5037, 25.5535, 19.7992, 7.11031, 4.3996, 3.57637, 3.46932, 3.94607, 7.55509, 3.91828, 11.1822, 9.22078, 12.9105, 7.01685, 7.03384, 13.1687, 10.8024, 6.03328, 3.6782, 15.0349, 2.53486, 0.8072, 0.537169, 0.712616, 0.502619, 0.236318, 2.35067, 6.08667, 13.9759, 30.0199, 42.2361)
(3.93959, 6.06953, 17.019, 20.0972, 19.5052, 16.4174, 4.94679, 2.57509, 2.22764, 2.96383, 4.23871, 7.74913, 8.80474, 9.1191, 8.52733, 9.31937, 8.39456, 12.384, 9.19779, 12.1864, 7.55243, 6.7651, 4.43916, 3.19402, 2.22943, 1.92013, 1.4932, 0.741418, 2.85247, 5.82625, 14.6686, 27.2485, 35.3868)
(2.28535, 5.07043, 13.3762, 20.3916, 22.4992, 19.2749, 5.49197, 3.9736, 1.88185, 2.41417, 3.34083, 5.59012, 10.2618, 11.225, 9.87604, 8.05232, 9.31838, 13.3954, 5.10652, 10.0517, 9.01041, 8.11227, 3.92098, 4.5475, 2.35193, 2.30285, 2.07403, 1.04068, 4.06693, 7.83028, 14.6999, 24.0578, 33.1071)
(1.32182, 1.32522, 7.37284, 15.126, 33.3261, 26.5855, 7.83988, 1.64551, 3.3959, 0.896704, 1.16445, 4.3571, 9.44808, 12.136, 12.4037, 16.4092, 8.68283, 9.62042, 2.91665, 9.19642, 3.68633, 11.1433, 9.23412, 4.39936, 11.6635, 1.21502, 0.895396, 0.329751, 4.27719, 5.79751, 9.02361, 19.8717, 33.2929)
(0.502877, 6.07905, 12.2935, 27.1292, 35.5824, 13.2714, 0.727897, 0.32513, 3.03448, 0.365913, 0.688105, 3.79436, 0.873842, 6.34465, 17.8792, 12.3209, 6.49794, 15.0288, 9.26464, 20.5985, 3.69554, 3.7016, 0.252962, 0.450729, 0.318049, 0.327212, 0.34369, 0.114212, 0.366793, 9.20272, 15.5813, 33.14, 39.9023)
(3.92573, 4.69215, 9.89134, 21.3095, 21.7883, 18.3144, 5.93743, 2.63699, 3.05347, 3.72106, 4.72964, 12.2902, 9.6681, 7.61645, 7.38795, 11.7827, 10.0971, 8.08103, 7.9649, 10.5576, 6.37749, 8.17652, 1.10202, 1.84726, 1.81051, 3.04817, 3.42762, 1.00027, 5.49031, 8.26729, 19.6154, 23.9031, 30.4881)
(3.99553, 5.90087, 15.4253, 18.3274, 22.6919, 17.5206, 4.35376, 2.27803, 1.60675, 2.84276, 5.05717, 9.79977, 9.8321, 6.24761, 9.26431, 9.78499, 11.6051, 11.4088, 7.98118, 10.6875, 7.18554, 6.20306, 2.50985, 3.2551, 2.32861, 2.95097, 2.45031, 0.961429, 4.20694, 7.69928, 13.716, 24.6129, 35.3086)
(1.96137, 8.13576, 10.1393, 18.997, 23.565, 15.0867, 5.34123, 0.605831, 3.18279, 4.89998, 8.08506, 12.2242, 20.9729, 9.07818, 12.2791, 5.3475, 4.18227, 8.2802, 4.05415, 6.90837, 9.37719, 7.296, 2.89862, 3.1669, 1.08505, 1.02209, 0.817225, 0.248455, 5.99705, 2.74766, 25.942, 29.6956, 26.3793)
(4.29529, 7.11654, 20.3506, 15.1071, 14.9676, 14.1154, 6.02892, 2.76683, 1.74302, 4.15167, 9.35703, 6.70341, 12.8316, 8.22389, 11.1813, 5.9576, 3.65308, 3.41754, 10.4999, 13.1716, 8.67422, 15.686, 6.06489, 1.38021, 2.52066, 3.77967, 2.15387, 0.277798, 4.25631, 7.31633, 13.1906, 21.3633, 37.6963)
(5.57395, 5.92211, 12.7742, 16.7556, 13.8992, 4.99253, 1.54597, 7.3128, 9.2545, 13.7296, 8.2396, 8.50032, 8.10197, 8.24471, 3.59568, 12.3277, 5.7492, 1.52241, 4.58612, 19.3484, 12.9374, 15.0861, 14.0066, 7.71141, 5.21363, 2.88147, 0.606529, 0.0709806, 2.8979, 3.62749, 9.33003, 30.3903, 23.2636)
(3.34632, 3.12688, 10.5174, 22.1084, 19.9387, 11.2517, 3.56345, 5.22745, 5.28809, 7.59564, 8.03593, 15.1556, 8.18089, 5.69078, 14.6379, 3.38688, 5.40066, 7.82373, 8.17328, 12.6106, 5.83636, 13.1033, 0.818923, 5.44157, 5.58248, 2.82958, 2.82873, 0.141599, 2.80995, 10.3122, 22.2617, 25.2203, 21.7529)
(7.19677, 7.30739, 5.6122, 31.9209, 14.6203, 8.00304, 5.1252, 4.91745, 0.620744, 2.92613, 11.7499, 11.9121, 7.49632, 11.7544, 2.92697, 5.34008, 9.40963, 2.98811, 18.2412, 14.2362, 7.774, 7.92098, 0.91894, 7.26054, 2.81553, 2.60212, 4.56101, 0.0434962, 2.59907, 3.01392, 18.6029, 26.4088, 31.1737)
(8.2547, 8.30218, 9.15004, 12.0583, 12.3093, 12.6345, 9.14762, 8.20861, 5.45805, 6.2192, 8.2574, 10.255, 10.6922, 9.88849, 6.18141, 8.90932, 7.56474, 6.93462, 10.3655, 9.17932, 9.07743, 10.952, 4.50012, 8.46765, 8.30252, 4.69571, 2.63939, 0.55846, 3.58767, 8.60664, 11.6018, 18.7152, 28.3248)
(4.85905, 4.04105, 4.96423, 8.5703, 8.58943, 23.5606, 19.3181, 7.25654, 4.63463, 4.16454, 10.0416, 8.57828, 10.6873, 10.5579, 7.24963, 10.2311, 5.01358, 7.38391, 8.37408, 4.8979, 15.9071, 11.1193, 4.6235, 12.9342, 16.1054, 6.53426, 3.77206, 0.228934, 1.16829, 13.6119, 11.1091, 7.75417, 22.1581)
(8.51476, 10.2099, 12.0977, 13.133, 15.7613, 12.8479, 5.32927, 2.93779, 2.98215, 4.13809, 12.0482, 8.22273, 8.39976, 6.57247, 10.6938, 8.69402, 8.7156, 8.88092, 10.4041, 9.21402, 9.28545, 10.9172, 3.26055, 3.93197, 2.08931, 2.44835, 1.53043, 0.510438, 5.80719, 6.50703, 11.2598, 19.3911, 43.2639)
(4.48264, 11.6386, 18.5965, 16.4245, 17.1411, 8.17055, 6.60422, 4.9382, 3.92579, 2.22671, 5.8512, 9.55399, 9.71967, 11.4216, 8.54622, 5.36828, 6.24669, 8.06779, 8.15702, 11.0738, 10.3229, 11.5221, 1.65224, 6.08227, 7.70129, 0.856582, 0.642214, 0.29096, 1.09741, 3.86341, 15.8144, 27.4472, 34.552)
(6.29624, 6.37617, 12.5177, 16.8879, 15.915, 14.0659, 6.63605, 2.62907, 2.55863, 4.8753, 11.2421, 8.50772, 8.86424, 6.69288, 11.6863, 8.62992, 7.90018, 8.89574, 8.68046, 10.0627, 8.51239, 11.5675, 2.67712, 2.62509, 1.9534, 3.34753, 2.95903, 1.38172, 3.20737, 7.17803, 13.9725, 22.6466, 38.0517)
(3.55044, 1.85561, 11.1437, 17.5726, 27.8833, 21.6931, 6.23531, 3.78506, 2.15688, 1.88759, 2.23636, 3.5047, 11.2674, 10.2933, 12.7787, 9.5225, 8.73334, 9.91303, 7.52379, 9.8451, 8.48485, 8.13319, 3.47554, 4.29229, 3.91577, 2.84983, 2.03791, 0.771764, 3.76953, 8.32692, 15.8727, 23.5251, 31.1627)
(0.649622, 0.73581, 5.19362, 25.0234, 11.5197, 42.5137, 8.30996, 4.137, 0.497349, 0.496015, 0.923886, 8.61273, 1.31182, 8.49002, 9.3917, 12.7741, 4.92593, 16.0977, 8.69396, 9.15259, 12.0457, 8.50376, 3.8947, 14.8009, 7.60307, 3.98803, 7.61728, 0.187403, 0.511605, 5.12562, 10.2139, 15.2096, 30.8479)
(3.45032, 5.36947, 13.192, 19.6754, 24.1378, 19.1196, 4.27167, 2.12679, 0.850441, 3.73551, 4.07098, 7.59429, 8.83818, 10.1713, 8.87433, 8.31546, 11.5417, 9.39786, 6.30788, 8.65004, 8.61296, 11.696, 3.3756, 2.42775, 1.99487, 4.58079, 3.41984, 1.13712, 4.99567, 8.15326, 12.0387, 26.2232, 31.6531)
(0.686055, 5.19997, 13.9434, 10.8339, 32.4424, 22.3963, 0.972401, 3.98871, 4.32406, 0.653134, 4.5597, 13.3359, 14.7252, 21.819, 9.97661, 8.7387, 8.87044, 2.15244, 1.14658, 1.51389, 8.82128, 8.89991, 4.27321, 0.666337, 0.284218, 0.486188, 4.09185, 0.142769, 4.70912, 16.512, 15.2263, 20.9042, 32.7039)
(1.84519, 11.3643, 13.5902, 18.8463, 29.6587, 17.1343, 3.10305, 0.438078, 0.810435, 0.948151, 2.26128, 7.77704, 12.488, 11.8456, 10.3929, 7.71237, 13.7682, 10.8928, 5.59652, 11.122, 3.64803, 4.75669, 1.41044, 0.992291, 1.62314, 2.25358, 0.797091, 1.81255, 4.30973, 10.0464, 19.9172, 28.5217, 28.3159)
(6.30113, 6.09648, 6.93894, 31.2143, 24.4604, 15.001, 2.40863, 0.472627, 0.6232, 0.986762, 5.49655, 8.68018, 9.43877, 8.50001, 13.3962, 6.3542, 13.3809, 9.12971, 12.3601, 6.35067, 7.68575, 4.72356, 1.26083, 3.022, 0.923913, 2.83356, 0.640188, 0.166513, 5.13822, 6.47365, 14.8744, 24.9865, 39.6803)
(2.84573, 12.2446, 11.1373, 21.5841, 15.2529, 15.6918, 7.17595, 2.41959, 2.69969, 2.38443, 6.56393, 10.6948, 10.8011, 4.03658, 5.32151, 14.2133, 10.5187, 7.14513, 9.28563, 9.41048, 11.1099, 7.46286, 4.75724, 4.36784, 4.36986, 4.30776, 0.469342, 0.108097, 4.16359, 3.78378, 17.4454, 26.2177, 30.0094)
(3.17488, 8.76149, 8.94912, 12.2656, 28.1635, 12.0431, 6.31002, 3.0291, 10.9299, 0.379029, 5.99419, 6.31026, 6.19674, 16.577, 3.38431, 8.85614, 6.08165, 6.11042, 14.2029, 11.5927, 11.7089, 8.97903, 5.93971, 3.22335, 5.71382, 3.08976, 2.83563, 0.0277486, 0.347683, 13.9311, 17.2866, 20.838, 26.7666)
(8.26618, 0.990572, 16.9036, 9.32188, 2.63164, 9.92714, 26.5938, 16.2246, 8.23274, 0.268494, 0.639261, 1.6289, 17.0677, 8.5874, 9.17696, 8.80801, 16.2308, 8.99472, 1.47796, 17.1143, 9.61711, 1.29608, 9.41354, 16.2758, 8.27391, 1.45501, 0.685923, 0.0155064, 0.38673, 8.55855, 9.87571, 26.0843, 18.975)
(5.90943, 8.47761, 10.4994, 12.5052, 14.1006, 10.5268, 7.19459, 3.53401, 3.79413, 8.32674, 15.1315, 12.0374, 7.29929, 9.65932, 6.57357, 12.1347, 4.97926, 9.97064, 8.80383, 7.44286, 9.93576, 11.1634, 6.37367, 2.94969, 2.20201, 2.77468, 1.11039, 0.289741, 4.69507, 7.40002, 11.3667, 18.7719, 42.0661)
(12.2243, 8.48208, 7.85246, 6.52665, 12.2863, 15.4848, 5.56597, 1.09578, 4.61289, 8.2608, 17.608, 16.5822, 9.30852, 7.25594, 5.46588, 13.9131, 1.59674, 5.12886, 9.02897, 7.31958, 7.45158, 16.9486, 6.41643, 6.41932, 6.72468, 1.16661, 6.11747, 1.88242, 1.01389, 8.84799, 17.3028, 18.4087, 25.6997)
(1.40463, 4.05323, 15.1958, 12.3248, 19.4094, 12.4032, 17.5231, 5.37272, 1.02135, 0.902942, 10.3888, 8.90083, 8.69104, 6.45238, 10.4516, 8.52599, 6.19558, 12.8046, 11.207, 6.56297, 9.02435, 11.1837, 5.90512, 10.167, 5.53445, 5.46541, 2.87887, 0.0713783, 0.904561, 6.25943, 12.0908, 20.4045, 30.3185)
(11.7273, 5.22157, 10.502, 9.83482, 10.0678, 15.0194, 9.7825, 7.11137, 5.67766, 4.84519, 10.2104, 11.1021, 9.07097, 6.17158, 7.73619, 10.0451, 9.10328, 6.96662, 10.3557, 8.04858, 8.74242, 12.6575, 5.26732, 11.1889, 10.0966, 5.60327, 3.18036, 0.738461, 5.58178, 9.13198, 11.4863, 16.9194, 20.8056)
(9.7075, 7.59028, 8.18399, 10.748, 10.5731, 12.3351, 13.275, 9.89511, 3.22439, 4.15785, 10.3098, 13.7477, 12.1699, 4.91794, 7.22476, 4.3896, 8.63114, 12.1992, 9.63178, 7.49869, 9.18798, 10.4013, 6.55707, 10.1522, 11.6337, 5.06514, 3.47523, 0.184548, 5.8348, 7.88525, 11.2835, 17.4736, 20.455)
(7.12405, 5.38516, 9.92786, 16.9843, 21.3497, 11.6844, 5.39862, 1.75875, 5.24973, 4.62518, 10.5123, 9.92277, 10.9641, 15.5928, 4.61127, 4.67743, 12.2488, 10.4908, 5.70665, 8.61767, 9.4244, 7.74335, 2.18245, 3.81639, 3.47096, 1.95058, 2.61278, 0.115575, 3.11345, 14.2177, 12.6637, 27.2477, 28.6087)
(8.65935, 7.7779, 1.08837, 12.0599, 19.0184, 23.4024, 16.103, 1.12435, 1.16119, 4.4304, 5.17468, 12.4232, 15.4766, 8.20505, 8.15606, 4.85838, 11.8841, 1.34069, 15.3636, 4.6553, 8.68258, 8.95448, 4.5184, 1.72684, 5.36224, 0.8533, 0.657075, 0.143059, 0.715809, 15.5912, 12.3521, 20.2022, 37.8778)
(5.58014, 7.26722, 10.0695, 18.1333, 17.7416, 17.7784, 5.93459, 3.49325, 3.51828, 4.90232, 5.58139, 7.97396, 9.50814, 9.05771, 14.7924, 6.86254, 7.70622, 9.65879, 5.53391, 5.92369, 11.66, 11.3226, 7.27788, 6.24396, 3.93591, 4.2744, 2.60984, 0.234413, 6.28965, 6.99429, 12.496, 24.2418, 25.4018)
(6.66763, 12.7751, 17.5689, 10.024, 11.6517, 7.09545, 6.57188, 4.83644, 14.046, 3.42256, 5.3404, 23.5603, 9.86358, 6.66621, 6.75215, 8.15814, 5.11509, 6.68906, 3.59694, 9.804, 9.85574, 9.93883, 12.5752, 6.44795, 6.36421, 4.84509, 4.75059, 1.58065, 1.81948, 3.57876, 7.00386, 28.9112, 22.1229)
(5.81617, 7.64584, 13.0618, 12.2241, 15.5761, 15.7686, 9.30149, 4.69005, 2.24297, 4.69391, 8.97889, 9.55815, 10.6733, 10.6266, 9.57452, 7.82031, 7.18177, 12.2596, 7.87844, 8.57895, 7.51799, 8.33041, 5.35328, 5.54847, 5.77185, 3.80196, 4.78473, 0.477266, 2.62415, 5.67129, 11.5622, 20.2776, 34.1272)
(5.06846, 5.7512, 10.4462, 14.6424, 18.965, 16.0604, 6.16044, 4.59142, 3.9911, 5.42749, 8.89587, 10.3445, 10.1648, 8.56972, 8.74807, 7.67916, 8.33595, 9.38216, 8.42969, 9.84315, 9.72106, 8.78182, 4.66759, 4.06789, 2.5703, 2.71049, 1.91959, 0.95216, 3.73726, 6.43532, 13.8834, 22.0471, 37.0089)
(8.32734, 3.86865, 6.40618, 9.65901, 16.8506, 12.6385, 13.3099, 4.7318, 4.43978, 7.8486, 11.9196, 7.51611, 13.5334, 7.99002, 11.8989, 5.89728, 5.93383, 6.78773, 6.71459, 6.30104, 11.0148, 16.4122, 1.91966, 3.1137, 5.47647, 5.60277, 4.31735, 0.580301, 5.61751, 9.64727, 17.259, 20.8951, 25.5709)
(2.28791, 2.49151, 14.2428, 17.5158, 22.2134, 15.039, 9.44573, 3.1998, 4.85161, 4.15236, 4.56017, 9.77867, 9.1094, 7.78843, 7.08648, 8.15281, 8.42373, 15.2882, 5.44341, 7.18313, 13.0863, 8.65938, 0.872862, 2.97023, 4.97585, 3.11004, 2.93442, 1.38191, 2.13606, 11.316, 14.4116, 26.9271, 28.9639)
(5.06929, 5.3753, 10.101, 21.7556, 23.2825, 17.6283, 5.34437, 4.11761, 0.848841, 3.86109, 2.61595, 13.1306, 7.26305, 8.0284, 7.52757, 8.27791, 11.5387, 15.6777, 6.46011, 10.9639, 5.32202, 5.81017, 2.25824, 2.26968, 1.13897, 4.77239, 4.53518, 1.25542, 3.28058, 10.1104, 17.095, 23.1452, 30.139)
(0.884302, 1.09212, 5.75589, 12.9427, 59.1822, 12.8532, 1.74391, 3.49518, 0.451809, 0.652412, 0.946295, 5.39086, 7.58322, 4.95152, 20.6023, 7.77003, 13.3151, 16.1569, 4.555, 10.2831, 4.91671, 4.47528, 3.42295, 0.836261, 0.693127, 0.726795, 0.635967, 0.235469, 3.55175, 13.0849, 7.08851, 33.0115, 36.7128)
(5.25624, 0.619936, 1.1304, 6.45355, 32.9644, 37.0545, 10.5081, 0.148673, 0.281811, 5.22309, 0.359341, 5.95485, 11.3158, 21.6817, 21.1514, 5.81333, 0.828549, 15.8021, 10.5232, 5.59103, 0.688319, 0.64966, 0.300554, 10.234, 0.135732, 5.24361, 0.190641, 0.065684, 10.5368, 1.02369, 11.7784, 37.5716, 22.9193)
(3.84178, 3.75684, 13.8788, 31.1542, 27.8294, 11.3184, 0.768227, 0.122086, 0.202282, 6.77897, 0.349045, 7.24801, 7.46191, 13.803, 10.5841, 7.29155, 10.6519, 13.8792, 7.08866, 7.23935, 7.50376, 7.24862, 0.401313, 3.51653, 0.281523, 0.247815, 0.201974, 0.0892799, 0.297665, 7.19595, 20.8588, 21.4396, 45.4695)
(7.15539, 9.55651, 6.87697, 14.1061, 16.6635, 15.2376, 10.25, 3.16468, 3.41226, 4.39945, 9.17758, 11.2893, 7.45141, 9.26496, 4.32171, 5.3313, 8.08755, 7.56355, 13.7447, 8.34602, 11.2612, 13.3382, 6.47982, 4.49199, 4.55669, 3.71653, 1.69932, 0.916086, 4.84636, 7.92822, 9.62181, 26.1668, 29.5764)
(4.12609, 11.2261, 6.05508, 12.1109, 22.1428, 20.9263, 11.5989, 3.88248, 3.79778, 1.14037, 2.99322, 10.868, 8.09046, 5.41845, 9.7706, 9.65371, 5.55514, 10.1587, 16.5715, 5.36301, 10.2177, 8.33272, 7.08753, 6.9746, 4.32376, 6.5127, 5.46082, 0.155425, 5.59862, 5.61203, 18.3941, 10.4932, 29.3873)
(10.1554, 6.99224, 14.3538, 10.7145, 11.1391, 12.2268, 7.07035, 6.69487, 3.36488, 8.61522, 8.67283, 19.0844, 8.18172, 4.5709, 7.54128, 8.20578, 7.82042, 3.91263, 6.6414, 6.15691, 10.1352, 17.7493, 1.68553, 3.99156, 7.83497, 3.6115, 6.40346, 0.296425, 3.36395, 6.72302, 17.943, 21.2966, 26.85)
(5.93714, 8.49175, 13.9932, 9.41019, 5.68343, 15.1588, 7.42465, 7.83886, 5.20687, 6.47486, 14.3803, 16.0598, 11.4717, 11.242, 6.75385, 5.92322, 8.37875, 11.0247, 7.46064, 5.95467, 6.18719, 9.54355, 9.41153, 7.04646, 5.68395, 9.08458, 2.10095, 0.144363, 1.02808, 8.69505, 13.4428, 17.4886, 25.8737)
(13.222, 5.03547, 5.10032, 9.87673, 12.1051, 28.6295, 11.3109, 0.418304, 2.46558, 4.60134, 7.23468, 9.48905, 13.474, 7.20775, 9.08781, 11.1883, 7.13721, 7.10203, 7.283, 5.00406, 7.21724, 15.8095, 2.69167, 4.82368, 4.70424, 4.63195, 4.45553, 0.0502453, 6.68722, 11.3278, 15.9674, 23.105, 21.5552)
(9.77532, 3.10837, 2.11995, 20.2733, 11.9626, 23.6152, 15.4616, 1.45774, 1.41143, 2.99144, 7.82312, 8.39494, 9.26845, 8.93731, 5.5778, 9.37301, 12.9256, 3.43066, 11.1951, 7.6659, 12.898, 10.3332, 1.33413, 3.64842, 7.88443, 6.89116, 2.71656, 0.297994, 8.46786, 13.5607, 8.45587, 21.6731, 25.0698)
(9.4727, 4.94871, 10.0836, 11.1227, 8.34625, 15.7661, 12.6142, 5.29815, 7.94287, 5.29313, 9.11156, 9.79723, 9.19504, 5.89539, 3.77712, 12.3333, 12.3861, 7.42143, 12.9624, 8.42581, 6.67015, 11.1359, 6.01382, 7.40822, 16.145, 6.07354, 2.80108, 2.45969, 5.5857, 9.34052, 9.81427, 15.7617, 18.5964)
(5.95329, 7.71252, 7.98523, 31.6415, 10.3502, 11.615, 2.63883, 3.67133, 0.678271, 5.45072, 12.3031, 8.00985, 11.1143, 12.325, 10.6981, 5.79365, 12.3418, 9.08438, 1.21043, 10.4614, 10.856, 8.10514, 2.49679, 4.10823, 3.9326, 2.35125, 2.05598, 0.0527475, 2.2733, 6.16399, 9.82984, 29.7677, 36.9676)
(26.5367, 13.2892, 0.415613, 8.02539, 1.81942, 1.43474, 20.3634, 0.278967, 6.98886, 7.31111, 13.5367, 13.9048, 7.51461, 7.44726, 6.97609, 6.76147, 13.8442, 13.8792, 7.0598, 6.62323, 7.90659, 8.08277, 7.00189, 20.7081, 7.19172, 6.62119, 0.299722, 0.0989703, 6.65993, 7.09196, 7.15981, 28.3556, 8.81116)
(10.6256, 13.1093, 12.4652, 9.49642, 8.7518, 14.192, 9.49805, 4.16067, 5.3918, 2.95212, 9.35699, 9.70241, 9.25639, 6.08299, 8.57634, 7.68948, 9.25927, 9.58791, 9.37263, 6.70285, 10.2417, 13.528, 5.74406, 8.53676, 4.77057, 5.12105, 5.84072, 0.598672, 4.90551, 9.20349, 10.3235, 16.713, 28.2427)
(6.97187, 8.65593, 14.2622, 16.1073, 19.7948, 16.9673, 4.62367, 1.84363, 1.9667, 3.07216, 5.73444, 9.99393, 7.68371, 8.07433, 13.2565, 7.61329, 10.5874, 10.313, 8.09192, 8.47087, 7.98004, 7.93503, 4.14903, 2.92712, 2.8315, 4.63843, 2.7863, 0.259616, 4.05058, 11.2698, 17.1553, 19.7511, 30.1812)
(14.2347, 0.139118, 0.0355652, 28.3166, 14.3672, 14.1517, 14.2171, 0.022548, 0.149878, 14.2164, 0.149165, 0.23051, 14.1789, 0.22373, 0.102469, 0.0721622, 14.2285, 14.2383, 0.0832103, 0.0348773, 28.2841, 28.3233, 0.119546, 28.3736, 14.1255, 0.0566892, 0.0395724, 0.0130172, 0.0531777, 0.0736794, 0.0806574, 42.6246, 14.44)
(7.98399, 7.0969, 12.0951, 12.5714, 13.5207, 13.1956, 6.91104, 2.75052, 4.99227, 5.42241, 13.46, 11.1904, 9.75206, 8.79996, 8.69928, 7.99862, 8.42912, 9.04697, 7.92081, 9.73699, 8.83764, 9.58815, 5.22672, 4.32458, 2.80043, 4.61366, 2.31586, 1.02103, 3.7904, 6.71626, 13.4012, 19.7036, 36.0863)
(2.00814, 3.34697, 8.95134, 15.7572, 25.6258, 25.01, 8.57961, 2.83747, 1.62506, 2.82025, 3.43818, 4.84032, 7.1068, 10.2088, 11.5456, 9.56018, 11.597, 12.3731, 7.39191, 8.88948, 7.89929, 8.58758, 4.67612, 3.26463, 4.60903, 3.87152, 2.18882, 0.994615, 5.12115, 8.35793, 15.6172, 21.9823, 29.3167)
(4.81713, 5.87851, 10.6683, 13.0608, 19.5785, 20.5191, 8.11329, 3.35379, 2.01971, 3.816, 8.17479, 7.96744, 9.46551, 9.05511, 11.956, 8.0183, 9.31739, 9.43289, 7.51709, 9.36156, 8.39036, 9.51836, 5.00164, 4.71599, 2.86468, 3.03149, 2.37592, 0.572477, 4.45781, 7.18352, 13.5594, 21.2656, 34.9715)
(6.38094, 6.17078, 14.0867, 14.2483, 17.9289, 15.8289, 6.99031, 3.49106, 2.03368, 3.48891, 9.35158, 11.4053, 9.83174, 6.85899, 10.5826, 7.72651, 8.4577, 8.92505, 9.1869, 10.1121, 9.54437, 7.36874, 2.65439, 2.55895, 2.46843, 2.59305, 2.12795, 1.54533, 3.2937, 7.25328, 14.5129, 27.0158, 33.9762)
(4.65567, 4.58553, 11.3754, 14.9846, 17.7225, 16.8972, 9.36319, 4.43118, 2.57818, 4.87126, 8.53541, 12.9905, 10.0109, 6.97788, 10.1995, 7.15135, 8.1534, 7.87585, 5.80055, 8.48558, 8.78062, 13.5739, 4.38051, 3.47127, 2.90259, 2.92382, 1.56752, 0.470757, 3.03859, 6.97731, 13.9984, 23.0851, 37.1841)
(1.88898, 1.5839, 5.24764, 23.6297, 27.8598, 22.7644, 5.35475, 3.0208, 3.21184, 1.59628, 3.842, 9.76935, 9.06585, 6.55963, 11.646, 10.5084, 12.1645, 10.7511, 10.4945, 5.73703, 9.02312, 4.28055, 3.27161, 2.5468, 2.04865, 2.14591, 1.57798, 1.88283, 2.12192, 10.1151, 20.2335, 22.0989, 31.9569)
(3.92914, 4.7493, 12.5234, 19.2521, 21.3303, 17.0351, 7.48543, 3.57376, 2.29832, 2.79641, 5.02667, 12.3759, 9.34133, 7.88221, 8.9936, 9.86678, 8.11184, 9.19798, 8.25988, 9.22681, 8.56351, 8.18019, 2.42208, 2.50865, 2.44269, 2.84975, 2.02143, 1.17715, 2.94308, 8.89634, 16.3628, 26.2807, 32.0953)
(4.09315, 4.93662, 9.74371, 16.6864, 25.325, 23.164, 4.93717, 3.09993, 1.87479, 2.22808, 3.91115, 10.8777, 8.01098, 9.70733, 9.72648, 9.68258, 10.0366, 9.85364, 7.22968, 8.77348, 7.79943, 8.3021, 3.71523, 4.67589, 3.70402, 2.44977, 1.29821, 0.636409, 4.39122, 8.4567, 15.9717, 24.0853, 30.6155)
(1.03268, 0.98407, 2.97214, 16.3246, 38.9361, 20.5968, 3.25912, 10.3924, 3.23885, 0.801382, 1.46187, 6.05495, 5.63566, 8.3056, 16.5552, 20.6781, 6.31405, 6.95828, 6.331, 14.7194, 5.82918, 2.6185, 5.86344, 3.48474, 3.25423, 0.896101, 0.996569, 0.662217, 3.58014, 8.54338, 24.3276, 21.7055, 26.6862)
(2.54968, 1.69677, 13.2475, 12.9802, 34.6395, 17.2586, 8.22698, 5.10974, 0.711944, 0.89371, 2.68541, 6.76477, 7.86342, 12.0459, 10.9165, 12.5503, 12.0039, 8.05517, 9.56683, 8.38936, 6.16072, 5.6832, 4.74773, 5.81732, 2.52157, 1.20822, 0.71602, 1.37972, 4.0456, 6.96022, 16.7492, 22.2852, 33.5692)
(5.1876, 3.3529, 12.1108, 14.838, 20.4723, 24.5643, 9.41009, 0.355721, 3.84832, 2.97138, 2.88855, 9.02945, 9.17843, 15.921, 5.26061, 16.0106, 8.62066, 8.11846, 3.69544, 11.8711, 7.72896, 4.56523, 6.31956, 0.665761, 2.99545, 4.91873, 4.6193, 4.45522, 3.55396, 7.17344, 11.1426, 21.2774, 32.8787)
(2.72219, 2.80816, 5.44546, 15.71, 41.3963, 15.7827, 5.39459, 0.0821976, 0.155301, 2.68306, 7.82014, 15.5592, 2.92188, 10.6282, 15.5532, 10.4698, 7.85472, 7.89237, 15.4724, 0.283959, 7.9178, 5.44647, 2.69986, 0.113254, 0.153109, 7.78275, 0.0776135, 0.0221985, 5.25006, 20.5507, 33.5591, 16.0273, 13.7641)
(6.51488, 9.83794, 12.7422, 12.6425, 20.8436, 11.7891, 9.97384, 2.3586, 5.55707, 2.99171, 4.74858, 10.5024, 8.32701, 12.9927, 7.32122, 11.8348, 5.92527, 7.62975, 7.39836, 9.71174, 8.08661, 10.27, 5.37096, 4.16514, 5.78321, 4.20427, 1.27891, 0.70656, 2.64946, 8.99514, 15.3887, 20.9784, 30.4792)
(0.0452068, 0.0409203, 9.12212, 0.114602, 9.13627, 9.14926, 63.2181, 9.07201, 0.0596945, 0.00941796, 0.0323771, 18.0893, 18.1148, 0.0727857, 18.0815, 0.0775034, 0.0816135, 9.08151, 0.0742364, 18.1165, 18.1189, 0.0912276, 27.1043, 0.0953018, 0.0625627, 27.0608, 9.03228, 0.00279853, 0.0162529, 0.0759748, 9.12009, 18.194, 9.23555)
(5.46638, 7.22293, 6.96228, 10.7295, 25.3432, 13.11, 13.143, 2.36448, 5.70669, 4.88396, 5.06755, 8.93379, 8.21198, 16.0933, 8.33072, 6.12877, 6.14723, 7.44983, 8.8186, 5.42624, 13.3091, 11.1505, 7.80473, 2.50874, 3.78809, 8.25392, 4.1024, 0.132605, 5.81305, 4.80757, 15.893, 18.7406, 28.1553)
(6.01658, 8.0566, 13.594, 15.7952, 14.5471, 20.793, 9.87446, 2.13744, 4.16493, 2.28261, 2.73804, 6.77568, 11.5352, 11.7736, 14.7195, 8.31281, 9.58928, 11.4488, 4.63195, 9.89009, 2.95502, 8.368, 4.18516, 5.80978, 9.36128, 2.31638, 3.67943, 0.107093, 2.19479, 11.5524, 10.6501, 18.4147, 31.7289)
(9.64644, 9.92491, 7.85299, 6.97982, 12.4131, 14.1772, 7.48967, 4.98379, 7.23775, 5.28057, 14.0138, 16.8934, 12.7365, 7.55486, 4.37442, 7.65776, 8.55325, 6.85381, 5.37163, 6.95094, 8.5118, 14.5416, 8.17906, 10.5716, 8.32287, 7.13676, 4.68614, 0.245847, 5.27632, 10.4433, 13.5365, 11.4274, 20.1742)
(14.5862, 7.84241, 6.5157, 5.73152, 6.95773, 13.0272, 7.41725, 5.92015, 8.96835, 6.82376, 16.2098, 15.0666, 6.63736, 8.65249, 5.05966, 7.94516, 8.41872, 4.66451, 8.13184, 6.72718, 9.84535, 18.8511, 10.8406, 9.36458, 12.0022, 5.19701, 7.7705, 0.594779, 4.26565, 9.57778, 12.254, 12.7842, 15.3488)
(7.18474, 13.9539, 17.3627, 11.0784, 16.0384, 14.2451, 2.05896, 0.227376, 1.9077, 7.00209, 8.94046, 9.06825, 17.3955, 7.29871, 13.9271, 5.48056, 5.64521, 3.87587, 5.42193, 5.49277, 13.943, 12.4511, 10.3514, 7.02396, 3.64083, 6.98548, 1.86984, 0.020453, 6.9122, 7.23307, 5.88913, 21.4585, 28.6152)
(4.51765, 6.94804, 14.1145, 24.2867, 17.9026, 11.376, 2.8568, 5.42404, 0.761511, 2.389, 9.42311, 12.1383, 6.99569, 6.87817, 8.93903, 10.3883, 17.5856, 17.1133, 3.31194, 4.81588, 5.18264, 6.651, 2.48788, 2.32646, 2.44019, 4.24914, 0.686355, 0.109059, 1.02396, 8.87558, 25.2075, 26.8618, 25.7321)
(8.85841, 9.12733, 11.8655, 8.47308, 18.6926, 13.5414, 3.46197, 3.06021, 5.66308, 9.57915, 7.67723, 14.2626, 15.4803, 8.90988, 7.77613, 3.7589, 7.73123, 5.04262, 7.35333, 3.71318, 7.76531, 18.2066, 7.22239, 5.95212, 3.19435, 4.53795, 3.03798, 0.0572347, 1.92448, 6.41709, 8.40489, 22.0298, 37.2217)
(3.64809, 12.8362, 10.8914, 23.6165, 26.7983, 13.2542, 3.34027, 1.239, 1.16374, 1.23155, 1.98068, 9.96523, 6.3489, 5.17722, 13.4638, 11.4873, 17.6294, 15.3819, 3.427, 5.28518, 7.5817, 4.25239, 1.24538, 1.13987, 2.50112, 3.11093, 2.59199, 0.343522, 3.71464, 12.8746, 22.5925, 25.3801, 24.5054)
(11.9806, 10.9441, 5.90699, 9.75943, 10.0647, 18.7448, 4.9551, 3.10294, 7.02141, 3.44281, 14.0771, 8.63249, 8.53726, 9.51928, 10.8674, 6.97779, 13.21, 8.49677, 4.17548, 7.09793, 5.93921, 16.5464, 6.37429, 5.71772, 6.91551, 5.10365, 4.72786, 1.07628, 6.7597, 7.3184, 13.0493, 17.6587, 25.2986)
(10.4516, 7.72499, 8.88795, 11.2607, 13.0995, 13.4934, 6.52148, 4.014, 5.58402, 6.85398, 12.1084, 9.98448, 11.171, 7.78832, 9.66296, 7.925, 6.49281, 6.22517, 7.36582, 9.17838, 10.5077, 13.6983, 6.57873, 5.78849, 4.47648, 4.59888, 3.53806, 0.604017, 4.67184, 9.55779, 16.2169, 19.2856, 24.6832)
(9.47999, 7.14541, 11.3096, 12.2893, 12.3969, 16.5844, 6.5732, 3.6529, 4.46847, 5.8902, 10.2097, 9.9665, 9.9343, 8.05235, 10.1207, 9.13741, 6.76174, 6.92617, 6.80369, 8.73411, 10.2688, 13.2942, 5.53298, 5.59823, 4.00606, 5.12564, 2.75863, 0.871245, 4.54071, 9.01666, 11.2814, 21.8104, 29.4581)
(14.2777, 3.57718, 8.33616, 11.905, 15.4747, 16.6687, 3.57579, 1.19369, 2.38277, 10.7068, 11.9015, 8.33566, 8.33523, 13.0888, 15.4691, 8.33386, 4.76649, 5.95441, 8.3315, 3.57813, 4.76875, 19.0381, 3.57306, 4.76281, 4.76138, 3.57323, 3.57118, 1.18988, 3.57299, 7.14572, 19.0405, 22.6167, 26.1926)
(7.7687, 6.9999, 10.2447, 11.469, 14.978, 17.7037, 7.59875, 4.7026, 3.5384, 5.53893, 9.45721, 10.4491, 10.0426, 8.09246, 8.59086, 7.07023, 7.49011, 7.89483, 7.00851, 9.80067, 11.1262, 12.4344, 5.16422, 4.5056, 4.09072, 4.32748, 2.4482, 0.824695, 5.16404, 8.4868, 12.5211, 21.4763, 30.9908)
(6.11561, 5.20945, 4.10695, 8.55985, 14.7155, 20.5808, 11.5224, 7.65613, 5.50931, 5.70166, 10.3222, 10.7585, 10.8603, 3.77111, 7.9025, 2.78004, 7.80682, 5.81078, 10.4478, 10.8239, 9.94077, 19.0975, 4.98476, 8.8897, 5.85052, 8.81057, 5.57014, 1.16811, 8.0425, 14.6542, 12.0264, 14.2177, 15.7854)
(3.63518, 4.54571, 9.97359, 10.5321, 19.5103, 27.7903, 10.0285, 3.72806, 2.49728, 2.59152, 5.16747, 8.454, 8.03879, 8.08635, 8.62697, 8.61427, 9.34545, 9.01224, 8.27381, 10.1097, 9.45055, 11.9878, 4.44606, 4.31986, 5.36289, 4.92672, 4.33706, 1.13874, 6.84171, 8.90299, 15.5392, 19.019, 25.1657)
(7.79468, 7.14158, 11.2933, 14.2111, 16.1942, 16.5311, 6.63569, 3.49734, 2.9381, 3.9018, 9.86107, 10.3798, 11.0043, 10.9779, 9.89998, 7.93351, 7.05303, 8.10686, 8.07279, 9.24422, 8.88527, 8.44235, 2.97785, 3.21807, 2.83145, 2.78288, 1.71042, 1.42673, 3.42548, 6.90599, 12.6227, 25.3252, 36.7733)
(4.07307, 3.83942, 9.29272, 16.024, 20.9744, 23.6807, 9.08688, 2.02841, 2.89167, 2.87887, 5.22993, 7.3246, 7.44572, 10.1584, 9.97742, 7.6238, 9.14281, 9.87691, 8.95612, 8.27352, 10.809, 10.4118, 5.29981, 4.93587, 3.95462, 2.88345, 2.64089, 0.377867, 4.93215, 8.47563, 14.2848, 20.6083, 31.6065)
(4.31574, 5.53147, 7.34043, 15.9128, 21.8365, 17.7498, 6.17501, 5.62635, 5.2103, 2.21181, 8.08982, 10.8184, 9.26855, 9.5334, 9.6067, 8.11886, 6.81354, 9.64145, 5.99556, 10.4982, 10.1758, 9.52956, 4.02119, 2.6192, 3.20692, 2.22769, 0.834519, 0.426405, 2.10548, 5.92721, 14.5537, 23.572, 40.5056)
(3.97497, 6.66621, 11.4464, 13.332, 18.6443, 20.6886, 10.6324, 4.81198, 3.42485, 1.71796, 4.6603, 7.56004, 12.6345, 8.4855, 7.88276, 7.6509, 9.68416, 8.26968, 8.77722, 7.61246, 11.6388, 9.804, 6.24247, 5.61419, 3.86706, 3.22811, 1.57843, 0.322425, 5.148, 7.78425, 13.6428, 23.6126, 28.9596)
(1.50317, 3.16491, 11.2232, 17.2309, 24.9577, 21.5337, 10.8018, 4.27064, 0.746732, 1.62777, 2.93938, 3.61827, 12.7688, 10.5267, 9.77401, 8.36117, 16.1925, 9.60272, 6.18212, 7.40396, 9.75546, 5.81422, 4.87681, 7.78427, 3.64976, 2.93506, 1.52488, 0.254455, 3.43129, 9.10543, 13.3421, 24.1683, 28.9277)
(0.274347, 1.79242, 13.6645, 17.3904, 28.1429, 24.405, 9.06195, 3.1778, 0.207985, 0.198956, 1.68369, 7.93657, 9.33494, 8.02682, 6.65224, 8.05777, 12.29, 10.9089, 5.01361, 10.7, 14.8239, 6.25537, 6.04048, 3.12385, 3.05554, 0.232386, 2.95581, 0.058481, 4.55741, 12.1737, 18.419, 27.9367, 21.4467)
(1.14876, 2.659, 8.56787, 19.7857, 36.1871, 19.9606, 7.08918, 1.58558, 0.905677, 0.877769, 1.23267, 5.57172, 7.87904, 10.3911, 13.4977, 8.49129, 9.78381, 12.7463, 7.49589, 10.9691, 9.02204, 4.15203, 3.08317, 2.26826, 1.07641, 2.32321, 2.15234, 0.330212, 4.08383, 14.6988, 18.4134, 26.3462, 25.2242)
(0.46323, 0.374657, 6.67605, 24.654, 13.5082, 29.6895, 17.8191, 0.298035, 0.318309, 0.385428, 5.81356, 6.65851, 12.0595, 6.44298, 0.845967, 6.99247, 1.08246, 1.31351, 11.8664, 23.0954, 12.2266, 17.4163, 6.31857, 6.00821, 0.417829, 5.91503, 0.326597, 0.0725659, 0.32052, 6.25423, 12.859, 13.5495, 47.9579)
(2.55202, 1.93081, 9.65874, 20.8266, 14.8059, 18.6225, 11.6899, 3.61666, 6.08915, 5.98386, 4.22387, 8.22487, 6.61812, 7.23885, 6.56701, 9.52153, 6.51076, 7.89316, 12.015, 12.1376, 8.63014, 14.6429, 4.07065, 2.73103, 5.35183, 5.3693, 0.676669, 0.318452, 3.58995, 8.99007, 17.9445, 22.4998, 28.4577)
(1.00081, 5.54704, 7.47417, 14.2425, 18.9621, 16.9687, 12.2077, 3.32941, 2.94608, 6.58225, 10.7392, 23.8221, 12.1498, 9.2939, 2.94291, 6.57728, 8.49072, 5.55704, 11.3387, 8.51186, 4.29005, 7.02565, 5.4073, 5.60716, 9.03443, 1.09495, 1.13796, 2.03168, 3.44975, 14.3295, 13.0613, 22.965, 21.881)
(5.79767, 5.35981, 5.66948, 10.2644, 26.7758, 18.8323, 2.12801, 12.2905, 1.16611, 5.30556, 6.41026, 13.8248, 6.18375, 6.46317, 13.4456, 13.6344, 5.43772, 5.42759, 5.73248, 9.26171, 10.2779, 10.3109, 5.48085, 5.15625, 5.33051, 5.2007, 4.94699, 0.168581, 4.75972, 5.78247, 15.0561, 19.3403, 28.7775)
(11.5161, 6.16302, 7.09186, 6.86063, 10.0456, 12.889, 10.0125, 6.70001, 7.61199, 6.86847, 14.2409, 11.6397, 9.30724, 8.0501, 6.91142, 10.1235, 6.6488, 6.62864, 6.8614, 7.90654, 10.0851, 15.8376, 5.29024, 7.84154, 7.78185, 6.74485, 4.80603, 0.475384, 5.54526, 6.93267, 11.2954, 17.4, 25.8869)
(0, 0.173543, 0.0867716, 0.525229, 0.219229, 0.351686, 0.0867716, 0.0867716, 49.2784, 49.1916, 0, 0.0867716, 0, 49.4519, 0.132457, 0, 0.219229, 0.173543, 0.219229, 0, 0.306, 49.4108, 49.3195, 0.219229, 0, 49.1916, 0.0867716, 0, 0.0867716, 0.132457, 0, 0.438457, 0.525229)
(13.7594, 5.16919, 3.91963, 6.13611, 8.29854, 12.2799, 10.0058, 9.32374, 8.63, 6.50198, 15.9757, 14.3906, 8.03778, 8.06432, 5.67419, 12.0867, 4.79041, 8.53841, 7.91914, 6.1889, 8.94548, 15.3641, 5.04588, 8.18085, 9.51688, 7.06003, 5.44704, 1.42046, 5.62562, 6.46463, 11.4084, 14.9104, 24.9198)
(6.34094, 12.6526, 4.95007, 9.9163, 12.3372, 10.8577, 11.1338, 5.67339, 7.37943, 5.52348, 13.2352, 12.203, 11.5284, 13.9481, 4.45332, 9.44981, 6.38674, 10.8616, 4.75789, 6.24858, 6.59314, 13.5693, 4.68136, 13.9644, 10.7556, 7.46636, 0.858025, 0.113881, 2.5512, 17.441, 10.5303, 14.2338, 17.4041)
(3.17837, 14.6961, 8.83985, 24.5465, 11.1031, 9.77451, 7.27893, 7.81478, 9.13855, 2.01359, 1.61583, 9.75874, 2.0519, 24.9598, 1.82353, 0.799981, 8.24337, 16.8526, 7.93326, 0.440878, 15.114, 12.0219, 23.8628, 10.2837, 2.18731, 1.33595, 7.69458, 0.88373, 8.0938, 1.60954, 1.25011, 16.9241, 25.8744)
(15.8174, 8.59209, 12.1484, 17.5814, 15.0953, 5.61723, 2.51822, 6.92165, 7.39285, 1.92063, 6.39485, 17.1123, 7.00355, 21.3128, 2.59595, 1.53812, 3.51717, 18.9636, 3.24058, 1.00234, 5.2068, 18.5068, 20.1113, 13.7124, 10.619, 0.906593, 6.68689, 4.90756, 7.14306, 2.13864, 2.44904, 7.87043, 23.455)
(10.9449, 4.90408, 9.01614, 11.122, 9.5896, 17.4758, 8.91143, 4.29611, 5.82644, 6.53593, 11.3775, 12.3377, 11.6809, 7.13802, 7.85311, 8.43292, 7.92157, 6.48628, 9.92385, 5.90958, 10.6158, 11.7003, 4.75273, 9.09807, 7.7133, 5.0985, 3.68661, 1.43127, 4.70967, 11.9739, 14.057, 16.0521, 21.4269)
(11.9106, 12.6261, 7.6906, 10.7751, 12.1325, 14.4131, 10.0164, 3.02789, 3.41296, 2.83158, 11.1632, 10.1069, 12.1543, 10.7381, 7.87025, 6.97896, 8.13864, 6.24402, 4.59037, 9.41975, 9.47704, 14.2817, 5.72189, 4.22565, 7.9245, 8.44426, 3.40046, 0.847205, 3.81789, 8.58652, 15.7877, 16.5042, 24.7397)
(4.59078, 7.83549, 11.0149, 24.4901, 19.8194, 13.9391, 5.21404, 1.58897, 3.87754, 3.46751, 4.1622, 9.69086, 10.1989, 8.61675, 9.74527, 10.2555, 13.3369, 9.95096, 8.71536, 4.81374, 8.80871, 5.86708, 4.07452, 1.79053, 3.12186, 4.50896, 3.31332, 0.343127, 4.96002, 9.0597, 16.5036, 27.8917, 24.4327)
(2.91812, 3.45541, 11.0586, 30.92, 26.4726, 11.1517, 5.38731, 0.339068, 7.30975, 0.398563, 0.588861, 8.41439, 8.05356, 12.6133, 6.2337, 13.1359, 11.4043, 15.3173, 12.4841, 7.95826, 3.50483, 0.880236, 0.50308, 0.298474, 5.03752, 5.2149, 2.68197, 2.34129, 5.31471, 6.22392, 18.913, 29.0211, 24.4501)
(1.45307, 1.86062, 1.16763, 26.6105, 15.3406, 24.7092, 0.969694, 0.851045, 13.2575, 13.2397, 0.540497, 2.04708, 0.966693, 15.4741, 12.5544, 0.670306, 13.1247, 2.81255, 12.3111, 0.0680776, 13.3953, 26.5757, 3.16326, 14.1447, 1.02001, 12.4065, 0.763288, 0.316585, 1.09464, 12.0399, 0.758063, 26.4803, 27.8128)
(8.59126, 9.66971, 11.2586, 14.9126, 13.2346, 11.6339, 4.58173, 4.59292, 7.35344, 5.14288, 9.02841, 12.7183, 9.02457, 5.96745, 7.41816, 6.20213, 9.5952, 6.47229, 8.93861, 10.1505, 10.0646, 13.4483, 6.61802, 8.21243, 4.85759, 3.49308, 2.71823, 0.290219, 3.7828, 8.71546, 15.5204, 20.2398, 25.552)
(9.59068, 11.7972, 12.0193, 12.5477, 12.8472, 12.5123, 5.5235, 3.93009, 5.52302, 5.41885, 8.29012, 10.7239, 9.00821, 8.67271, 9.21774, 9.36269, 9.47821, 7.67015, 6.77731, 7.81966, 9.48088, 11.7885, 8.51988, 6.967, 4.09029, 4.25267, 2.92957, 0.30463, 3.83145, 7.68328, 13.123, 17.906, 30.3922)
(5.9948, 7.47141, 13.0238, 8.10917, 14.822, 8.21651, 4.67793, 10.9476, 5.58547, 16.2918, 4.85942, 14.2752, 8.91863, 8.8998, 7.49587, 14.2473, 10.1359, 7.38234, 7.25474, 3.60925, 6.18044, 11.6005, 9.70281, 7.03458, 3.00665, 5.77818, 5.67249, 0.0448032, 0.445757, 7.51693, 16.1527, 15.2659, 29.3792)
(0.584939, 13.394, 0.228243, 14.899, 53.6266, 1.38594, 0.428711, 0.159281, 0.858451, 14.0614, 0.373396, 13.6667, 0.630939, 14.2939, 13.6947, 13.1825, 13.9663, 13.7772, 0.590297, 0.0396576, 1.34457, 14.8133, 0.491573, 14.5884, 0.42293, 0.499979, 0.133354, 0.0689627, 0.250792, 0.577759, 13.2084, 28.5504, 41.2075)
(4.41544, 8.65234, 10.3428, 12.8101, 17.0348, 21.2619, 7.54484, 2.97215, 2.6971, 4.31655, 7.95202, 10.9143, 10.8648, 8.71798, 10.2058, 9.01158, 9.78553, 7.56453, 6.01646, 7.99827, 10.2396, 8.68123, 3.11194, 4.47246, 4.52871, 4.34511, 3.97931, 0.829829, 5.01307, 9.13291, 16.7683, 20.1355, 27.6829)
(1.08964, 0.579446, 0.181176, 1.72266, 24.817, 1.04786, 0.922908, 0.11492, 22.9479, 23.602, 22.9745, 23.4409, 23.3929, 23.4144, 0.632646, 0.545225, 1.08432, 1.29299, 0.347371, 0.113958, 23.7518, 1.98358, 0.458717, 24.5921, 0.681512, 0.250043, 0.0662557, 0.0662557, 0.228877, 0.396035, 0.593889, 48.0129, 24.6534)
(11.487, 5.03968, 5.74457, 6.35321, 12.9711, 13.5691, 5.81878, 2.71739, 6.03362, 11.648, 18.6175, 7.22386, 11.3537, 7.20086, 10.2521, 9.82628, 5.76883, 8.31974, 6.46361, 7.65399, 10.7756, 15.1614, 6.53665, 5.03938, 4.02735, 2.87988, 3.59205, 0.255594, 3.53071, 10.8106, 10.3505, 20.4468, 32.5304)
(7.74932, 6.6549, 8.38057, 12.1751, 13.8804, 22.7865, 7.25094, 4.10311, 2.93938, 5.3632, 8.71657, 11.1636, 10.073, 7.73055, 8.5445, 8.76987, 7.86677, 7.42797, 7.41917, 9.47382, 10.1409, 11.3899, 4.535, 5.50776, 4.4352, 4.9018, 2.94481, 0.848765, 4.71643, 8.55748, 14.1219, 21.4557, 27.9751)
(2.05485, 9.36747, 9.79264, 11.4832, 25.1541, 32.6001, 3.58461, 0.371027, 1.73386, 1.82144, 2.03668, 9.64947, 13.9639, 5.29982, 12.5674, 8.15374, 14.0085, 3.86126, 7.99133, 6.77061, 9.53867, 8.19531, 0.471552, 4.78334, 1.84983, 1.89684, 1.85159, 2.9529, 9.28393, 16.8711, 16.1782, 19.4197, 24.441)
(6.41178, 5.50383, 4.11259, 11.7048, 12.8637, 25.5154, 9.71995, 3.67035, 2.77772, 3.7226, 13.9972, 9.90367, 8.27255, 9.75847, 5.71466, 8.90647, 9.72219, 11.3725, 12.1545, 9.86163, 5.86292, 8.47046, 6.2137, 4.55514, 3.65873, 4.50748, 3.5365, 0.889155, 5.3581, 11.4468, 11.0515, 23.2065, 25.5764)
(8.55832, 10.5982, 6.63983, 9.83698, 9.92734, 14.0644, 9.52089, 2.23821, 4.29812, 2.33157, 21.9861, 8.68243, 10.7356, 9.66158, 12.7133, 9.58811, 8.5278, 3.45896, 8.54263, 6.57395, 11.7379, 9.77774, 0.267359, 2.25912, 3.23333, 9.35205, 1.12933, 3.10677, 4.28094, 8.56956, 8.8568, 21.514, 37.4307)
(7.88664, 8.6975, 10.0644, 12.0583, 13.5578, 15.269, 6.53675, 3.89386, 4.91745, 5.99092, 11.1274, 10.2056, 10.2871, 8.81876, 8.79931, 7.64463, 6.94906, 7.35926, 7.33128, 8.83457, 10.7711, 12.9993, 6.60754, 4.25819, 3.43015, 3.82558, 2.28993, 0.789539, 3.91713, 7.62557, 12.8278, 20.7331, 33.6955)
(5.14317, 4.37896, 13.1174, 12.0639, 20.6093, 23.0301, 7.92731, 3.22827, 1.53864, 1.06509, 7.89787, 9.51365, 8.99309, 6.6304, 6.81756, 5.77876, 8.05216, 9.5065, 6.47452, 6.90338, 13.3613, 17.9686, 2.93536, 4.2012, 5.34682, 6.84548, 2.15973, 0.216764, 5.00855, 9.47739, 16.7129, 20.6444, 26.4514)
(6.73537, 6.07034, 7.86621, 13.2478, 16.5376, 18.0522, 7.68982, 4.42393, 4.18886, 4.60715, 10.5806, 8.76931, 9.87007, 8.72178, 9.2557, 7.97914, 7.35481, 8.0045, 7.23445, 9.90311, 10.7619, 12.1452, 5.96685, 5.01836, 3.35175, 3.59031, 1.80362, 0.909751, 3.62478, 7.09363, 13.6816, 21.8496, 33.1098)
(0.641199, 4.87218, 7.72224, 18.9108, 17.8585, 38.1704, 5.41609, 1.57924, 0.381785, 0.423713, 4.0239, 4.28272, 5.56312, 6.59812, 10.8161, 11.7651, 6.6591, 12.9918, 11.7323, 11.8994, 5.57983, 12.1123, 5.06364, 4.92648, 2.672, 4.78213, 1.4157, 1.15364, 10.2638, 5.46347, 22.2623, 19.9501, 22.0467)
(5.98789, 1.19817, 15.8379, 18.9505, 8.71712, 14.5115, 9.99542, 5.95408, 4.94799, 6.86746, 7.03193, 12.8742, 12.9514, 13.9041, 2.37889, 4.25967, 8.15295, 10.0554, 6.16344, 6.21934, 7.18599, 15.8546, 11.8136, 8.88469, 4.98221, 2.0858, 2.02192, 0.0301898, 2.15327, 5.19829, 16.0892, 22.2035, 24.5373)
(0.471124, 8.01075, 11.5377, 7.80019, 9.59539, 13.7813, 14.1784, 1.83364, 6.28369, 9.33548, 17.1724, 13.0386, 15.9832, 8.33969, 16.065, 8.42082, 8.35571, 2.42269, 9.91156, 2.38295, 6.84597, 8.2339, 1.80584, 6.25795, 3.23917, 3.24529, 4.688, 3.12872, 1.87629, 8.42284, 16.5891, 23.4285, 27.3184)
(11.3801, 4.36921, 7.41667, 8.32803, 16.0789, 12.8384, 7.00425, 5.12982, 8.51875, 5.18062, 13.7552, 10.2982, 10.6054, 8.99105, 8.44213, 6.91189, 10.5659, 8.10358, 6.6879, 9.38038, 10.1007, 9.91279, 7.82814, 6.306, 6.41549, 2.34637, 1.32752, 0.256286, 2.7552, 5.4427, 14.6902, 17.8535, 34.7786)
(2.71087, 4.4319, 11.2652, 18.7405, 24.868, 19.6577, 6.44423, 4.15747, 2.5807, 2.08111, 3.06226, 8.80722, 9.35193, 10.6086, 8.83395, 10.2491, 9.25917, 9.47909, 8.01069, 9.24914, 8.67711, 7.47395, 5.12339, 3.41282, 2.63287, 2.21722, 1.6527, 0.414742, 3.06897, 8.41379, 13.7145, 26.7986, 32.5504)
(1.52214, 2.14813, 8.61765, 23.6891, 32.457, 18.3895, 6.4376, 2.72096, 1.24642, 1.16374, 1.60787, 6.60892, 7.05668, 9.44932, 10.5546, 10.7404, 10.3197, 13.1398, 11.2145, 9.99553, 5.89214, 5.02832, 3.71932, 1.13817, 1.82109, 1.73422, 1.46366, 0.842985, 4.48663, 9.98152, 20.4753, 24.7906, 29.5466)
(0.809902, 2.30207, 9.63048, 22.4882, 30.8173, 22.2928, 5.95187, 2.52611, 0.814367, 1.56381, 0.803088, 6.46065, 8.90443, 11.4816, 12.1563, 10.6887, 13.8281, 11.5308, 7.59371, 7.03908, 7.8456, 2.47103, 5.20887, 2.44566, 1.14761, 0.7908, 0.716082, 0.195422, 4.53293, 13.2171, 19.9883, 27.8943, 23.8629)
(7.54613, 0.702255, 19.5765, 15.9074, 8.53291, 15.8917, 21.513, 4.36414, 0.931849, 4.03903, 0.995136, 9.77523, 12.9898, 5.38532, 5.22546, 6.47841, 5.37057, 6.04976, 5.59923, 10.2765, 13.2766, 19.5732, 12.5593, 15.0936, 4.51669, 4.90915, 7.5674, 0.122995, 0.589586, 1.90751, 14.0548, 15.8339, 22.845)
(1.84053, 2.79113, 6.7468, 15.0591, 25.6626, 21.0582, 11.4355, 3.46783, 5.31859, 1.35035, 5.26942, 14.4183, 3.277, 7.50661, 8.50364, 11.8073, 7.2376, 12.0872, 11.3402, 8.25691, 8.91818, 6.64707, 6.55938, 7.94303, 4.64805, 6.02157, 4.90409, 2.04726, 3.43353, 11.4833, 13.1825, 16.1519, 23.6254)
(11.2406, 6.90671, 11.9684, 14.1097, 14.001, 14.9225, 7.58405, 2.57245, 2.41999, 5.93663, 8.33791, 10.4033, 11.4769, 8.08507, 9.22581, 7.29171, 10.0787, 4.48342, 8.99793, 10.5849, 9.80313, 9.56912, 11.456, 7.76977, 9.13318, 6.48743, 6.32783, 0.358232, 1.55414, 5.07686, 10.1595, 13.3336, 28.3434)
(3.58591, 5.95619, 7.18611, 16.6255, 23.5156, 16.8321, 9.7142, 4.20965, 2.38348, 2.32705, 7.66419, 13.6209, 5.7994, 10.8249, 8.75913, 6.02912, 10.6998, 6.62491, 12.5696, 5.32861, 7.7106, 12.033, 7.23401, 4.76701, 7.28365, 5.56596, 3.34968, 1.01065, 4.72212, 11.472, 17.256, 16.6984, 20.6404)
(5.61649, 8.21031, 6.25543, 7.90176, 14.6166, 13.5915, 13.3616, 5.17002, 6.01465, 4.71299, 14.5487, 10.6139, 11.2769, 10.0197, 7.63907, 6.83298, 6.46195, 7.98162, 6.63347, 8.01509, 14.2149, 10.3104, 6.78351, 10.404, 5.56068, 6.63709, 4.4804, 0.273473, 3.86344, 10.7201, 11.0908, 21.1588, 19.0277)
(6.49399, 4.06467, 6.51351, 11.5322, 15.6627, 17.1866, 4.73301, 8.3799, 3.49229, 9.18443, 12.7567, 9.48518, 9.05027, 12.437, 11.2395, 8.31748, 4.94491, 9.19231, 14.7815, 3.25855, 6.6385, 10.6548, 2.44848, 11.2833, 6.22218, 1.95577, 3.00991, 0.392477, 3.44663, 11.0976, 21.3639, 23.5299, 15.25)
(6.12152, 6.48478, 10.0017, 8.15435, 12.0996, 17.7528, 7.03151, 7.01788, 1.83095, 10.147, 13.3579, 13.2839, 10.9265, 6.58396, 10.7176, 7.56472, 11.1211, 10.1221, 5.04843, 6.77053, 7.52686, 10.3343, 1.89529, 9.37244, 8.44087, 4.45871, 2.86323, 0.332951, 7.29654, 5.33676, 21.9829, 27.9661, 10.0542)
(7.12665, 4.90637, 8.37724, 9.63581, 12.7932, 14.3966, 9.85256, 7.44029, 5.28136, 5.42117, 14.7687, 12.5747, 9.73137, 9.28271, 10.2537, 9.33789, 5.78619, 6.48439, 7.5523, 8.14924, 6.69033, 14.1572, 8.52606, 7.94621, 8.43545, 5.13084, 4.08824, 1.07065, 3.82202, 9.9605, 11.8948, 20.1861, 18.9391)
(16.9228, 6.16734, 11.34, 10.8883, 13.98, 15.236, 6.70225, 3.09173, 6.11418, 5.15815, 4.39934, 11.5001, 11.2013, 9.99759, 9.00998, 7.80405, 5.79437, 7.65155, 5.7886, 5.13627, 13.2161, 12.9, 2.34888, 8.49645, 7.30149, 6.16668, 3.85372, 0.121215, 5.95241, 7.93013, 12.3322, 21.3568, 24.14)
(3.41748, 5.24406, 12.4211, 22.8428, 27.0336, 14.8338, 3.84195, 2.36612, 2.56039, 2.65445, 2.78418, 8.33828, 7.94988, 7.79882, 8.58999, 14.7589, 10.4012, 10.5476, 11.2582, 11.0946, 4.79294, 4.46951, 1.68026, 1.97648, 1.36245, 3.82794, 3.03442, 0.447601, 3.65697, 13.1076, 18.8362, 24.0382, 28.0319)
(10.5377, 14.511, 6.53358, 9.65231, 15.15, 11.2447, 8.95368, 5.87779, 4.55339, 2.04116, 10.9447, 7.94505, 10.726, 7.86187, 14.5907, 3.76653, 7.70744, 7.69874, 6.34693, 9.11129, 7.92211, 16.3233, 0.518039, 7.40087, 4.61765, 1.92483, 3.05752, 4.19026, 8.6291, 9.23926, 15.2502, 21.5548, 23.6175)
(8.78317, 7.55196, 8.2234, 10.3369, 13.109, 14.4733, 7.24315, 2.88869, 4.07563, 7.63027, 15.6844, 9.7498, 9.95729, 8.1708, 8.94665, 9.96046, 8.64008, 6.88166, 7.95988, 7.75784, 10.2206, 11.755, 3.28002, 4.06155, 4.80175, 3.73921, 1.8419, 0.905584, 4.65907, 10.5605, 14.2849, 19.8598, 32.0057)
(8.67048, 7.4295, 9.05124, 9.89322, 10.7645, 16.1155, 8.94986, 5.66594, 5.87504, 5.89481, 11.6898, 10.5213, 9.87054, 7.70841, 9.08729, 7.76977, 6.78052, 6.831, 8.41243, 8.66248, 10.9438, 13.4125, 7.85471, 6.47246, 4.99728, 4.15276, 2.16722, 0.730182, 4.20184, 7.66716, 12.4695, 20.0506, 29.2362)
(5.71051, 6.52662, 10.4502, 12.6007, 21.6317, 24.3396, 6.17006, 3.07631, 2.69804, 2.54974, 4.24642, 8.57617, 9.76727, 10.1055, 10.8365, 8.72189, 10.2922, 7.88004, 8.10158, 9.72273, 7.34085, 8.65534, 4.97504, 4.87506, 3.48235, 3.96769, 3.62274, 0.935098, 6.27188, 11.3995, 15.5572, 19.8999, 25.0135)
(6.82269, 7.12972, 11.1517, 15.1257, 16.47, 17.6382, 6.62607, 3.18345, 3.21288, 4.76318, 7.87644, 15.0371, 10.0787, 11.2959, 10.5293, 7.96727, 7.24633, 8.14013, 7.98613, 5.61428, 7.60096, 8.50394, 2.68915, 3.37022, 2.16655, 4.23996, 0.952784, 1.18596, 4.04689, 12.6375, 12.7273, 23.0241, 32.9596)
(3.92826, 5.41155, 9.43854, 15.0733, 24.7882, 20.9023, 6.69657, 4.1732, 2.81793, 2.23973, 4.53042, 7.71776, 8.74639, 9.97003, 9.86296, 10.337, 8.74677, 8.81191, 8.53389, 10.3709, 8.69005, 8.21236, 4.7485, 3.76057, 3.16493, 2.86164, 1.82419, 0.528968, 3.80464, 8.12274, 13.6867, 23.7601, 33.7371)
(2.26804, 3.06741, 8.61849, 16.9912, 30.0942, 22.8622, 6.1568, 3.32141, 2.49283, 1.19177, 2.93565, 6.36037, 9.77399, 9.90792, 11.2269, 9.55382, 12.9225, 7.67243, 7.85289, 9.58325, 7.60627, 7.53968, 5.4335, 4.23184, 4.22403, 3.38109, 0.938937, 0.910268, 4.28176, 9.24897, 14.6466, 23.0232, 29.6798)
(1.57879, 4.34918, 9.85835, 21.2978, 26.8115, 21.2223, 5.2955, 3.39219, 2.10428, 1.95236, 2.13773, 8.26017, 6.4535, 9.62832, 9.35225, 9.84999, 9.6448, 10.8218, 8.12476, 10.6199, 9.30267, 7.94183, 3.5943, 2.01548, 2.05139, 2.55418, 0.913306, 0.496964, 7.10636, 11.1852, 14.1063, 25.4306, 30.5459)
(2.0094, 2.38687, 9.41532, 18.8243, 31.3163, 23.2302, 5.44405, 2.78837, 1.78692, 1.08487, 1.71345, 5.68713, 8.27014, 10.3364, 10.8774, 11.8967, 12.1693, 9.77643, 9.72138, 9.20733, 7.26628, 4.79148, 4.96839, 3.56743, 2.80662, 1.90333, 1.41839, 0.820134, 3.97945, 8.84269, 15.5553, 27.368, 28.7703)
(0.100206, 0.0532608, 0.383654, 40.9155, 32.7043, 16.9179, 8.49443, 0.104192, 0.0913778, 0.109179, 0.125926, 8.3637, 8.36536, 0.299112, 0.185421, 24.4835, 8.25892, 24.3239, 0.348519, 16.502, 8.42537, 0.444173, 8.27484, 0.245611, 0.124069, 0.145486, 0.0999445, 0.0179196, 0.0838194, 0.241721, 16.5869, 16.7568, 57.4228)
(8.59182, 7.34351, 5.40354, 6.67356, 7.82978, 13.0613, 11.6543, 6.90236, 6.54059, 9.09342, 16.9058, 7.28372, 6.66516, 7.08605, 7.04397, 14.8404, 6.18984, 9.11478, 4.69468, 8.55697, 13.1221, 15.4023, 6.15307, 9.35285, 13.4379, 5.22499, 5.21297, 0.262056, 2.70554, 6.71407, 10.6426, 13.0988, 27.1952)
(0.282859, 0.441686, 0.775132, 1.96339, 8.71788, 14.8054, 26.8936, 6.48094, 26.3793, 0.504413, 12.7554, 20.971, 6.8522, 7.00854, 13.7172, 1.20591, 0.929485, 7.39239, 0.760197, 7.60633, 13.7577, 19.7991, 20.5446, 1.50509, 19.513, 13.4463, 0.355767, 0.0861367, 0.374915, 20.0399, 1.42684, 14.1806, 8.5268)
(9.39354, 7.59669, 11.9001, 10.7983, 14.801, 13.8191, 4.04785, 4.78675, 5.78515, 5.79178, 11.2798, 8.10882, 15.0218, 10.8612, 8.27475, 8.29859, 6.12309, 7.7502, 8.29451, 9.9724, 6.00795, 11.2867, 8.63571, 8.08171, 4.12444, 3.99807, 4.71842, 0.726266, 1.47766, 8.31451, 14.7864, 22.2875, 22.8493)
(1.261, 1.16205, 5.95694, 12.2488, 16.6583, 34.8207, 5.25829, 5.57643, 5.59301, 5.53919, 5.92529, 1.6144, 19.7909, 16.7316, 15.5683, 5.82821, 5.74206, 6.57387, 5.78574, 0.840513, 15.2373, 6.28719, 11.5823, 10.767, 5.44873, 0.342946, 0.832157, 0.263697, 14.5478, 14.9977, 11.0731, 12.2858, 17.8589)
(8.71482, 6.40321, 7.63319, 8.32674, 13.4083, 15.9532, 8.05987, 8.18902, 4.31599, 7.79129, 11.2044, 15.5817, 9.07565, 9.42317, 8.59479, 7.73826, 7.09557, 7.38231, 6.06304, 7.4973, 8.444, 13.1042, 5.9624, 8.79721, 7.44582, 4.66202, 3.85668, 0.741902, 4.93434, 8.91335, 14.4647, 21.2632, 18.9584)
(5.87487, 3.33352, 13.6373, 30.1325, 16.5186, 11.5946, 6.17739, 3.81409, 5.34982, 0.949496, 2.61781, 8.73482, 8.0739, 8.61262, 8.44022, 12.5903, 14.8761, 7.15814, 6.86782, 7.16915, 14.3821, 3.09489, 3.90322, 2.23432, 0.788425, 5.86338, 0.731898, 0.165741, 4.11827, 13.6416, 16.8106, 21.3501, 30.3923)
(1.41881, 1.39604, 4.7385, 5.60103, 28.7693, 25.4679, 10.9024, 4.19606, 4.12942, 4.63899, 8.74156, 11.8781, 15.1085, 8.42816, 8.111, 11.3463, 1.35885, 11.3636, 7.89225, 1.28787, 4.92451, 18.3008, 10.3452, 17.7722, 0.871134, 0.708091, 0.464497, 0.263344, 4.0882, 11.4066, 15.8592, 20.5868, 17.6347)
(7.87877, 9.41717, 9.63414, 22.5019, 15.5412, 9.70295, 3.14802, 4.0181, 2.42663, 7.17261, 8.55855, 5.3973, 11.4677, 11.1631, 6.71191, 10.9499, 9.20647, 12.409, 6.36443, 9.30742, 9.59747, 7.42533, 2.39106, 5.87244, 2.58297, 5.44869, 2.21027, 0.386357, 2.60563, 5.22665, 12.5886, 23.2354, 37.4519)
(7.30712, 8.28976, 10.1988, 13.8616, 17.3677, 15.3919, 6.63727, 3.7241, 3.41376, 4.54546, 9.26248, 9.47278, 10.3804, 10.5272, 10.0387, 7.99765, 8.13659, 8.04066, 7.4656, 8.53973, 8.90318, 10.4974, 3.44825, 4.76245, 3.92735, 4.04602, 2.78658, 0.93754, 3.43557, 9.9723, 14.9653, 22.3736, 29.345)
(7.25079, 6.35646, 9.00071, 13.64, 13.3027, 18.4316, 9.94666, 4.70048, 2.50542, 4.83129, 10.034, 10.9009, 8.91465, 9.49349, 9.44814, 9.06833, 9.68114, 7.36474, 6.03435, 11.0166, 9.23126, 8.84639, 4.36602, 5.05515, 3.8042, 6.87732, 3.90466, 0.884573, 4.2755, 8.94516, 14.562, 19.6926, 27.6328)
(7.47326, 7.98478, 10.3918, 12.1665, 13.8969, 17.1073, 7.38008, 5.06051, 3.57585, 5.48432, 9.4786, 9.0622, 9.10251, 10.1939, 10.5342, 9.37306, 6.99422, 8.29447, 7.34205, 8.63759, 9.69665, 10.7691, 5.8961, 5.50588, 4.54754, 3.79119, 2.73321, 0.937831, 4.09652, 7.90372, 14.2725, 21.9651, 28.3504)
(4.82299, 5.85839, 9.09297, 10.5549, 21.0745, 21.7283, 8.82007, 3.70549, 1.94575, 2.85094, 9.54568, 7.12809, 10.3872, 8.46042, 10.3356, 9.0565, 7.85094, 9.14661, 10.7538, 8.98188, 8.03492, 9.86402, 3.15317, 8.83351, 4.32162, 6.11007, 3.49363, 0.324612, 6.32982, 7.74292, 15.2989, 19.6038, 24.7879)
(7.13809, 5.77513, 0.538484, 4.81144, 28.5376, 35.4302, 5.92808, 4.30241, 2.86503, 0.176497, 4.49699, 5.92569, 10.1245, 5.97591, 15.5714, 7.3423, 8.73884, 12.7951, 5.97163, 14.212, 7.32659, 6.01592, 7.13189, 4.40388, 0.216364, 1.65743, 5.66328, 1.40212, 5.82301, 18.3083, 15.9252, 17.5336, 21.9349)
(5.79609, 8.23758, 11.8728, 17.7747, 16.9842, 18.1943, 3.83118, 1.33536, 1.57827, 3.80962, 10.5859, 9.50417, 12.9825, 9.9516, 8.74177, 7.79937, 8.86557, 8.8364, 6.41124, 8.4659, 7.30117, 11.1403, 1.41622, 2.00091, 1.44952, 1.94258, 3.64196, 1.46507, 6.47687, 13.3234, 16.3012, 23.4009, 28.5814)
(4.77331, 3.76869, 8.08998, 12.0278, 27.1477, 23.4342, 7.66563, 2.98182, 2.06755, 1.97151, 6.07176, 6.21706, 10.376, 8.25196, 9.15355, 8.55328, 10.2137, 10.6159, 8.90161, 10.1337, 8.45404, 9.12919, 7.3966, 3.94966, 2.61913, 4.07039, 3.50123, 0.60234, 7.1336, 10.74, 16.9528, 19.8855, 23.1488)
(3.67831, 2.69539, 5.39145, 18.8736, 33.9376, 24.1921, 4.14182, 0.504537, 2.46065, 1.35112, 2.77342, 5.16815, 8.65504, 8.66, 8.62616, 12.8797, 10.8083, 3.35462, 10.663, 16.118, 10.6892, 4.37793, 9.21141, 2.70572, 2.55317, 1.48979, 1.35617, 1.1453, 5.9922, 15.0042, 15.7569, 25.1442, 19.6409)
(2.90743, 8.55189, 7.03112, 29.2465, 25.7037, 15.9627, 3.20429, 0.98491, 3.62277, 1.03875, 1.74601, 5.66728, 6.87142, 7.199, 13.711, 11.9405, 7.85449, 8.35304, 13.2914, 13.2598, 6.70451, 5.1475, 0.869148, 0.867589, 2.03433, 0.725355, 0.480618, 0.582417, 7.7642, 14, 16.9553, 18.0249, 37.6962)
(2.04083, 5.33253, 11.4582, 20.3571, 24.1072, 20.394, 5.53197, 3.14042, 1.61089, 2.42364, 3.60321, 6.44763, 8.42472, 11.5978, 10.0891, 8.84344, 9.30842, 8.7892, 10.1026, 9.40114, 9.47606, 7.5199, 4.36683, 2.87875, 2.54453, 1.49798, 1.5104, 0.826114, 4.18138, 7.10451, 14.8404, 24.7623, 35.4868)
(1.58643, 2.50936, 8.82623, 18.8223, 29.4653, 24.3346, 6.32416, 3.04745, 2.47689, 1.14048, 1.46673, 5.52448, 8.36621, 10.1285, 8.98227, 12.5036, 11.0112, 9.77941, 9.68568, 10.5479, 8.37463, 5.09614, 4.48385, 4.10626, 2.86956, 2.56055, 1.07221, 0.3278, 4.22965, 9.70083, 14.6757, 25.8247, 30.1489)
(0.9379, 1.77626, 10.6984, 23.1166, 22.7384, 24.3353, 5.64274, 3.81606, 2.84452, 2.08704, 2.00674, 4.07687, 8.70763, 16.6481, 8.31127, 10.3038, 9.24896, 7.34413, 11.7866, 10.1442, 7.53238, 5.89605, 5.34066, 3.05234, 1.47439, 4.08367, 0.753394, 1.18531, 6.63876, 7.78425, 14.8651, 25.4541, 29.3681)
(0.577753, 1.1604, 9.70746, 20.5776, 27.2814, 25.9755, 8.02765, 3.12123, 2.36724, 0.655629, 0.548182, 9.0767, 8.50356, 10.9219, 7.57347, 11.3271, 10.7544, 9.00867, 10.3098, 10.4548, 9.61236, 2.4573, 6.14116, 2.91048, 3.68351, 2.5419, 1.75656, 0.474994, 3.41749, 10.3239, 16.6001, 25.7318, 26.4181)
(0.537191, 6.02747, 7.39861, 14.7112, 4.6853, 25.4976, 2.01796, 16.2615, 11.1204, 5.82612, 5.9167, 17.6018, 6.84486, 12.5654, 11.8217, 13.4577, 6.87052, 2.11831, 7.41937, 2.10191, 17.24, 1.95844, 6.31698, 16.404, 6.23479, 6.03398, 5.62547, 0.121897, 5.9531, 12.1976, 13.8561, 15.2702, 11.9858)
(0.315867, 0.511337, 0.856425, 10.4143, 11.5823, 19.8112, 19.3468, 0.595682, 26.9103, 8.64098, 1.01481, 27.7307, 1.00842, 1.3656, 9.95661, 9.56066, 1.10437, 9.66912, 1.02063, 18.0243, 10.2469, 10.3127, 27.1052, 26.0576, 9.9076, 9.69874, 0.501999, 0.122875, 0.462819, 10.6984, 1.69172, 2.50173, 11.2512)
(3.02592, 10.1391, 5.07191, 5.54389, 11.6356, 13.8556, 3.11406, 10.4647, 6.4036, 8.56178, 22.1839, 7.39021, 7.58602, 9.02707, 10.8301, 7.13801, 10.207, 12.2738, 4.98782, 10.5223, 10.5516, 9.48609, 2.98667, 8.99707, 5.00863, 9.8558, 2.40272, 0.125895, 2.32687, 12.4408, 11.708, 25.7915, 18.3561)
(8.93554, 7.35854, 4.66608, 8.14894, 7.37506, 22.8528, 6.17079, 2.88315, 5.60457, 8.79087, 17.2136, 13.2031, 6.39874, 11.0924, 13.8809, 9.30346, 4.28854, 2.9611, 2.84287, 7.60168, 13.9119, 14.5152, 2.6556, 1.61745, 7.40435, 6.93977, 3.64284, 6.2617, 6.82224, 13.7612, 14.9846, 16.3335, 19.5767)
(7.33488, 7.38464, 8.52936, 12.1856, 14.2863, 18.5793, 11.1695, 4.00941, 2.75075, 2.18857, 11.5817, 10.4331, 10.0192, 10.7281, 8.29614, 9.46362, 6.66254, 5.33083, 11.189, 8.86281, 8.33181, 10.6828, 4.69649, 5.42115, 8.03079, 5.63211, 5.46083, 0.364765, 2.81208, 8.42891, 11.9792, 25.7248, 21.4488)
(5.02802, 4.29625, 9.52395, 15.6347, 17.8678, 18.3836, 9.7338, 5.68821, 2.54226, 3.5874, 7.71404, 10.1413, 6.20729, 11.7187, 7.46978, 9.61898, 7.98729, 11.2579, 7.41824, 13.3877, 8.41982, 6.37292, 4.3631, 5.50925, 4.81275, 4.75935, 4.08699, 0.355255, 6.24674, 9.38466, 15.0615, 21.65, 23.7705)
(5.38391, 3.41568, 9.00892, 15.4342, 13.877, 22.8032, 9.97172, 5.25827, 2.81486, 4.14147, 7.8908, 11.7397, 6.8598, 10.1229, 9.93314, 8.99022, 11.007, 7.01476, 6.25453, 12.2432, 9.72679, 6.10795, 3.9766, 3.64442, 5.59538, 7.16317, 3.73179, 0.627729, 7.49748, 10.0231, 13.5865, 17.3649, 26.789)
(4.5887, 3.77737, 6.73167, 12.487, 27.026, 24.3392, 6.85709, 3.57021, 3.34531, 2.41131, 4.86609, 6.70674, 9.33412, 9.49692, 11.3582, 9.78207, 10.8688, 7.62645, 9.09153, 10.7903, 8.51409, 6.4308, 3.23903, 4.71869, 3.82466, 2.90342, 2.44648, 0.457329, 5.74525, 10.4145, 18.9845, 18.1424, 29.1238)
(3.33886, 5.97763, 11.3442, 20.8847, 26.1125, 17.5786, 3.39583, 1.75121, 1.69784, 3.04867, 4.86999, 6.32315, 10.1301, 4.09103, 13.6583, 9.88996, 13.4592, 9.83997, 7.33071, 3.91578, 11.2811, 10.0807, 1.76876, 0.583292, 1.69377, 2.90686, 3.99593, 0.158321, 9.30509, 16.2425, 13.3006, 26.8062, 23.2387)
(4.27287, 6.79375, 10.0648, 16.455, 20.96, 19.9394, 6.569, 3.98343, 2.85079, 2.51304, 5.59786, 7.22975, 9.85605, 10.7014, 8.76313, 8.64421, 8.10889, 7.54484, 8.56959, 7.95715, 11.5071, 11.118, 2.96609, 4.35621, 3.10858, 3.43343, 2.2222, 0.481908, 4.85743, 9.91587, 15.192, 23.9977, 29.4686)
(2.30863, 4.39151, 9.50438, 18.548, 23.7188, 23.3493, 5.459, 4.37905, 2.93496, 3.08904, 2.31733, 7.75166, 11.1387, 10.3975, 7.75702, 9.31617, 9.39106, 9.45054, 7.9629, 9.07285, 9.2385, 8.52307, 3.07521, 4.52309, 2.99518, 3.27616, 1.67772, 0.600196, 5.52661, 9.90002, 15.3035, 23.0171, 30.1052)
(2.3763, 16.7011, 1.17827, 14.8427, 13.1932, 19.853, 0.893377, 6.04211, 0.684533, 6.57648, 17.659, 27.5697, 13.3134, 7.03333, 2.61223, 12.8018, 2.01531, 7.36505, 0.960991, 12.1365, 7.3317, 6.85994, 1.16183, 6.55043, 11.3154, 5.75541, 1.10663, 5.35476, 0.308572, 23.4692, 18.3117, 11.2231, 15.443)
(22.3098, 4.63359, 11.5611, 5.68108, 5.39413, 23.7977, 0.81465, 8.02521, 0.73607, 4.70534, 12.3414, 4.91357, 12.4942, 8.39092, 11.8205, 12.1818, 8.05517, 1.34957, 0.910111, 5.18895, 18.9291, 15.766, 0.80695, 4.68931, 8.05162, 4.21684, 11.1981, 0.153345, 0.364283, 12.1467, 19.6215, 20.8758, 17.8755)
(8.32724, 5.54656, 2.88516, 5.71713, 8.43207, 8.54846, 0.134871, 8.27368, 19.1222, 24.6219, 8.39069, 11.0755, 13.8551, 11.0711, 5.67286, 11.1208, 2.85861, 2.88851, 2.86384, 16.4866, 8.31478, 13.7924, 8.27762, 13.7901, 5.57936, 2.79793, 0.083021, 0.0157863, 2.76844, 11.0791, 8.48693, 30.3753, 16.7464)
(7.86684, 2.73046, 5.34055, 18.1604, 10.6256, 20.8945, 7.82304, 2.78153, 2.77581, 7.94953, 13.0517, 13.0235, 13.1311, 5.438, 20.6157, 15.6178, 2.75995, 10.4065, 10.3769, 5.41878, 0.278646, 2.93308, 5.30747, 13.0416, 5.32754, 2.67395, 2.64385, 0.0220782, 0.0960408, 10.4862, 23.3249, 26.1978, 10.8785)
(4.9549, 2.51669, 12.08, 7.37614, 7.53841, 9.98873, 7.34289, 12.0537, 9.62679, 16.7524, 9.76927, 2.65435, 21.6225, 2.67414, 9.7002, 12.1405, 0.201401, 12.0452, 4.92142, 12.086, 9.74, 12.2142, 7.27166, 7.36308, 4.95046, 2.49901, 7.21173, 0.0230303, 2.48411, 9.74125, 12.2312, 17.1935, 29.031)
(0.0194902, 0.0276605, 0.0444012, 9.56607, 37.9949, 42.7152, 9.53197, 0.01705, 0.0384594, 0.0185255, 0.0262168, 14.2787, 9.50424, 4.78598, 4.78327, 14.2639, 9.51795, 4.78356, 0.0407515, 14.2651, 18.9953, 4.78127, 9.51768, 9.50592, 0.0318917, 4.77191, 9.48775, 0.00324776, 4.75512, 19.0042, 9.54442, 9.57402, 23.8039)
(5.61653, 7.28754, 9.82953, 10.6742, 13.9103, 14.0914, 8.58503, 6.87413, 8.04956, 5.02984, 10.052, 15.1911, 9.82416, 10.1964, 9.23635, 9.69827, 6.2463, 7.02914, 5.37796, 6.3199, 10.3687, 10.5118, 7.1218, 9.06918, 7.62577, 3.85801, 2.13238, 1.44418, 3.00065, 5.91514, 14.9963, 21.4071, 23.4294)
(4.9088, 9.11505, 7.10829, 11.2576, 10.63, 22.4486, 8.23988, 5.96743, 4.27032, 5.9511, 10.1029, 13.3254, 4.48468, 11.7365, 7.359, 8.66251, 3.69452, 5.47202, 7.8618, 12.3988, 9.90508, 15.0997, 4.16057, 3.62782, 4.89437, 5.70415, 3.75983, 0.48553, 4.13221, 9.69815, 18.7894, 14.4158, 30.3321)
(7.71608, 5.38474, 8.47713, 14.204, 14.8762, 22.3546, 13.3358, 3.96119, 1.14727, 1.23531, 7.30766, 10.0997, 7.2826, 8.84048, 8.36097, 10.7369, 8.06865, 11.4965, 10.4186, 10.7881, 7.41433, 6.49332, 6.04354, 5.37, 5.35046, 12.0053, 3.35053, 1.34963, 4.59407, 5.74855, 13.216, 18.3698, 24.6021)
(6.92221, 10.5508, 6.30836, 8.76392, 2.81193, 26.6469, 5.24813, 14.7134, 1.05988, 5.78435, 11.1902, 2.02388, 20.4231, 6.62655, 2.4063, 2.68493, 2.08734, 10.7777, 9.961, 19.6868, 6.99354, 16.3289, 0.743141, 5.98208, 5.91067, 9.75527, 5.69964, 0.219038, 4.8698, 7.10948, 12.3908, 18.7335, 28.5866)
(17.0763, 1.30306, 0.687372, 24.208, 12.6034, 24.038, 5.76047, 0.65942, 0.430186, 6.22717, 7.00668, 7.27477, 17.8071, 6.53743, 11.9797, 12.3272, 11.7038, 12.0061, 0.551676, 6.68104, 11.904, 1.22732, 5.86744, 6.23903, 0.943229, 0.521772, 5.85595, 0.307058, 0.153085, 18.1573, 7.46451, 40.4811, 14.0095)
(8.24895, 4.54102, 10.4576, 8.22164, 17.4473, 20.2062, 7.10397, 7.14472, 3.88406, 5.30066, 7.44386, 6.44709, 10.0504, 12.7221, 5.67373, 12.1863, 9.53225, 6.09736, 5.55485, 8.30116, 9.49856, 13.9362, 5.86484, 7.43374, 6.75155, 3.44981, 3.44248, 0.822492, 6.28474, 10.7834, 13.0764, 20.4996, 21.591)
(12.1533, 0.128793, 0.263833, 12.59, 24.5819, 36.9726, 0.332906, 12.2402, 0.198456, 0.288081, 0.24991, 12.1829, 0.654846, 36.1782, 36.4011, 12.5404, 0.373097, 0.496896, 0.327514, 0.295061, 0.315539, 0.23444, 24.2916, 0.516475, 0.450743, 0.135911, 0.148077, 0.0344532, 0.181298, 0.395597, 24.4817, 12.896, 36.4681)
(3.21475, 3.08915, 6.15098, 15.9683, 24.2119, 19.7529, 13.4623, 3.91469, 7.8601, 0.954251, 1.42071, 4.51803, 15.7847, 13.7037, 10.774, 10.8996, 8.05605, 1.72031, 8.27891, 8.51706, 4.18875, 13.5589, 0.922028, 13.3315, 6.19967, 3.06337, 0.50115, 0.262679, 0.757606, 6.12584, 14.4301, 25.0625, 29.3435)
(2.59751, 3.74895, 7.87296, 11.6455, 22.3668, 17.7299, 12.0406, 5.64388, 4.99549, 3.94905, 7.40945, 12.8322, 6.05354, 11.9847, 8.63782, 7.60105, 9.72144, 9.69445, 5.14153, 7.75601, 8.2537, 12.3236, 2.99004, 9.88162, 8.71354, 7.15132, 1.81947, 0.58034, 4.35346, 7.85243, 10.3378, 25.8937, 20.4264)
(0.71691, 8.93472, 8.84781, 51.8863, 17.698, 1.43894, 0.290678, 0.402272, 8.65097, 0.42895, 0.704503, 0.614195, 0.982229, 9.03718, 17.4986, 9.17497, 17.4283, 17.5421, 8.7521, 0.709941, 0.664138, 17.5962, 0.258138, 0.44208, 0.378881, 0.273301, 0.337552, 0.0784232, 0.130968, 0.904168, 9.38305, 27.0685, 60.745)
(8.05551, 6.78796, 4.93441, 9.07729, 14.2342, 10.4415, 16.9096, 12.1826, 10.0912, 5.81668, 1.46912, 6.96186, 14.5125, 10.7322, 11.9992, 16.3958, 2.88514, 6.2412, 11.3558, 5.56841, 4.03923, 9.30867, 6.77234, 16.2809, 23.2077, 1.30332, 0.940919, 0.126729, 0.509186, 1.93831, 11.5687, 20.0347, 17.3173)
(1.11517, 0.583157, 12.3193, 7.49917, 20.5735, 34.0385, 7.51231, 8.18801, 0.951774, 7.05023, 0.168932, 13.1828, 7.79556, 6.67228, 13.6098, 15.4578, 7.32566, 8.11804, 7.2133, 7.28957, 0.260867, 13.0743, 13.7528, 14.559, 19.6981, 1.41932, 6.0581, 0.0100808, 0.0787565, 0.395906, 20.1033, 10.0089, 13.9157)
(1.43662, 1.05543, 7.19521, 12.8339, 16.1425, 37.2389, 16.5613, 2.64947, 1.64394, 1.23515, 2.00769, 3.66118, 3.12599, 17.0605, 11.3861, 11.9492, 11.2905, 3.12335, 2.51447, 11.6847, 7.83432, 16.3698, 14.4025, 7.62909, 2.65822, 5.97055, 0.873666, 0.405108, 1.43253, 2.69317, 5.11928, 25.8522, 32.9637)
(1.17462, 0.868982, 7.33064, 20.5264, 15.7407, 28.9018, 14.2116, 2.00113, 1.20636, 7.26539, 0.772373, 8.29193, 1.95022, 7.63276, 14.2656, 9.08455, 7.523, 8.13253, 1.68777, 19.7465, 1.1586, 20.5266, 1.74289, 2.71304, 8.36326, 7.04844, 0.439026, 0.133612, 0.422498, 1.0211, 15.1633, 28.7103, 34.2426)
(0.0887562, 16.5188, 16.5578, 0.141755, 0.24214, 16.7529, 16.5422, 16.5574, 16.5115, 0.0352768, 0.051464, 0.0978149, 16.593, 16.6081, 0.0460627, 16.5926, 0.0905639, 0.078538, 0.066399, 0.133877, 16.6102, 33.0828, 33.005, 0.0867447, 32.9877, 0.0393747, 0.0470847, 0.00826585, 0.079915, 16.5947, 16.6441, 0.220201, 0.28693)
