5.000000
48 48 48
168.960007 168.960007 168.960007
48.960007 48.960007 48.960007
9.920377 317.603329 113.533522
58476 12 18 25
0.950429 0.264588 0.163336 4.148783
58477 13 18 25
-0.095607 0.941536 -0.323063 5.480367
56269 13 20 24
0.822840 -0.545743 0.158426 3.069989
60925 13 21 26
0.608176 -0.774446 0.174226 1.744353
68413 13 33 29
0.653747 -0.202633 -0.729078 0.597426
56174 14 18 24
-0.256333 0.965871 0.037242 5.151050
53966 14 20 23
0.767081 -0.529064 0.362875 5.293790
58574 14 20 25
0.401443 -0.703154 -0.586872 4.254915
56318 14 21 24
0.361125 -0.926140 -0.108875 2.754426
63278 14 22 27
0.996547 -0.037379 0.074137 2.837252
35726 14 24 15
0.843790 0.435671 -0.313384 0.545467
68510 14 35 29
0.354546 -0.795646 -0.491167 0.304876
53919 15 19 23
-0.659707 0.592407 0.462429 5.702823
53967 15 20 23
-0.618092 -0.616830 0.487322 5.978812
56271 15 20 24
-0.549568 -0.593781 -0.587707 5.673292
58575 15 20 25
-0.084268 -0.794829 -0.600954 4.648562
63279 15 22 27
0.953738 0.191191 0.232013 5.325802
38271 15 29 16
0.906891 -0.411305 -0.091525 1.165157
75231 15 31 32
0.483966 -0.001048 -0.875086 0.104799
60880 16 20 26
0.600303 0.551248 0.579449 6.102515
63184 16 20 27
0.764383 0.564360 -0.311794 6.461457
42496 16 21 18
-0.495479 -0.795913 -0.347884 0.543904
63280 16 22 27
0.830003 0.247847 0.499668 7.969634
54112 16 23 23
0.293062 0.638275 0.711843 1.959674
56464 16 24 24
0.672578 0.667611 0.319272 4.596812
56512 16 25 24
0.792369 -0.596428 0.128157 4.215430
38128 16 26 16
0.485807 0.874035 -0.007406 4.026556
49696 16 27 21
0.863869 0.231023 0.447614 5.138497
58912 16 27 25
0.823672 0.383026 -0.418158 4.510322
58960 16 28 25
0.846958 0.043860 -0.529848 5.198459
54400 16 29 23
0.714460 -0.696240 0.069259 4.420434
52144 16 30 22
0.619619 -0.763495 0.182066 1.630705
68272 16 30 29
0.404224 0.861801 0.306435 2.444970
70624 16 31 30
0.649136 -0.376465 -0.660981 2.484465
63185 17 20 27
0.206584 0.976435 0.062437 8.330528
58625 17 21 25
0.579621 -0.439204 0.686396 6.805339
63233 17 21 27
0.463424 -0.268977 0.844328 9.046423
65537 17 21 28
0.579784 0.018270 -0.814565 8.087918
61025 17 23 26
0.588153 -0.655763 0.473340 6.858311
65633 17 23 28
0.323098 -0.716633 -0.618098 7.028389
31121 17 24 13
0.290945 0.374837 0.880255 2.252453
33425 17 24 14
0.846752 0.392022 0.359624 3.438737
31169 17 25 13
0.702778 -0.061524 0.708743 2.512641
45041 17 26 19
0.703394 0.709374 0.044996 3.349055
58865 17 26 25
0.800065 -0.250993 -0.544884 5.854831
40481 17 27 17
0.585153 0.717959 -0.377002 7.276053
49697 17 27 21
0.795725 0.061845 0.602492 7.645669
54305 17 27 23
0.772998 0.628859 -0.083731 7.959030
58913 17 27 25
-0.004901 0.077886 -0.996950 5.624577
40529 17 28 17
0.142470 -0.980135 -0.137980 6.324819
54353 17 28 23
0.831729 -0.553410 -0.044326 8.469913
33665 17 29 14
-0.300207 -0.768790 0.564656 1.118149
59009 17 29 25
-0.261013 -0.340160 -0.903418 5.541610
38321 17 30 16
-0.409059 -0.912168 0.024901 1.494784
59105 17 31 25
-0.281401 -0.916185 0.285340 4.356050
70625 17 31 30
0.269948 -0.568791 -0.776920 3.143534
60882 18 20 26
-0.242149 0.861806 0.445707 7.677640
65538 18 21 28
-0.344130 0.404491 -0.847326 9.098559
67842 18 21 29
0.449903 0.035179 -0.892384 6.326440
60978 18 22 26
0.193965 0.293631 0.936033 8.137022
61026 18 23 26
0.711161 -0.204299 0.672690 8.250924
65634 18 23 28
0.365492 -0.781206 -0.506096 8.713871
33426 18 24 14
0.451523 0.856959 0.248493 4.587481
35778 18 25 15
0.727982 0.285975 -0.623106 5.594498
38082 18 25 16
0.191885 0.748324 -0.634973 4.412909
49602 18 25 21
0.578936 0.672908 0.460465 4.657848
51906 18 25 22
0.480167 0.857534 0.184595 5.320711
61122 18 25 26
0.475872 -0.423945 -0.770595 6.908620
33522 18 26 14
0.472016 -0.568852 0.673505 5.364644
35874 18 27 15
-0.169377 -0.472195 0.865068 5.825649
38178 18 27 16
-0.270929 0.374158 0.886906 7.541790
47394 18 27 20
0.754429 0.373633 0.539663 8.090939
49698 18 27 21
0.694834 -0.131975 0.706957 9.151356
52002 18 27 22
-0.195246 0.023577 -0.980471 9.158464
54306 18 27 23
-0.741732 0.619614 -0.256735 8.857907
38226 18 28 16
-0.212292 -0.914673 0.343957 5.581481
52098 18 29 22
0.930276 -0.365057 0.036328 8.673130
47538 18 30 20
0.472309 -0.447389 0.759452 5.545254
49842 18 30 21
0.656734 -0.746944 0.103804 7.197479
54498 18 31 23
0.640831 -0.751473 -0.156919 3.843753
66018 18 31 28
0.660900 -0.604857 0.444251 4.426521
68322 18 31 29
0.628947 -0.761687 -0.155751 4.918172
63139 19 19 27
-0.224217 0.801024 -0.555056 5.100628
67843 19 21 29
0.175261 0.733347 -0.656876 7.619716
60979 19 22 26
0.079656 0.441408 0.893764 8.372232
65635 19 23 28
0.524605 -0.730188 -0.437739 10.530624
67939 19 23 29
0.331517 -0.451074 -0.828631 6.775763
33427 19 24 14
0.473236 0.875281 -0.099657 5.877983
61075 19 24 26
0.954157 -0.239265 -0.179822 10.501746
47299 19 25 20
0.673681 0.503707 0.540771 4.649517
49603 19 25 21
0.560187 0.810396 0.171608 5.898172
54211 19 25 23
0.239689 0.588386 0.772238 7.253798
56515 19 25 24
0.851490 0.507070 0.133587 8.774223
61123 19 25 26
0.430654 -0.750098 -0.501886 8.598019
56563 19 26 24
-0.157130 -0.906312 -0.392313 7.885692
40483 19 27 17
0.963204 0.232646 -0.134585 8.135039
52003 19 27 22
-0.471040 -0.268942 -0.840114 8.357198
47443 19 28 20
0.370356 -0.360151 0.856229 9.142282
56659 19 28 24
-0.775214 0.549255 0.312030 8.094957
58963 19 28 25
0.685000 0.490582 0.538613 9.056343
61267 19 28 26
0.949036 -0.116491 -0.292850 8.928097
54403 19 29 23
-0.832679 -0.481873 -0.272844 8.123623
56707 19 29 24
-0.647829 -0.761439 0.023008 7.758132
61363 19 30 26
0.907418 -0.420190 -0.005798 7.648818
68275 19 30 29
0.860925 -0.018050 -0.508411 8.463760
70579 19 30 30
0.084686 -0.168574 -0.982044 5.727358
47587 19 31 20
0.435777 -0.674961 0.595421 5.543680
49891 19 31 21
0.294255 -0.945581 -0.138891 6.421937
52195 19 31 22
-0.116914 -0.886906 -0.446910 5.390934
54499 19 31 23
-0.459561 -0.779602 -0.425470 4.065452
59107 19 31 25
-0.163053 -0.962102 0.218573 4.419113
60932 20 21 26
-0.388449 0.534065 0.750921 6.676048
63236 20 21 27
-0.292351 0.845694 -0.446466 6.685884
70148 20 21 30
0.477108 0.543832 -0.690372 6.381981
70196 20 22 30
0.493698 -0.388000 -0.778279 6.627636
61028 20 23 26
0.250677 0.449440 0.857418 11.222956
63332 20 23 27
0.871877 0.485014 -0.067768 12.613317
67940 20 23 29
0.159346 -0.456309 -0.875438 8.251732
56468 20 24 24
0.564736 0.739200 0.366956 8.690519
65684 20 24 28
0.535434 -0.508505 -0.674339 9.976815
33476 20 25 14
0.098150 -0.909719 -0.403457 7.515573
44996 20 25 19
0.336916 0.934607 0.114006 5.521732
49604 20 25 21
0.863062 0.354357 -0.359939 7.469054
56516 20 25 24
0.534197 -0.485565 0.691997 10.106077
63428 20 25 27
0.771820 -0.514483 -0.373632 9.798842
65732 20 25 28
0.766682 -0.360994 -0.530926 7.573371
31220 20 26 13
-0.091428 -0.724678 0.682996 3.462231
40436 20 26 17
0.031999 0.960282 0.277190 6.745453
45044 20 26 19
-0.313522 0.762104 -0.566481 7.289295
61172 20 26 26
0.975295 -0.216116 -0.045748 9.356170
40484 20 27 17
-0.678225 0.079500 0.730541 8.902011
42788 20 27 18
-0.863376 -0.429595 -0.264634 9.085276
45092 20 27 19
-0.712499 -0.032584 -0.700916 8.295171
63524 20 27 27
0.753164 0.526305 -0.394648 10.165769
65828 20 27 28
0.872263 0.048867 -0.486589 8.479782
40532 20 28 17
-0.142650 -0.974127 0.175293 6.264567
72788 20 28 31
0.241656 0.361765 -0.900405 1.741482
49796 20 29 21
-0.666884 -0.517824 0.535840 9.773647
63668 20 30 27
0.410641 -0.831136 0.374949 10.117198
65972 20 30 28
0.653739 -0.747631 0.116930 11.009942
68276 20 30 29
0.235023 -0.407639 -0.882380 9.773587
47588 20 31 20
-0.474419 -0.780333 0.407440 5.632478
49892 20 31 21
-0.569756 -0.767447 -0.293944 5.519767
68324 20 31 29
0.203644 -0.729199 -0.653298 7.737954
66068 20 32 28
0.080763 -0.820836 0.565425 4.484733
68372 20 32 29
0.139483 -0.958278 -0.249494 5.161485
72980 20 32 31
0.165541 0.030761 -0.985723 2.156178
77061 21 21 33
0.922523 0.306873 0.234051 11.116872
79365 21 21 34
0.849975 0.055345 -0.523907 10.022771
31029 21 22 13
0.325884 0.829823 0.452983 9.167765
33333 21 22 14
0.212102 0.888285 -0.407385 9.302552
35637 21 22 15
0.211457 0.647512 -0.732130 7.240721
40245 21 22 17
0.983483 -0.043563 0.175677 6.408309
63285 21 22 27
-0.015167 0.999721 -0.018118 10.409288
65589 21 22 28
0.083012 0.989119 0.121462 10.290893
74805 21 22 32
0.820535 0.167462 0.546515 9.863198
28773 21 23 12
0.115962 -0.217663 0.969111 6.286353
31077 21 23 13
0.180474 -0.534757 0.825509 10.306851
56421 21 23 24
0.399616 0.753054 0.522701 7.380522
63333 21 23 27
-0.462674 0.749662 -0.473223 13.316684
77157 21 23 33
0.908840 -0.377198 -0.178131 10.454883
31125 21 24 13
-0.183406 -0.680939 0.709002 7.822833
33429 21 24 14
0.378097 -0.587986 -0.715063 8.833437
42645 21 24 18
0.947508 0.047633 0.316164 5.622339
49557 21 24 21
0.537416 0.797864 -0.273124 7.820879
56469 21 24 24
0.256440 0.615212 0.745489 10.220634
63381 21 24 27
-0.657294 -0.662666 -0.358941 13.032200
65685 21 24 28
-0.224664 -0.234878 -0.945705 10.867610
49605 21 25 21
0.931186 -0.207874 -0.299467 9.511700
56517 21 25 24
0.319549 -0.365320 0.874317 10.730622
61125 21 25 26
0.034423 -0.969571 0.242379 12.249281
65733 21 25 28
0.381832 -0.231300 -0.894821 9.958466
58869 21 26 25
0.454426 -0.659315 0.599001 10.938202
45093 21 27 19
-0.989338 -0.009336 -0.145335 5.084143
49701 21 27 21
-0.001060 -0.707084 0.707128 8.442512
61221 21 27 26
0.769423 0.274294 0.576845 11.555092
45141 21 28 19
-0.978014 -0.166200 0.125959 4.683707
45189 21 29 19
-0.467246 -0.165397 0.868519 4.217921
52101 21 29 22
-0.329670 0.926455 -0.181658 8.836414
61317 21 29 26
0.488867 -0.526760 0.695365 10.858728
68229 21 29 29
0.456544 0.039818 -0.888810 11.710854
52149 21 30 22
0.195907 -0.975185 0.103127 7.831911
54453 21 30 23
0.702768 -0.648596 -0.292302 7.491079
70629 21 31 30
-0.237519 -0.096766 -0.966551 4.242923
45333 21 32 19
-0.461272 -0.825692 0.324749 1.732560
68469 21 34 29
-0.349560 -0.882502 -0.314638 0.874918
66213 21 35 28
-0.218683 -0.583523 0.782099 0.547360
68517 21 35 29
-0.402651 -0.721851 -0.562853 0.621629
74710 22 20 32
0.815106 0.575757 0.064081 12.066945
79318 22 20 34
0.311180 0.848304 -0.428424 10.512374
65542 22 21 28
0.003579 0.647665 0.761917 7.419359
67846 22 21 29
0.327836 0.555727 0.763997 11.999491
74758 22 21 32
0.833236 -0.435323 0.340898 12.543427
79366 22 21 34
0.538178 0.229421 -0.811006 13.666673
81670 22 21 35
0.446139 0.142811 -0.883496 9.389957
31030 22 22 13
-0.834168 0.494121 0.244965 7.361807
33334 22 22 14
-0.705140 0.698505 -0.121933 7.493498
42550 22 22 18
0.777680 0.582588 0.236233 8.974095
44854 22 22 19
0.809442 0.347462 -0.473364 8.015703
56374 22 22 24
0.454531 0.661090 0.596960 6.122336
60982 22 22 26
-0.150508 0.963359 0.222008 8.703902
65590 22 22 28
-0.265433 0.663641 0.699375 10.187154
70198 22 22 30
0.700959 -0.649713 -0.294157 11.530917
72502 22 22 31
0.990353 -0.085812 0.108799 10.858531
56422 22 23 24
0.221732 0.602397 0.766781 8.681464
63334 22 23 27
-0.918499 0.119118 -0.377055 11.867760
74854 22 23 32
0.703642 0.020893 0.710248 14.280083
77158 22 23 33
0.934644 -0.347443 -0.075661 16.080490
79462 22 23 34
0.628504 -0.304413 -0.715762 12.960907
33430 22 24 14
-0.408129 -0.146194 0.901143 8.999580
42646 22 24 18
0.850596 -0.305734 0.427800 8.487352
49558 22 24 21
0.688972 0.713489 -0.127480 10.926700
58774 22 24 25
0.722890 0.669710 0.170057 12.516586
63382 22 24 27
-0.848961 -0.294990 -0.438459 11.310557
70294 22 24 30
0.868565 -0.486280 -0.095535 9.565014
33478 22 25 14
0.238315 -0.100038 0.966022 8.841720
35782 22 25 15
0.974232 0.123254 -0.188895 9.567286
38086 22 25 16
0.954393 0.172327 -0.243798 9.177543
40390 22 25 17
0.643237 -0.373777 -0.668234 7.723186
49606 22 25 21
0.730588 -0.607354 0.312029 11.445612
56518 22 25 24
0.528602 -0.096370 0.843382 11.792783
63430 22 25 27
-0.909268 -0.331053 -0.252259 10.524835
33526 22 26 14
0.820433 -0.406136 0.402423 8.055733
54262 22 26 23
0.891959 -0.438437 -0.110375 10.615133
58870 22 26 25
-0.726354 -0.687125 0.016424 10.671723
70390 22 26 30
0.199328 0.313217 -0.928527 9.414973
38182 22 27 16
0.866084 -0.429652 -0.255532 7.781589
49702 22 27 21
0.203951 -0.734772 0.646927 9.027565
52006 22 27 22
0.544113 -0.771230 -0.330370 9.554902
56614 22 27 24
0.876983 -0.322518 0.356207 8.603995
61222 22 27 26
-0.930479 0.199259 0.307417 10.955986
63526 22 27 27
-0.916145 0.088589 0.390934 11.946847
65830 22 27 28
-0.664817 0.164351 0.728702 13.018071
68134 22 27 29
0.939507 0.130511 -0.316692 13.822215
33622 22 28 14
0.866973 -0.375100 0.328114 4.460206
61318 22 29 26
-0.549431 -0.629329 0.549609 11.083105
63622 22 29 27
-0.707625 0.264448 0.655237 12.225642
47542 22 30 20
-0.201425 -0.371271 0.906414 5.815308
49846 22 30 21
0.532855 -0.697919 0.478512 8.074294
54454 22 30 23
0.581468 -0.746932 0.322470 10.098247
56758 22 30 24
0.859458 -0.376155 -0.346179 9.875012
63670 22 30 27
-0.498175 -0.760818 0.415906 10.944057
61414 22 31 26
0.227051 -0.940106 0.254261 5.064672
63718 22 31 27
-0.246385 -0.920963 0.301863 6.626559
66022 22 31 28
-0.537702 -0.837037 -0.101219 7.282757
45334 22 32 19
-0.740002 -0.564255 0.366078 0.954373
61462 22 32 26
0.222786 -0.956519 0.188252 1.751704
66070 22 32 28
-0.456669 -0.883248 0.106423 3.542238
68374 22 32 29
-0.617266 -0.717746 -0.322216 3.126340
50038 22 34 21
0.075674 -0.771749 0.631408 0.175981
72407 23 20 31
0.435887 0.811811 0.388541 14.859100
74711 23 20 32
0.637455 0.763755 0.101639 15.720464
77015 23 20 33
0.677892 0.606525 -0.415440 15.263062
56327 23 21 24
-0.107169 0.941261 0.320221 4.104065
67847 23 21 29
-0.179548 0.527309 0.830487 12.064062
70151 23 21 30
0.137984 0.413067 0.900187 14.823997
72455 23 21 31
0.870409 -0.492329 -0.000473 15.384690
40247 23 22 17
0.606847 0.740467 0.288870 9.056807
44855 23 22 19
0.318211 0.934179 -0.161406 10.677637
47159 23 22 20
0.584974 0.571204 -0.575788 8.980716
51767 23 22 22
0.539017 0.831926 -0.131756 5.809583
54071 23 22 23
0.364464 0.918203 0.155146 5.495733
56375 23 22 24
-0.085490 0.792102 0.604372 7.064528
60983 23 22 26
-0.531772 0.824308 -0.194252 7.137576
67895 23 22 29
0.306091 -0.322036 0.895880 12.820913
74807 23 22 32
0.847627 0.471467 0.243409 15.063551
81719 23 22 35
0.274636 -0.136986 -0.951741 11.495211
33383 23 23 14
-0.774938 0.208092 0.596799 6.133145
35687 23 23 15
-0.786782 0.223582 0.575313 8.557311
37991 23 23 16
0.955027 -0.230119 0.187001 9.360981
51815 23 23 22
0.669895 0.730246 -0.134093 10.362556
58727 23 23 25
-0.685339 0.718451 0.118907 10.710059
61031 23 23 26
-0.881689 0.361955 -0.302675 9.930230
63335 23 23 27
-0.978308 0.205848 -0.023226 9.445463
74855 23 23 32
0.687576 0.201034 0.697728 17.062225
79463 23 23 34
0.195779 -0.347806 -0.916898 15.914476
44951 23 24 19
0.557627 -0.828996 -0.042644 11.035560
49559 23 24 21
0.712691 0.681112 0.167802 13.447393
54167 23 24 23
0.490204 0.595075 -0.636857 11.484015
58775 23 24 25
-0.982758 -0.091799 -0.160497 11.677541
61079 23 24 26
-0.853813 -0.257945 -0.452181 9.969108
70295 23 24 30
0.581963 -0.745302 0.325337 11.719245
74903 23 24 32
0.398836 -0.888916 0.225297 14.300694
81815 23 24 35
0.623564 -0.452283 -0.637658 9.208429
84119 23 24 36
0.696746 -0.220789 -0.682493 6.060484
40391 23 25 17
0.225839 -0.724594 -0.651122 9.195708
49607 23 25 21
-0.044022 -0.836098 0.546810 12.397356
54215 23 25 23
-0.113194 0.723038 -0.681471 12.566973
58823 23 25 25
-0.768975 -0.535690 -0.348876 10.043573
63431 23 25 27
-0.896155 -0.438953 0.065011 7.741417
68039 23 25 29
-0.751158 0.003615 0.660113 8.969373
77255 23 25 33
0.236471 -0.971592 -0.009556 6.937727
79559 23 25 34
0.290139 -0.954385 -0.070496 6.639264
81863 23 25 35
0.530420 -0.807515 -0.258020 5.941332
33527 23 26 14
0.006811 0.546793 0.837240 9.734985
56567 23 26 24
-0.229771 -0.333656 -0.914264 10.417063
70391 23 26 30
-0.108125 0.572250 -0.812920 9.423287
31271 23 27 13
0.275163 -0.543266 0.793188 7.234905
38183 23 27 16
0.820905 -0.368243 -0.436476 10.142229
49703 23 27 21
0.113419 -0.762659 0.636779 9.927342
63527 23 27 27
-0.940313 0.198937 0.276107 7.402935
70439 23 27 30
0.269601 0.673756 -0.688017 13.011034
52055 23 28 22
0.491451 -0.271708 0.827436 8.906826
54359 23 28 23
0.917045 0.169165 0.361126 11.066475
68183 23 28 29
0.433291 0.091825 0.896564 15.485654
33671 23 29 14
0.153039 -0.584566 0.796782 4.619781
59015 23 29 25
0.767504 -0.121618 -0.629402 11.584606
63623 23 29 27
-0.916864 -0.133686 0.376150 9.548424
82055 23 29 35
0.717891 -0.456866 -0.525268 2.594126
36023 23 30 15
0.382361 -0.922788 -0.047568 3.072132
49847 23 30 21
-0.201015 -0.042085 0.978684 8.538714
52151 23 30 22
0.835780 -0.276176 0.474552 10.705037
56759 23 30 24
0.284669 -0.910000 0.301437 11.878366
59111 23 31 25
0.438690 -0.857227 -0.269654 8.123842
79272 24 19 34
0.303245 0.787867 -0.536011 10.047421
77016 24 20 33
0.313083 0.834127 -0.454105 16.893465
79320 24 20 34
0.203312 0.336485 -0.919479 13.850972
67848 24 21 29
0.014724 0.571448 0.820506 11.406653
74760 24 21 32
0.898363 -0.429059 0.094083 17.355934
40248 24 22 17
-0.384860 0.775505 0.500474 9.733747
42552 24 22 18
-0.352277 0.921436 -0.163880 10.278058
47160 24 22 20
-0.681860 0.690243 -0.242139 9.170290
49464 24 22 21
-0.046124 0.989856 -0.134376 8.551778
67896 24 22 29
0.094648 0.238584 0.966498 13.594613
74808 24 22 32
-0.242109 0.091949 0.965882 17.052210
77112 24 22 33
-0.464602 0.583892 0.665744 17.553503
79416 24 22 34
0.024515 -0.066016 -0.997517 16.671795
51816 24 23 22
-0.229827 0.927967 -0.293355 11.775643
54120 24 23 23
-0.023378 0.900015 -0.435232 10.138463
67944 24 23 29
0.198574 -0.538850 0.818663 12.857577
77160 24 23 33
-0.938986 -0.242070 -0.244351 17.492832
84072 24 23 36
0.571753 0.316245 -0.757025 9.102941
40344 24 24 17
0.027568 -0.145214 0.989016 11.276364
44952 24 24 19
-0.483798 -0.754485 -0.443499 11.304714
49560 24 24 21
-0.944454 -0.176278 0.277366 12.835154
54168 24 24 23
-0.087629 0.118028 -0.989136 11.820765
72600 24 24 31
0.238051 -0.926106 0.292675 14.477865
74904 24 24 32
-0.082085 -0.991392 0.102001 15.395346
77208 24 24 33
-0.134790 -0.958822 -0.249984 14.937603
81816 24 24 35
0.808798 -0.478711 -0.341587 12.019653
40392 24 25 17
0.014036 -0.829708 -0.558021 9.578447
70344 24 25 30
0.408414 -0.894340 0.182629 9.920615
38136 24 26 16
0.439683 0.579933 -0.685826 11.592782
49656 24 26 21
-0.226860 0.301813 0.925982 11.726313
51960 24 26 22
-0.123773 0.719592 0.683277 12.982034
54264 24 26 23
0.409471 0.024663 -0.911990 13.469543
31272 24 27 13
-0.530353 -0.412611 0.740593 6.458737
68184 24 28 29
-0.054307 -0.142800 0.988261 16.011381
72792 24 28 31
0.267763 -0.079150 -0.960228 11.305091
77400 24 28 33
0.679318 0.483771 0.551808 5.792625
79704 24 28 34
0.888384 0.393638 0.236269 7.946901
82008 24 28 35
0.805408 -0.040011 -0.591369 6.848912
35976 24 29 15
-0.073272 -0.847372 0.525921 6.821320
52104 24 29 22
0.223071 0.276193 0.934857 10.748693
54408 24 29 23
0.575560 -0.373222 -0.727624 12.152744
59016 24 29 25
-0.505759 0.788231 -0.350571 11.872393
61320 24 29 26
-0.138016 0.350216 -0.926445 9.141920
68232 24 29 29
-0.232327 -0.955081 0.183966 11.052670
70536 24 29 30
0.015239 -0.975207 -0.220771 10.819310
79752 24 29 34
0.720662 -0.692825 -0.025286 6.985678
82056 24 29 35
0.506796 -0.596381 -0.622485 5.081157
38376 24 31 16
-0.102311 -0.904487 -0.414047 0.842131
52200 24 31 22
-0.029752 -0.915069 0.402199 8.356737
59112 24 31 25
0.160059 -0.986577 -0.032363 9.681924
74665 25 19 32
0.142913 0.988952 0.039380 12.759065
79273 25 19 34
-0.124083 0.793572 -0.595690 10.758913
72409 25 20 31
-0.079035 0.619513 0.780997 15.608127
79321 25 20 34
-0.124793 0.413611 -0.901861 14.053525
67849 25 21 29
-0.068788 0.348673 0.934717 11.662283
70153 25 21 30
0.283671 0.716594 0.637200 14.986773
81673 25 21 35
-0.007183 0.473364 -0.880838 10.904792
42553 25 22 18
-0.905826 0.422738 -0.027785 8.371696
49465 25 22 21
-0.747739 0.583207 0.317422 6.774527
77113 25 22 33
-0.679294 -0.699462 0.222066 16.103832
44905 25 23 19
-0.716444 0.460477 -0.524088 7.731071
67945 25 23 29
-0.400200 -0.293129 0.868283 12.207112
70249 25 23 30
-0.483396 -0.720064 0.497832 15.516878
40345 25 24 17
-0.577822 -0.101848 0.809783 10.268682
44953 25 24 19
-0.794192 0.127813 -0.594073 9.663420
49561 25 24 21
-0.923132 -0.036496 0.382747 9.656914
56473 25 24 24
0.673126 0.195535 -0.713210 12.341043
77209 25 24 33
-0.139567 -0.978099 -0.154410 14.255382
79513 25 24 34
0.187860 -0.955528 0.227319 14.297154
81817 25 24 35
0.833621 -0.552333 0.002082 14.938657
84121 25 24 36
0.453993 -0.125223 -0.882162 12.965469
70345 25 25 30
0.285497 -0.885058 0.367647 11.193871
38137 25 26 16
-0.433586 0.896399 0.092039 11.909699
54265 25 26 23
-0.521730 -0.615994 -0.590211 13.419656
84217 25 26 36
0.662158 -0.009698 -0.749302 10.411012
33577 25 27 14
-0.547489 -0.637331 0.542278 6.493458
49705 25 27 21
-0.446547 -0.670734 0.592209 9.248329
68137 25 27 29
0.104025 0.557080 0.823918 14.099037
81961 25 27 35
0.981852 -0.047941 0.183491 11.305946
84265 25 27 36
0.667149 -0.367116 -0.648180 9.500813
86569 25 27 37
0.320873 -0.353484 -0.878686 5.348292
88873 25 27 38
-0.058870 -0.216277 -0.974556 2.241716
40537 25 28 17
0.216092 -0.818664 -0.532066 8.457212
58969 25 28 25
-0.111449 0.623353 -0.773957 8.850852
68185 25 28 29
-0.403990 -0.500705 0.765563 14.439378
70489 25 28 30
-0.594511 -0.718884 -0.360226 16.304718
72793 25 28 31
0.018868 -0.154802 -0.987765 12.356848
79705 25 28 34
0.873559 0.408285 0.264949 11.708201
82009 25 28 35
0.714210 -0.281266 -0.640932 10.761497
38281 25 29 16
-0.078185 -0.921701 -0.379940 6.167048
52105 25 29 22
-0.241726 0.220039 0.945067 10.961269
72841 25 29 31
-0.053653 -0.931104 -0.360786 7.874657
61369 25 30 26
0.201962 0.264497 -0.943002 11.306161
54505 25 31 23
-0.264678 -0.944027 0.196871 9.303341
61417 25 31 26
0.155969 -0.818654 -0.552702 9.181211
72362 26 19 31
-0.049946 0.834885 0.548154 11.287242
79274 26 19 34
-0.238415 0.762993 -0.600833 9.390810
77018 26 20 33
-0.463856 0.788412 -0.404034 15.948169
47114 26 21 20
-0.861677 0.391249 -0.323166 2.394727
70154 26 21 30
-0.556525 -0.089815 0.825962 14.482427
72458 26 21 31
-0.154647 -0.962799 0.221590 15.804690
77066 26 21 33
-0.700962 -0.666211 -0.254589 16.634411
81674 26 21 35
-0.228532 0.403011 -0.886203 10.073071
72506 26 22 31
-0.967480 -0.060022 0.245723 15.082278
79418 26 22 34
-0.884030 -0.319177 -0.341493 14.041205
84026 26 22 36
-0.286648 0.467395 -0.836286 7.733137
42602 26 23 18
-0.595636 0.660053 -0.457764 7.998625
54122 26 23 23
-0.270392 0.882636 0.384502 9.245628
56426 26 23 24
0.006445 0.974658 -0.223606 9.947545
70250 26 23 30
-0.853513 -0.222712 0.471079 11.891238
72554 26 23 31
-0.828844 -0.352486 0.434479 14.456004
77162 26 23 33
-0.393498 0.857081 -0.332522 14.001390
84074 26 23 36
-0.433882 0.567083 -0.700116 10.669990
51866 26 24 22
-0.659517 0.154338 0.735675 8.404449
54170 26 24 23
-0.222600 0.302596 0.926760 12.470507
56474 26 24 24
0.470308 0.467550 -0.748470 13.938063
65690 26 24 28
0.319467 0.497418 0.806546 8.633396
72602 26 24 31
-0.753415 -0.247062 0.609365 13.251271
74906 26 24 32
-0.189216 -0.954174 0.231840 14.647744
84122 26 24 36
-0.406989 0.256014 -0.876822 13.007630
86426 26 24 37
-0.055923 0.045714 -0.997388 8.037114
45002 26 25 19
-0.405102 -0.504793 -0.762283 6.404082
65738 26 25 28
0.505494 -0.194402 0.840644 9.023766
68042 26 25 29
0.902498 0.329233 0.277675 11.352006
70346 26 25 30
-0.982525 0.123853 -0.138945 11.130217
74954 26 25 32
0.660524 -0.750762 -0.008055 12.162098
81866 26 25 35
0.928294 0.211875 0.305580 15.272187
84170 26 25 36
0.059854 -0.111074 -0.992008 12.834926
35834 26 26 15
-0.681723 -0.042347 0.730383 8.360474
40442 26 26 17
-0.371602 0.230656 -0.899283 10.825823
42746 26 26 18
0.416409 -0.098420 -0.903835 8.234743
54266 26 26 23
-0.731755 -0.670592 -0.121821 11.570565
61178 26 26 26
0.209553 -0.438642 -0.873888 5.459279
68090 26 26 29
0.450710 0.582681 0.676272 12.436427
77306 26 26 33
0.988188 -0.054854 0.143092 10.486744
84218 26 26 36
0.208427 0.051653 -0.976673 12.766930
49706 26 27 21
-0.756824 -0.438470 0.484728 6.048026
70442 26 27 30
-0.352722 0.500581 -0.790573 14.635797
38234 26 28 16
-0.417360 -0.795029 0.440158 9.043505
40538 26 28 17
-0.100762 -0.916876 -0.386245 8.779775
42842 26 28 18
0.122216 -0.579472 -0.805776 5.734179
56666 26 28 24
-0.920239 0.339277 -0.195070 9.849463
58970 26 28 25
-0.557157 0.340590 -0.757347 7.646224
72794 26 28 31
-0.429001 -0.804791 -0.410207 11.730608
77402 26 28 33
0.752001 0.004371 0.659148 13.891408
79706 26 28 34
0.985373 0.157469 -0.065138 15.218172
38282 26 29 16
-0.268754 -0.953953 -0.133209 5.290423
52106 26 29 22
-0.874166 0.124502 0.469397 8.054691
72842 26 29 31
-0.291155 -0.955747 0.042153 6.681435
82058 26 29 35
0.122944 -0.746477 -0.653955 9.645288
49850 26 30 21
-0.627915 -0.391474 0.672659 4.739813
56762 26 30 24
-0.840645 -0.298486 0.451909 11.220108
59066 26 30 25
-0.904675 0.252269 0.343401 12.408666
61370 26 30 26
-0.352537 0.444396 -0.823547 11.073759
77498 26 30 33
0.139144 -0.890291 0.433614 6.880471
56810 26 31 24
-0.485824 -0.855835 0.177543 7.811969
61418 26 31 26
-0.201996 -0.880910 -0.428013 9.097618
72315 27 18 31
-0.020769 0.866793 0.498236 7.051687
74619 27 18 32
-0.183355 0.980795 -0.066497 8.151171
76923 27 18 33
0.060288 0.921003 -0.384861 7.052385
72363 27 19 31
-0.254214 0.813642 0.522840 10.734583
70155 27 21 30
-0.519505 -0.347170 0.780761 11.318364
72459 27 21 31
-0.568883 -0.691094 0.445826 14.862025
83979 27 21 36
0.116569 0.169467 -0.978618 5.137165
84027 27 22 36
-0.252690 0.372224 -0.893083 6.062140
42603 27 23 18
-0.850557 0.409310 -0.330179 5.641264
74859 27 23 32
-0.635880 0.396825 0.661957 13.384039
54171 27 24 23
-0.544703 0.259718 0.797399 10.007379
61083 27 24 26
0.533786 0.169065 -0.828546 8.486600
65691 27 24 28
-0.618151 0.606431 0.500130 8.135564
67995 27 24 29
-0.710685 0.635364 -0.302060 8.336007
74907 27 24 32
0.037654 0.322355 0.945870 14.738129
86427 27 24 37
-0.261382 0.106231 -0.959372 6.916324
38091 27 25 16
-0.546344 0.628854 0.553218 7.154490
54219 27 25 23
-0.669144 -0.155978 0.726580 10.349878
61131 27 25 26
0.236356 -0.461291 -0.855188 7.634948
68043 27 25 29
-0.880694 0.458166 -0.120261 10.629813
77259 27 25 33
0.981840 -0.158287 0.104576 16.425591
79563 27 25 34
0.995169 -0.033581 0.092256 16.616522
81867 27 25 35
0.453814 0.449978 -0.769138 16.370640
42747 27 26 18
-0.152900 -0.187090 -0.970370 8.926233
51963 27 26 22
-0.783026 -0.263880 0.563238 6.185791
54267 27 26 23
-0.719459 -0.660528 0.214663 8.376580
56571 27 26 24
-0.268721 -0.938232 -0.217969 8.176957
77307 27 26 33
0.987320 -0.152017 0.045715 16.004080
79611 27 26 34
0.896148 -0.442364 -0.035124 15.865329
28971 27 27 12
-0.845888 -0.319079 0.427391 0.786623
31275 27 27 13
-0.910323 -0.311025 0.273086 0.890153
68139 27 27 29
-0.819103 -0.334782 0.465823 10.477468
84267 27 27 36
-0.037229 -0.303907 -0.951974 13.440071
38235 27 28 16
-0.402314 -0.763617 0.505008 7.762254
42843 27 28 18
0.191315 -0.646408 -0.738617 6.279885
77403 27 28 33
-0.187724 -0.545733 0.816661 14.727244
79707 27 28 34
-0.163119 -0.985099 0.054510 16.719687
84315 27 28 36
-0.160238 -0.672070 -0.722942 9.800576
56763 27 30 24
-0.852173 -0.179345 0.491566 7.222005
59067 27 30 25
-0.990191 0.094973 0.102481 8.816362
75195 27 30 32
0.059306 -0.687942 0.723339 4.325063
61419 27 31 26
-0.591740 -0.724517 -0.353439 6.794062
72364 28 19 31
-0.302435 0.951421 -0.057724 9.454698
79276 28 19 34
0.676851 0.700234 0.227034 12.965529
81580 28 19 35
0.680312 0.518545 -0.517964 11.413034
81628 28 20 35
0.715924 -0.059986 -0.695596 13.387694
74764 28 21 32
-0.752777 -0.561980 0.342789 13.616381
79372 28 21 34
0.649203 -0.730001 -0.213620 13.641301
42556 28 22 18
-0.722755 0.669041 -0.173233 1.782243
63292 28 22 27
0.588928 0.753333 0.292666 5.122324
63340 28 23 27
-0.462123 0.177969 -0.868775 5.897425
72556 28 23 31
-0.015814 -0.081777 0.996525 8.152852
79468 28 23 34
0.320957 0.937159 -0.136819 14.717141
81772 28 23 35
0.374191 0.772055 -0.513724 13.174113
56476 28 24 24
-0.800408 0.348875 0.487477 9.942911
58780 28 24 25
-0.869365 0.466747 -0.162331 11.418033
63388 28 24 27
-0.720305 -0.294866 -0.627865 5.680918
74908 28 24 32
-0.260185 0.267427 0.927786 14.108990
77212 28 24 33
-0.596255 0.385168 0.704362 17.123022
81820 28 24 35
0.320119 0.510137 -0.798301 16.055006
40396 28 25 17
-0.685756 0.667221 0.290783 6.339476
54220 28 25 23
-0.769488 -0.101728 0.630508 6.315006
58828 28 25 25
-0.681130 -0.673686 -0.286721 10.718477
45052 28 26 19
0.282708 -0.297748 -0.911824 7.401742
47356 28 26 20
0.316306 -0.222988 -0.922078 4.317231
51964 28 26 22
-0.782394 -0.329885 0.528239 2.819423
54268 28 26 23
-0.769135 -0.501770 0.395800 4.791962
56572 28 26 24
-0.571898 -0.777296 0.262191 6.359669
58876 28 26 25
-0.319137 -0.929663 -0.184059 6.840532
79612 28 26 34
0.150519 -0.333839 -0.930535 16.850405
84220 28 26 36
0.050191 -0.145379 -0.988102 14.227640
86524 28 26 37
0.050470 -0.051238 -0.997410 7.362161
38188 28 27 16
0.007552 0.277468 0.960705 7.868591
75052 28 27 32
0.418083 -0.698580 0.580683 15.929852
84268 28 27 36
-0.243934 -0.520497 -0.818278 12.265837
42844 28 28 18
0.555685 -0.612087 -0.562640 8.081234
82012 28 28 35
-0.322438 -0.725372 -0.608169 13.008403
33676 28 29 14
-0.340492 -0.501528 0.795321 0.562647
56764 28 30 24
-0.878616 0.010983 0.477403 3.503538
59116 28 31 25
-0.806875 -0.534236 0.252081 3.757463
61420 28 31 26
-0.870074 -0.350698 -0.346385 3.682253
70061 29 19 30
0.763855 0.590760 0.259861 11.292213
72365 29 19 31
0.645200 0.619530 -0.447102 10.601006
79277 29 19 34
0.464049 0.675651 0.572847 16.392729
81581 29 19 35
0.545728 0.651139 -0.527445 16.400890
67805 29 20 29
0.630960 0.226681 0.741960 10.351774
81629 29 20 35
0.672228 -0.202566 -0.712093 17.578712
83933 29 20 36
0.570254 -0.077649 -0.817791 12.099273
67853 29 21 29
0.688137 -0.522123 0.503841 10.027932
77069 29 21 33
0.762257 -0.359518 0.538247 16.168802
79373 29 21 34
0.707283 -0.706389 -0.027665 17.111763
81677 29 21 35
0.661524 -0.514847 -0.545269 15.572349
74813 29 22 32
0.706354 -0.026188 0.707375 13.957403
84029 29 22 36
0.686907 -0.088253 -0.721367 10.065300
72557 29 23 31
0.172997 -0.330134 0.927946 8.961939
79469 29 23 34
0.234009 0.890196 -0.390885 15.900062
81773 29 23 35
0.119868 0.795627 -0.593810 14.500166
42701 29 25 18
-0.393576 0.913291 0.104867 5.522095
58829 29 25 25
-0.980470 -0.194706 -0.027722 5.703528
84173 29 25 36
0.102303 -0.010374 -0.994699 14.937888
45053 29 26 19
-0.561830 0.402579 -0.722687 7.208576
47357 29 26 20
-0.121400 -0.088832 -0.988621 4.795427
68093 29 26 29
-0.650607 -0.292577 0.700792 4.169319
72701 29 26 31
-0.099641 0.309961 0.945514 12.926277
79613 29 26 34
0.258148 0.593873 -0.762020 17.174149
84221 29 26 36
-0.143246 -0.336760 -0.930631 13.952852
38189 29 27 16
-0.093705 0.002162 0.995598 7.730539
40493 29 27 17
0.498738 0.524849 0.689778 11.811737
72749 29 27 31
0.030520 -0.346197 0.937665 12.442251
81965 29 27 35
0.190311 -0.616440 -0.764058 15.922383
42845 29 28 18
0.287484 -0.825429 -0.485818 10.600053
45149 29 28 19
0.356009 -0.542306 -0.761027 7.026936
75101 29 28 32
0.136558 -0.777543 0.613823 14.530623
82013 29 28 35
-0.194241 -0.886801 -0.419350 11.081680
40589 29 29 17
0.084985 -0.978721 0.186771 5.601326
79230 30 18 34
0.050637 0.982446 0.179543 13.474763
81534 30 18 35
0.034151 0.879231 -0.475170 11.830234
67758 30 19 29
0.302616 0.384821 0.871973 11.217937
70062 30 19 30
0.593490 0.719203 0.361272 15.208808
72366 30 19 31
0.401716 0.548612 -0.733246 13.721535
76974 30 19 33
-0.119542 0.804491 0.581810 14.254655
81582 30 19 35
-0.282239 0.930513 -0.233422 17.345375
67806 30 20 29
-0.180594 -0.095266 0.978933 11.962698
70110 30 20 30
-0.475810 -0.615436 0.628366 15.571243
72414 30 20 31
-0.137397 0.054643 -0.989008 14.659399
74718 30 20 32
0.038579 0.529717 0.847297 14.496233
77022 30 20 33
-0.203090 0.676204 0.708168 16.999525
70158 30 21 30
-0.383337 -0.788447 0.481044 13.649238
72462 30 21 31
-0.666002 -0.745460 0.027046 14.431183
77070 30 21 33
-0.018762 -0.508212 0.861028 17.447281
79374 30 21 34
-0.135463 -0.982494 -0.127890 18.445354
81678 30 21 35
-0.059557 -0.878667 -0.473706 17.401520
88590 30 21 38
0.265009 0.038548 -0.963475 4.324358
67902 30 22 29
-0.193017 -0.935984 0.294411 7.092759
72510 30 22 31
-0.120893 -0.729228 0.673507 12.530246
74814 30 22 32
-0.426522 -0.237069 0.872856 14.661746
81726 30 22 35
-0.025737 -0.989216 -0.144183 14.163021
86334 30 22 37
0.386016 -0.194190 -0.901821 8.685391
74862 30 23 32
-0.340459 -0.132397 0.930891 14.239019
79470 30 23 34
-0.150591 0.548889 -0.822219 15.884916
74910 30 24 32
-0.243966 -0.159635 0.956555 13.338080
79518 30 24 34
-0.647609 -0.418958 -0.636457 16.264130
84126 30 24 36
-0.077774 0.143564 -0.986580 14.925511
35790 30 25 15
-0.076594 0.215041 0.973597 2.916229
47310 30 25 20
-0.595039 0.490273 -0.636837 2.593837
74958 30 25 32
-0.221681 0.461450 0.859023 13.600325
84174 30 25 36
-0.454517 -0.346221 -0.820698 14.105955
86478 30 25 37
-0.186823 -0.195196 -0.962806 7.532411
40446 30 26 17
-0.213259 0.975767 0.048982 9.332577
72702 30 26 31
-0.391574 0.231598 0.890523 11.588162
40494 30 27 17
-0.648881 -0.002819 0.760884 11.444664
42798 30 27 18
-0.559919 0.522897 -0.642704 11.488842
72750 30 27 31
-0.329387 -0.272144 0.904125 11.323562
75054 30 27 32
-0.573074 -0.254804 0.778884 16.413092
79662 30 27 34
-0.695374 -0.626723 -0.351672 16.527617
81966 30 27 35
-0.475132 -0.786634 -0.394280 15.446667
84270 30 27 36
-0.146785 -0.491241 -0.858567 10.970873
33630 30 28 14
-0.553811 -0.203031 0.807509 0.473015
47454 30 28 20
-0.066744 -0.536098 -0.841513 3.960871
75102 30 28 32
-0.350059 -0.755059 0.554387 13.631355
79710 30 28 34
-0.277045 -0.881777 -0.381728 11.821887
75150 30 29 32
-0.351644 -0.900101 0.257224 8.460855
69871 31 15 30
0.884377 0.281560 -0.372293 7.695423
74527 31 16 32
0.385631 0.732653 -0.560811 4.842369
63055 31 17 27
0.706065 -0.333491 0.624705 6.401196
69967 31 17 30
0.814088 0.458099 0.356940 11.581866
74575 31 17 32
0.473802 0.749507 -0.462332 8.172026
70015 31 18 30
0.486089 0.617430 0.618464 14.153414
72319 31 18 31
0.382267 0.266852 -0.884682 13.082618
76927 31 18 33
-0.134664 0.618487 0.774171 11.111753
79231 31 18 34
-0.231096 0.935547 0.267107 12.662019
67759 31 19 29
-0.370370 -0.267336 0.889583 11.155162
70063 31 19 30
-0.833535 -0.480179 0.273217 14.323104
83887 31 19 36
-0.143588 0.665701 -0.732274 13.908253
83935 31 20 36
-0.116764 0.041774 -0.992281 16.393253
70159 31 21 30
-0.900301 -0.307159 0.308401 9.009312
74767 31 21 32
-0.720510 -0.051854 0.691504 13.548222
77071 31 21 33
-0.607821 -0.400645 0.685593 16.508562
79375 31 21 34
-0.617558 -0.740620 -0.264772 17.322205
74815 31 22 32
-0.833797 -0.393399 0.387324 12.121109
79423 31 22 34
-0.458409 -0.675825 -0.577167 14.878368
84031 31 22 36
-0.030110 -0.592651 -0.804896 14.506326
77167 31 23 33
-0.810229 0.082288 0.580308 14.370854
79471 31 23 34
-0.604277 0.180317 -0.776103 15.229313
84079 31 23 36
-0.756014 -0.358270 -0.547800 13.675345
40351 31 24 17
-0.685519 0.683064 -0.251968 2.424310
74911 31 24 32
-0.740274 0.062778 0.669368 10.099131
79519 31 24 34
-0.816792 -0.492198 -0.300984 13.971616
84127 31 24 36
-0.866265 -0.293694 -0.404140 12.081416
74959 31 25 32
-0.622993 0.415203 0.662938 11.512335
81871 31 25 35
-0.957106 0.255845 -0.135979 12.691322
40447 31 26 17
-0.891542 0.452854 -0.008753 6.636600
75007 31 26 32
-0.626570 0.305178 0.717130 13.397617
84223 31 26 36
-0.531454 -0.074708 -0.843787 10.702252
40495 31 27 17
-0.923394 -0.170624 0.343848 7.377713
42799 31 27 18
-0.977208 0.108214 -0.182632 7.669304
45103 31 27 19
-0.828043 0.294155 -0.477303 6.256749
47407 31 27 20
-0.501288 0.184943 -0.845285 3.819404
84271 31 27 36
-0.518618 -0.562621 -0.643811 8.248795
75103 31 28 32
-0.544497 -0.700757 0.460936 11.033660
79711 31 28 34
-0.607109 -0.669973 -0.427265 8.396648
75151 31 29 32
-0.471116 -0.857580 0.206413 5.883675
62912 32 14 27
0.893462 0.289720 0.343202 9.715281
65216 32 14 28
0.818650 0.572519 -0.045103 10.544133
67568 32 15 29
0.660239 0.742127 0.115464 14.076698
69872 32 15 30
0.418169 0.685367 -0.596161 12.772817
65312 32 16 28
0.675480 -0.100326 0.730521 13.266862
67616 32 16 29
0.669954 -0.694362 0.262724 13.697635
69920 32 16 30
0.973166 0.226079 -0.042852 14.466106
72224 32 16 31
0.376622 0.420047 -0.825661 11.712414
63056 32 17 27
0.154322 -0.343210 0.926494 9.083687
65360 32 17 28
0.751743 -0.532057 0.389613 12.603369
69968 32 17 30
0.521212 0.023909 0.853092 14.816488
72272 32 17 31
0.169131 0.252339 -0.952743 13.609694
79184 32 17 34
0.122126 0.965668 -0.229281 8.931002
67712 32 18 29
0.171114 -0.722203 0.670182 12.046095
74672 32 19 32
0.036828 -0.741631 -0.669797 10.745387
81584 32 19 35
-0.285042 0.774558 -0.564634 15.726921
72416 32 20 31
-0.272018 -0.920567 0.280290 8.867198
81632 32 20 35
-0.898592 -0.434399 -0.061889 16.416906
83936 32 20 36
-0.468917 0.426559 -0.773411 15.246929
77072 32 21 33
-0.774683 -0.362012 0.518473 12.720349
79376 32 21 34
-0.827004 -0.549736 0.117710 14.726094
83984 32 21 36
-0.682415 -0.664010 -0.305614 14.952005
86288 32 21 37
-0.134584 -0.113133 -0.984423 10.490847
84032 32 22 36
-0.789838 -0.560596 -0.248772 12.440234
79472 32 23 34
-0.918067 -0.346718 0.192195 12.500254
81776 32 23 35
-0.728192 -0.535818 -0.427358 11.155861
77264 32 25 33
-0.917653 0.377854 -0.123041 9.302093
75008 32 26 32
-0.794100 0.112675 0.597252 9.884723
77312 32 26 33
-0.905476 -0.065388 -0.419330 10.229353
81920 32 26 35
-0.988425 -0.145359 -0.043431 7.606377
75056 32 27 32
-0.873267 -0.256161 0.414471 9.352930
45200 32 29 19
-0.273801 -0.953636 -0.124947 1.581123
62913 33 14 27
0.517876 0.594181 0.615429 13.910060
65217 33 14 28
0.539423 0.670924 -0.508807 14.238982
60657 33 15 26
0.459493 -0.373831 0.805678 9.518818
62961 33 15 27
0.501258 -0.763159 0.407834 12.982271
74481 33 15 32
-0.139944 0.439134 -0.887456 4.134601
72225 33 16 31
-0.378147 0.290852 -0.878868 11.508195
65361 33 17 28
0.013992 0.581763 0.813238 12.987235
79185 33 17 34
-0.391952 0.889952 -0.233150 8.191698
65409 33 18 28
0.713808 -0.521810 0.467111 12.749644
67713 33 18 29
0.573301 -0.808178 -0.134813 13.003820
74625 33 18 32
-0.371981 0.653448 -0.659269 11.426981
79233 33 18 34
-0.397733 0.911972 0.100571 13.176960
79281 33 19 34
-0.080877 0.078963 0.993591 15.222792
81585 33 19 35
-0.220299 0.450138 -0.865358 14.542522
63201 33 20 27
0.619297 -0.555990 0.554389 5.145414
72417 33 20 31
0.260608 -0.906575 0.331972 9.183933
77025 33 20 33
0.026615 -0.235964 0.971397 11.206993
83937 33 20 36
-0.511391 0.416478 -0.751682 13.016447
86241 33 20 37
-0.338418 0.327894 -0.882020 8.007323
83985 33 21 36
-0.657905 -0.685393 -0.312086 11.717808
86289 33 21 37
-0.518656 -0.349878 -0.780116 7.757169
79425 33 22 34
-0.603863 -0.552543 0.574497 9.990296
81729 33 22 35
-0.662966 -0.594411 -0.455139 9.738262
42849 33 28 18
-0.937968 -0.152594 0.311337 1.242943
62914 34 14 27
-0.126559 0.821645 0.555772 14.689782
65218 34 14 28
-0.227158 0.792114 -0.566528 14.883795
67522 34 14 29
0.031898 0.709857 -0.703624 11.928050
69826 34 14 30
0.038322 0.728377 -0.684104 7.993962
60658 34 15 26
0.266583 -0.135702 0.954211 11.757698
62962 34 15 27
0.475551 -0.872946 0.108703 14.969650
67666 34 17 29
-0.038073 0.998563 0.037702 14.404988
69970 34 17 30
-0.249695 -0.126510 -0.960025 14.011369
63106 34 18 27
0.437357 -0.285412 0.852795 12.078251
67714 34 18 29
0.132711 -0.696905 -0.704778 14.360723
65458 34 19 28
0.137149 -0.938079 0.318116 12.422193
67762 34 19 29
0.513538 -0.826698 -0.229890 12.224749
74674 34 19 32
0.973893 0.027768 -0.225301 13.253134
79282 34 19 34
-0.494829 0.509548 0.703921 14.438489
81586 34 19 35
-0.098330 0.718826 -0.688201 13.960378
65506 34 20 28
0.148026 -0.977547 0.149969 8.497593
67810 34 20 29
0.513872 -0.847509 -0.132907 8.170005
72418 34 20 31
0.385916 -0.699555 0.601407 10.727453
74722 34 20 32
0.718726 -0.693363 0.051771 12.057345
77026 34 20 33
0.591829 -0.645028 0.483402 12.229121
83938 34 20 36
0.016574 0.133591 -0.990898 12.165246
65554 34 21 28
0.264298 -0.942159 0.206113 4.273288
74770 34 21 32
0.821518 -0.520952 0.231770 9.886367
81682 34 21 35
0.242423 -0.931267 -0.271978 12.729052
72514 34 22 31
0.914948 -0.233400 0.329233 6.636788
79426 34 22 34
0.498642 -0.839993 0.213933 9.576741
72610 34 24 31
0.965011 -0.102136 0.241498 7.002654
74962 34 25 32
0.704687 -0.648681 0.287453 6.288694
62867 35 13 27
-0.261029 0.896006 0.359218 6.597182
65171 35 13 28
-0.305204 0.938370 -0.162211 7.166689
62915 35 14 27
-0.479593 0.807490 0.343440 12.789553
67523 35 14 29
-0.357744 0.831484 -0.425034 10.952283
60659 35 15 26
-0.133518 0.318825 0.938362 12.377130
62963 35 15 27
-0.896374 0.410300 -0.167835 15.581955
65267 35 15 28
-0.609306 -0.247876 -0.753195 13.927478
69875 35 15 30
-0.154488 0.584483 -0.796563 11.286880
63011 35 16 27
0.881898 -0.334253 -0.332461 15.085567
67619 35 16 29
-0.910779 -0.298124 0.285664 13.025964
69923 35 16 30
-0.631009 0.319262 -0.707035 12.905066
72227 35 16 31
-0.029352 0.561689 -0.826828 10.006059
60755 35 17 26
0.010061 -0.402101 0.915540 11.067595
63059 35 17 27
0.204989 -0.780933 0.590020 14.352019
65363 35 17 28
-0.227311 0.334438 -0.914593 14.147566
67667 35 17 29
-0.924090 0.039159 -0.380163 12.931352
72275 35 17 31
0.037495 0.698671 -0.714460 12.469471
63107 35 18 27
-0.417992 -0.709425 0.567449 11.888434
72323 35 18 31
0.411267 0.822880 -0.392080 13.748057
67763 35 19 29
0.627248 -0.664959 0.405449 13.585034
70067 35 19 30
0.764170 -0.617766 -0.185497 13.634496
74675 35 19 32
-0.947215 -0.248102 -0.203047 13.827033
76979 35 19 33
-0.236058 0.836199 -0.495024 13.161763
83891 35 19 36
-0.116828 0.533529 -0.837674 8.918820
65507 35 20 28
0.036631 -0.771190 0.635551 8.560369
72419 35 20 31
0.512358 -0.697350 0.501191 11.970636
74723 35 20 32
-0.181265 -0.963401 0.197486 12.814471
83939 35 20 36
-0.217632 0.178524 -0.959565 11.730239
70163 35 21 30
0.951344 -0.118696 0.284353 10.026245
77075 35 21 33
0.902206 0.177771 -0.392966 12.320367
81683 35 21 35
0.163414 -0.985455 -0.046629 13.631936
83987 35 21 36
0.081427 -0.538198 -0.838876 10.201399
72515 35 22 31
0.899012 -0.127251 0.419027 11.015849
74819 35 22 32
0.929481 -0.355497 0.098420 11.927080
77123 35 22 33
0.966231 -0.245997 0.076695 12.171390
74867 35 23 32
0.953347 -0.003983 -0.301849 10.896083
77171 35 23 33
0.880998 -0.393375 0.262864 10.748329
79475 35 23 34
0.894194 -0.444486 -0.053382 11.633663
81779 35 23 35
0.557089 -0.313268 -0.769100 8.942112
72611 35 24 31
0.814744 -0.278336 0.508646 11.760984
74915 35 24 32
0.900375 0.174802 -0.398459 11.802291
74963 35 25 32
0.428876 -0.884866 0.181872 9.528450
77267 35 25 33
0.449520 -0.820255 -0.353713 9.341697
79571 35 25 34
0.249528 -0.699517 -0.669635 7.004899
81875 35 25 35
0.177612 -0.582577 -0.793131 4.116173
62916 36 14 27
-0.690445 0.680334 0.245827 8.768541
67524 36 14 29
-0.545756 0.826635 -0.137201 8.674857
69828 36 14 30
-0.243865 0.709315 -0.661364 6.209816
62964 36 15 27
-0.851926 0.517927 0.077298 12.665801
60708 36 16 26
-0.638521 -0.089271 0.764409 10.802767
65364 36 17 28
0.573617 -0.101815 -0.812771 14.372124
72324 36 18 31
-0.625783 0.639835 -0.446102 12.973961
74628 36 18 32
-0.446709 0.659925 -0.604111 11.126114
81540 36 18 35
-0.286410 0.923191 -0.256296 7.063828
67764 36 19 29
0.589482 0.107517 0.800594 14.990225
70068 36 19 30
0.436098 0.640457 -0.632165 14.891173
76980 36 19 33
-0.324677 0.945810 -0.005293 12.695889
79284 36 19 34
-0.468666 0.874273 -0.126486 12.683528
81588 36 19 35
-0.600578 0.529255 -0.599329 11.282987
83892 36 19 36
-0.412615 0.340419 -0.844905 7.164819
65508 36 20 28
-0.111023 -0.587834 0.801327 8.636575
67812 36 20 29
0.246670 -0.751363 0.612052 12.770017
74724 36 20 32
0.830879 0.085772 -0.549803 13.070332
77028 36 20 33
0.183112 -0.980930 -0.065162 12.705118
79332 36 20 34
-0.319302 -0.896990 0.305704 12.860456
70164 36 21 30
0.912862 -0.123576 0.389118 13.064534
74772 36 21 32
0.824330 0.562170 -0.066670 13.862236
81684 36 21 35
-0.835084 -0.547221 0.056429 13.547954
83988 36 21 36
-0.127224 -0.207096 -0.970013 10.158232
67908 36 22 29
0.243800 -0.612061 0.752292 8.424164
72516 36 22 31
0.925831 -0.184197 0.330013 13.784969
74820 36 22 32
0.654270 -0.755576 0.032198 13.984497
77124 36 22 33
0.771099 -0.368066 0.519552 14.353348
74868 36 23 32
0.336845 -0.412854 -0.846220 12.558017
79476 36 23 34
-0.102420 -0.985604 -0.134519 13.467950
81780 36 23 35
-0.123638 -0.537366 -0.834237 10.432631
72612 36 24 31
-0.427270 -0.522867 0.737598 12.528815
74916 36 24 32
-0.447167 0.206949 -0.870180 13.000462
70356 36 25 30
-0.267539 -0.824934 0.497902 5.316992
74964 36 25 32
-0.176211 -0.961505 0.210849 10.483717
77268 36 25 33
-0.144510 -0.842416 -0.519089 9.995614
69877 37 15 30
-0.644347 0.612136 -0.458374 7.681151
69925 37 16 30
-0.598902 0.660330 -0.453079 10.910236
65365 37 17 28
-0.912227 0.145029 0.383155 13.612815
67669 37 17 29
-0.449024 0.454116 -0.769516 13.109182
69973 37 17 30
-0.069381 0.682970 -0.727144 12.596536
72277 37 17 31
-0.214887 0.541469 -0.812794 10.262520
65413 37 18 28
-0.674114 -0.397391 0.622617 12.477845
72325 37 18 31
-0.289652 0.628479 -0.721883 12.338819
67765 37 19 29
-0.884615 -0.037268 0.464831 13.896692
72373 37 19 31
-0.066679 0.935550 -0.346842 14.219823
74677 37 19 32
-0.157808 0.821909 -0.547323 12.794050
67813 37 20 29
-0.420395 -0.455508 0.784717 12.025121
70117 37 20 30
0.043439 -0.094639 0.994564 15.614408
72421 37 20 31
0.803923 0.504784 -0.314484 16.522581
79333 37 20 34
-0.389106 -0.313258 -0.866294 12.691251
70165 37 21 30
0.204439 -0.255990 0.944814 14.850844
74773 37 21 32
0.718898 0.038271 -0.694061 15.619817
83989 37 21 36
-0.421414 -0.100685 -0.901262 8.337206
67909 37 22 29
-0.211843 -0.454564 0.865155 8.486052
72517 37 22 31
0.353522 -0.913144 -0.202951 15.273851
77125 37 22 33
-0.853721 -0.391626 -0.343205 14.005329
79429 37 22 34
-0.790909 0.253743 -0.556846 12.699944
79477 37 23 34
-0.387085 -0.702785 -0.596874 12.280877
81781 37 23 35
-0.336595 -0.464526 -0.819097 8.669740
77269 37 25 33
-0.686924 -0.691061 -0.224877 7.844481
79573 37 25 34
-0.398450 -0.586106 -0.705491 5.347899
67670 38 17 29
-0.943990 0.214170 0.251028 10.051498
69974 38 17 30
-0.909385 0.360304 -0.207845 10.344845
72326 38 18 31
-0.889407 0.294230 -0.349834 9.922198
67766 38 19 29
-0.887060 -0.035041 0.460323 9.116362
74678 38 19 32
-0.592156 0.720453 -0.360969 11.094163
76982 38 19 33
-0.705705 0.673001 -0.221474 9.447138
79286 38 19 34
-0.604220 0.754858 -0.255161 8.236238
72422 38 20 31
-0.560320 0.806560 0.188421 16.789185
79334 38 20 34
-0.980631 0.080568 -0.178527 10.988307
81638 38 20 35
-0.742751 0.238881 -0.625505 9.189599
70166 38 21 30
-0.614290 -0.245794 0.749822 13.164626
74774 38 21 32
-0.467925 -0.569422 -0.675873 16.045965
77078 38 21 33
-0.597993 -0.147303 -0.787849 12.707835
70214 38 22 30
-0.669601 -0.266353 0.693319 11.382870
72518 38 22 31
-0.870154 -0.492412 0.019038 13.835166
72566 38 23 31
-0.780534 -0.624574 0.025949 11.574286
77174 38 23 33
-0.953901 -0.275785 0.118389 11.437141
79478 38 23 34
-0.763473 -0.077525 -0.641170 10.456647
81782 38 23 35
-0.474641 -0.070094 -0.877384 6.799811
72614 38 24 31
-0.531097 -0.828176 0.179057 7.231896
69975 39 17 30
-0.939906 0.259129 -0.222324 5.675810
72423 39 20 31
-0.913364 0.322467 0.248560 12.116554
74727 39 20 32
-0.804757 0.432867 -0.406192 11.328103
74775 39 21 32
-0.891214 -0.364845 -0.269494 11.498714
77079 39 21 33
-0.810682 -0.175666 -0.558512 7.858497
72519 39 22 31
-0.937376 -0.323602 0.128872 8.055526
72567 39 23 31
-0.943016 -0.331531 0.028424 6.097955
79479 39 23 34
-0.972492 0.036494 -0.230060 5.744173
81783 39 23 35
-0.811843 0.077332 -0.578732 3.664223
72424 40 20 31
-0.981398 0.112063 0.155886 4.970200
