(4.81683, 6.1924, 12.9571, 23.1569, 24.2537, 12.0906, 3.22975, 2.32947, 2.1117, 3.32634, 5.53519, 7.0838, 8.21031, 9.35969, 9.53486, 9.60063, 10.4803, 10.0786, 9.22905, 10.711, 9.72115, 5.99051, 2.2775, 1.7225, 1.85262, 1.54618, 0.958196, 0.345545, 2.25662, 8.31646, 16.4553, 27.0731, 37.1959)
(5.92579, 8.03972, 13.6291, 19.4502, 20.6814, 11.4579, 5.0162, 2.42734, 2.20101, 3.76921, 7.40211, 8.68049, 8.38137, 8.44788, 9.22025, 10.503, 11.5236, 9.30475, 8.34444, 8.747, 9.1611, 7.68608, 2.81473, 2.82555, 3.23869, 3.42471, 2.28787, 0.700277, 3.58607, 10.0519, 15.7258, 23.1424, 32.2019)
(6.17702, 8.03927, 13.2079, 17.1231, 19.9575, 13.6289, 6.04461, 3.49094, 2.41622, 2.94133, 6.9732, 7.59902, 7.72703, 9.03135, 9.32127, 10.2859, 9.53109, 10.2019, 10.2725, 8.71802, 8.78507, 8.52682, 3.46821, 3.99739, 4.67479, 3.01839, 2.32731, 0.604048, 2.93918, 7.23149, 12.544, 24.4858, 34.7094)
(7.44968, 8.91244, 12.1404, 17.1214, 18.5292, 12.151, 4.74486, 2.76422, 2.98935, 4.82703, 8.37042, 8.43279, 8.68932, 8.66492, 8.67226, 9.16877, 9.86313, 9.82827, 9.19066, 9.69836, 9.47075, 8.32078, 3.4857, 3.21649, 3.19994, 2.91178, 1.86962, 0.609485, 3.72644, 8.25429, 14.5916, 22.9883, 35.1464)
(6.779, 9.4714, 12.8776, 16.0501, 18.6651, 12.8676, 5.26776, 2.80435, 2.51485, 3.69984, 9.00244, 7.4917, 8.86256, 9.64695, 9.35697, 9.77864, 9.63468, 9.69332, 9.08484, 8.78514, 9.62467, 8.04054, 3.19149, 3.49336, 3.7143, 2.90807, 2.03879, 0.764105, 3.10235, 8.17663, 13.2262, 23.2819, 36.1028)
(7.96683, 9.62583, 12.1332, 15.7443, 17.6219, 12.9802, 5.35088, 2.7887, 2.66881, 4.54026, 8.57909, 8.53868, 9.05177, 8.66749, 8.42859, 9.50228, 9.37365, 9.52941, 9.03112, 9.52283, 9.12541, 9.22879, 3.40326, 3.32249, 3.76832, 3.65085, 2.58976, 0.848279, 4.54261, 9.16228, 15.1556, 20.9878, 32.5687)
(6.50915, 8.19922, 13.4038, 19.1331, 19.7704, 12.468, 4.19162, 2.66652, 2.37592, 3.97076, 7.31149, 7.71552, 8.94141, 9.03855, 9.38749, 9.41505, 9.86359, 10.1715, 9.55849, 10.0693, 9.06553, 6.77353, 3.09525, 2.68219, 2.46093, 1.87207, 1.35738, 0.485068, 2.70685, 7.78694, 14.1249, 24.5087, 38.9197)
(7.97596, 8.92633, 11.6945, 15.6653, 17.1096, 12.6634, 5.27137, 3.46013, 3.43657, 4.99708, 8.79969, 9.15343, 9.07686, 8.75714, 8.63762, 9.04483, 8.9298, 9.24838, 9.2132, 9.9565, 9.44275, 8.53949, 4.41178, 3.89097, 3.67146, 2.99669, 1.87824, 0.598872, 3.33573, 7.61051, 13.5531, 21.9558, 36.0968)
(4.23087, 6.90528, 14.276, 23.5963, 22.3429, 11.234, 4.53575, 2.61801, 2.59769, 2.75539, 4.90781, 7.7478, 7.97628, 8.64755, 8.94483, 10.3444, 11.8147, 11.2172, 9.1348, 8.6707, 8.37638, 7.12541, 2.86489, 2.93255, 2.92758, 2.45009, 1.54679, 0.514804, 2.90216, 8.83525, 14.9194, 26.6364, 33.47)
(7.23664, 8.29502, 11.7738, 15.9286, 17.4124, 12.8521, 5.9681, 3.96957, 3.00052, 4.83586, 8.72742, 9.86069, 8.98273, 8.91063, 8.8123, 9.50799, 10.0073, 9.07911, 8.29383, 8.64742, 8.94016, 8.95781, 5.41306, 4.80303, 4.39991, 3.84324, 2.55221, 0.685923, 3.35026, 8.60356, 13.8141, 21.4501, 31.0846)
(3.7825, 7.18641, 14.0605, 22.4631, 23.1792, 13.4251, 4.48511, 2.26575, 1.92953, 2.68072, 4.54204, 7.52252, 8.11351, 9.30864, 10.0674, 10.6967, 11.4978, 10.143, 8.82021, 8.3207, 8.46162, 7.04801, 2.47373, 2.58856, 2.76723, 2.7235, 1.53637, 0.627555, 3.17673, 9.84136, 15.8053, 26.3226, 32.1371)
(5.46637, 7.53669, 12.624, 18.4792, 21.6616, 13.1714, 4.84688, 3.13821, 2.20035, 3.73924, 7.13611, 8.56757, 8.18598, 8.95791, 9.10848, 9.95146, 11.0101, 9.8261, 9.34802, 9.22399, 8.88883, 6.93156, 4.27514, 3.44019, 2.98033, 2.84707, 1.79731, 0.612187, 2.88645, 8.65238, 14.8009, 24.1112, 33.5968)
(3.76674, 6.57394, 12.7008, 20.0779, 26.065, 13.2094, 4.84483, 3.06526, 1.82442, 2.99844, 4.87331, 8.27223, 7.69076, 8.35675, 9.09504, 11.1667, 11.8746, 10.0079, 9.76764, 9.52981, 8.34675, 5.89188, 3.23528, 3.05745, 3.01504, 3.15551, 1.87639, 0.545483, 2.93257, 9.72529, 16.6098, 25.2515, 30.5957)
(4.46912, 5.71954, 10.2982, 16.7446, 20.5928, 18.2276, 7.15053, 4.78842, 3.30126, 3.91409, 4.79387, 9.20053, 8.68631, 9.56305, 8.89125, 9.19732, 9.34948, 8.7009, 9.4373, 9.68262, 8.54066, 8.75056, 5.37119, 4.78487, 4.3396, 3.03974, 1.99041, 0.653934, 3.13074, 8.26488, 14.7621, 21.9327, 31.7298)
(8.48068, 8.31805, 10.3077, 12.8701, 14.3291, 14.0191, 7.74655, 4.74099, 3.72385, 5.7515, 9.71231, 11.2364, 9.37701, 8.73496, 8.34534, 8.23575, 7.68523, 7.99083, 8.23987, 9.25514, 9.77056, 11.1289, 6.21491, 6.08412, 6.09162, 5.27891, 3.38064, 1.03108, 4.30616, 8.93131, 13.8336, 19.3061, 25.5416)
(6.49205, 7.81895, 12.7507, 16.6697, 17.8704, 13.1938, 5.65246, 3.73988, 3.22541, 4.48529, 8.10133, 9.24587, 8.76866, 8.69917, 8.77811, 9.38485, 9.77938, 9.43417, 9.1203, 9.11315, 9.17094, 8.5054, 5.17109, 4.55424, 3.95937, 3.27763, 1.97992, 0.674024, 2.97109, 7.67147, 13.4492, 22.3443, 33.9476)
(5.72893, 6.88598, 10.9451, 17.3087, 19.8777, 14.5382, 6.97906, 4.20078, 2.86683, 4.04797, 6.6208, 10.0593, 8.39722, 8.47018, 8.8347, 9.75054, 10.1131, 9.41262, 8.71229, 9.00309, 9.1036, 8.14337, 5.69383, 4.91751, 4.3734, 4.27983, 2.75974, 0.673313, 3.40772, 8.66806, 14.319, 21.8912, 29.0164)
(5.44927, 6.5032, 10.4429, 15.1097, 18.6521, 17.2315, 7.97704, 5.11658, 3.57003, 4.2046, 5.74312, 10.0899, 9.03877, 9.33183, 8.65218, 8.5767, 8.62147, 8.46921, 8.93063, 9.7567, 9.19396, 9.33868, 5.51783, 5.36804, 4.96692, 3.81299, 2.3101, 0.718279, 3.36705, 8.34132, 14.1014, 20.5793, 30.9168)
(7.29531, 7.77743, 11.0536, 14.6466, 16.9351, 14.5333, 6.77049, 4.46323, 3.40071, 4.60369, 8.52052, 9.89107, 8.94511, 9.13302, 8.58638, 8.80497, 8.40817, 8.90258, 9.12731, 9.65963, 9.35817, 9.18359, 5.70045, 4.92144, 4.58955, 3.61474, 2.3177, 0.722261, 3.33086, 7.73649, 12.9171, 20.7481, 33.4013)
(7.03109, 8.25933, 13.0312, 17.7032, 18.0458, 12.7593, 5.29535, 3.50465, 2.89804, 3.82093, 7.65105, 8.8883, 8.82115, 9.13891, 8.97161, 8.94805, 9.11996, 9.59727, 9.30852, 9.89071, 9.17643, 8.13908, 4.15141, 3.88113, 3.84145, 2.8281, 1.70166, 0.594687, 3.05252, 7.4308, 13.4608, 22.7676, 36.2898)
(8.04731, 8.2834, 10.1704, 12.9198, 15.327, 14.5473, 7.59931, 4.90072, 3.91028, 5.19003, 9.10448, 11.2731, 9.30995, 8.68106, 8.18348, 8.39325, 8.03575, 8.18142, 8.57759, 9.39361, 9.48349, 10.4874, 6.68489, 6.29912, 5.87972, 4.98093, 3.06315, 0.862899, 4.15741, 8.47548, 13.2372, 19.3273, 27.0318)
(5.465, 7.00486, 13.9033, 20.9315, 21.9384, 12.7771, 4.29011, 3.1577, 2.36422, 2.46036, 5.7075, 7.90647, 8.64382, 8.42945, 8.79629, 9.98436, 10.1173, 10.5229, 10.116, 9.39297, 8.76521, 7.32521, 2.87642, 3.2703, 3.05926, 2.41775, 1.51899, 0.552352, 3.19961, 8.5405, 15.6347, 25.2247, 33.7055)
(8.08981, 8.05459, 10.721, 13.4969, 14.5693, 14.8302, 8.215, 4.89874, 3.47855, 4.86353, 8.78227, 11.3157, 9.447, 8.61396, 8.23462, 8.44433, 8.33202, 8.47405, 8.40707, 8.96096, 9.18048, 10.5898, 6.2805, 6.06806, 6.11075, 5.63768, 3.2866, 0.88393, 4.4983, 8.91784, 13.3159, 19.3946, 25.6058)
(8.00014, 8.49347, 11.3887, 13.4358, 14.1975, 12.9516, 7.81719, 5.06597, 4.23961, 5.09033, 9.31969, 11.1897, 9.09443, 7.95676, 8.44989, 8.29946, 8.33453, 8.36231, 8.74158, 9.06236, 9.25577, 11.2532, 6.5097, 6.89271, 6.62194, 5.02742, 3.21983, 0.944629, 3.39738, 8.09421, 13.7307, 19.7104, 25.851)
(4.67039, 6.33237, 13.7383, 22.9727, 22.7434, 12.2294, 4.41616, 3.34896, 2.4277, 2.25044, 4.87018, 8.09604, 7.9348, 8.28359, 8.82676, 10.1237, 10.6251, 10.7772, 10.278, 9.23274, 8.17094, 7.6512, 2.96794, 3.48943, 3.41261, 2.81101, 1.44857, 0.457427, 2.96501, 8.39222, 16.066, 25.7764, 32.2133)
(8.21179, 7.65847, 10.3977, 13.0681, 14.2468, 13.5826, 7.48159, 4.88268, 4.43218, 6.03999, 9.99809, 11.7818, 9.73248, 8.32787, 8.45395, 8.17956, 7.49545, 7.8085, 7.94555, 8.96055, 10.0437, 11.2706, 7.43237, 6.9379, 5.93837, 4.65128, 2.68388, 0.763474, 3.49935, 8.09324, 13.4892, 20.271, 26.2399)
(8.34058, 7.63136, 9.66483, 12.0346, 13.7141, 14.6825, 8.78922, 6.02511, 4.48949, 5.41042, 9.21783, 12.3763, 9.72641, 8.23048, 7.7531, 8.06008, 7.7809, 7.63926, 8.03227, 9.04176, 9.75892, 11.6006, 8.07321, 7.91714, 7.1398, 5.88189, 3.41422, 0.999371, 4.28021, 8.45741, 12.5259, 18.0707, 23.2402)
(5.94796, 6.09531, 9.42272, 15.146, 17.5911, 16.0279, 9.0484, 5.62316, 4.22043, 5.19698, 5.68008, 11.466, 8.90436, 8.25895, 8.146, 8.86347, 8.77966, 9.3839, 8.99034, 9.02231, 9.07001, 9.115, 8.42328, 7.36602, 6.48612, 5.3177, 3.25592, 0.61625, 3.07618, 7.89794, 13.4882, 19.8874, 24.1849)
(4.19304, 5.00935, 8.9241, 15.2526, 19.898, 19.6452, 9.58122, 6.39727, 3.41834, 3.35908, 4.3218, 10.0408, 8.52483, 9.185, 8.82153, 9.09693, 9.41276, 8.19452, 8.65516, 9.18521, 9.09012, 9.79312, 6.07148, 6.4228, 6.27393, 4.56954, 2.8804, 0.836498, 3.70242, 8.9021, 15.356, 19.7857, 25.1991)
(6.2988, 6.4918, 8.91005, 13.0047, 17.104, 16.8545, 9.17561, 6.61167, 4.41694, 4.34786, 6.78403, 10.9031, 8.87877, 8.94459, 8.44017, 8.90481, 8.83303, 8.04382, 8.41711, 8.53474, 9.53426, 10.5656, 7.38295, 7.8056, 7.29714, 5.47894, 3.06627, 0.881743, 4.15575, 8.98418, 13.2952, 17.5871, 24.0651)
(7.89424, 8.85377, 12.2091, 16.4846, 16.5044, 12.6579, 5.89998, 3.11109, 2.57633, 4.29215, 9.51643, 9.778, 8.51304, 7.45574, 8.77258, 9.77744, 9.48979, 9.86129, 10.5521, 9.33233, 8.37494, 8.09275, 4.18829, 4.56935, 4.67403, 3.87912, 2.33762, 0.759998, 3.32866, 7.99472, 14.6972, 22.8721, 30.6989)
(7.58851, 7.76553, 12.2249, 16.0984, 16.2343, 13.5208, 6.41965, 4.20014, 3.28649, 4.34034, 8.32094, 10.5045, 8.82677, 8.64593, 8.3499, 8.77375, 8.89961, 8.99071, 8.91344, 9.3042, 9.10621, 9.68498, 4.89979, 5.40616, 5.39656, 4.31806, 2.50519, 0.855294, 3.64906, 7.984, 13.9529, 21.9561, 29.0769)
(8.21051, 7.02654, 8.73774, 11.1793, 13.2663, 14.6745, 9.66686, 6.91539, 5.28983, 5.91697, 9.11609, 12.6369, 9.7014, 8.17967, 7.87315, 7.90263, 7.43641, 7.44396, 7.79543, 8.88365, 9.97437, 12.1724, 10.0245, 9.30107, 8.07082, 6.14338, 3.46266, 1.0207, 4.11193, 8.08453, 11.7542, 16.8212, 21.2049)
(8.38492, 7.27064, 9.44849, 12.3473, 14.1707, 14.3489, 8.27357, 5.29518, 4.62269, 6.1144, 9.72326, 11.9056, 10.0168, 8.45878, 8.18982, 8.1137, 7.49392, 7.82256, 7.96782, 8.75941, 9.94725, 11.3243, 8.88044, 7.91511, 6.55074, 5.13241, 2.96822, 0.844476, 3.46992, 7.99253, 12.8576, 18.7642, 24.6244)
(7.96916, 6.97875, 9.16851, 12.9383, 14.9717, 14.5585, 8.59014, 5.49293, 4.63554, 5.82876, 8.86777, 11.4573, 9.67567, 8.50297, 8.40555, 8.16661, 7.97702, 8.06109, 7.99692, 8.93632, 9.60295, 11.2176, 9.11672, 8.32439, 6.79771, 5.31128, 3.0034, 0.795111, 3.31645, 8.09285, 12.6978, 18.5624, 23.9819)
(6.89983, 7.22378, 9.02625, 11.1813, 13.7062, 16.1718, 11.2579, 6.39138, 4.36799, 6.74848, 7.0251, 13.163, 9.36081, 8.74464, 7.59824, 7.40486, 8.07466, 7.86709, 7.87625, 8.59493, 9.4687, 11.8468, 9.38839, 9.77415, 8.72366, 6.85193, 3.58208, 0.597416, 3.56407, 7.72956, 12.5172, 16.6541, 20.6175)
(9.22, 8.82631, 10.6434, 12.9343, 13.1028, 12.65, 6.7391, 4.79268, 4.50808, 5.87291, 10.7105, 11.5837, 9.76769, 8.03542, 8.29171, 8.10541, 7.94672, 8.30699, 8.64973, 8.82749, 9.17755, 11.3076, 6.95146, 6.89302, 6.19274, 4.55543, 2.58288, 0.806693, 3.15011, 7.57729, 12.8378, 19.4331, 29.0195)
(9.22, 8.82631, 10.6434, 12.9343, 13.1028, 12.65, 6.7391, 4.79268, 4.50808, 5.87291, 10.7105, 11.5837, 9.76769, 8.03542, 8.29171, 8.10541, 7.94672, 8.30699, 8.64973, 8.82749, 9.17755, 11.3076, 6.95146, 6.89302, 6.19274, 4.55543, 2.58288, 0.806693, 3.15011, 7.57729, 12.8378, 19.4331, 29.0195)
(8.2566, 6.46836, 8.27047, 10.8634, 13.2452, 15.0801, 10.0045, 7.35968, 5.79326, 5.96314, 8.6953, 13.0526, 9.37415, 8.24634, 7.98252, 7.63925, 7.48279, 7.38096, 7.74705, 8.57601, 10.0576, 12.4607, 10.1105, 9.97042, 8.58748, 7.0247, 3.57722, 1.0153, 4.1305, 8.01383, 11.7804, 16.4849, 19.3047)
(8.22269, 6.94635, 9.15279, 13.1286, 15.5548, 14.5492, 8.60486, 5.78173, 4.58017, 5.74337, 7.7355, 11.1238, 9.81284, 8.35781, 8.33187, 8.41878, 8.22987, 8.46119, 8.18289, 8.72783, 9.14134, 11.2118, 9.97257, 9.02588, 7.52347, 5.74125, 2.97317, 0.757527, 3.31834, 8.06774, 12.9043, 17.7688, 21.9469)
(9.29776, 6.95026, 8.56368, 12.4412, 14.2427, 14.8575, 8.63622, 5.93186, 4.8145, 6.29586, 7.96844, 11.4433, 9.63034, 8.37652, 8.07754, 8.8109, 8.06397, 8.76607, 8.20549, 8.72624, 9.14999, 10.7497, 11.71, 10.1966, 8.029, 6.05895, 3.15521, 0.717207, 3.04758, 7.60526, 12.3747, 16.4503, 20.6552)
(9.18932, 6.34063, 8.0603, 13.2006, 15.4529, 15.4194, 8.5714, 5.92741, 4.93506, 5.67833, 7.22459, 11.3968, 9.27914, 8.33674, 8.03604, 9.09457, 8.37406, 9.27215, 8.84398, 8.78855, 8.81555, 9.76241, 11.9316, 10.0104, 8.21485, 5.9789, 3.12375, 0.69512, 3.12039, 6.93906, 11.9478, 17.0798, 20.9583)
(12.0963, 9.79598, 10.1595, 11.2333, 14.6096, 10.9834, 4.3871, 3.13587, 3.59001, 5.17268, 14.8364, 11.5185, 9.428, 8.79393, 9.04042, 8.27125, 6.22293, 5.96294, 8.16921, 9.77365, 10.8446, 11.9746, 7.84486, 6.12804, 4.37422, 3.3876, 2.15935, 0.626388, 6.01403, 12.6461, 15.8617, 18.3786, 22.5791)
(7.8871, 7.48177, 8.86663, 10.7548, 13.0273, 14.4221, 10.4721, 6.2787, 5.1246, 8.25926, 7.42558, 13.964, 10.0243, 7.63183, 8.02442, 7.37138, 8.95361, 8.34056, 7.93288, 7.74624, 9.12722, 10.8836, 10.0498, 9.82322, 9.82064, 6.72495, 3.25841, 0.474724, 2.95342, 7.37791, 13.0614, 16.0806, 20.375)
(12.3756, 8.80625, 13.8448, 20.2311, 19.3849, 9.5349, 0.68539, 0.10447, 0.569268, 2.05038, 12.4129, 8.59726, 9.24518, 8.68811, 9.43408, 9.17334, 8.92665, 8.07056, 9.74323, 9.99019, 8.68248, 9.44891, 0.294904, 0.193425, 0.0751914, 0.307302, 0.58047, 0.257565, 5.19673, 13.1586, 19.592, 23.2528, 37.091)
(12.3756, 8.80625, 13.8448, 20.2311, 19.3849, 9.5349, 0.68539, 0.10447, 0.569268, 2.05038, 12.4129, 8.59726, 9.24518, 8.68811, 9.43408, 9.17334, 8.92665, 8.07056, 9.74323, 9.99019, 8.68248, 9.44891, 0.294904, 0.193425, 0.0751914, 0.307302, 0.58047, 0.257565, 5.19673, 13.1586, 19.592, 23.2528, 37.091)
(8.53403, 8.13463, 9.78294, 12.7604, 14.23, 14.1398, 8.33745, 5.46903, 4.0495, 5.14298, 9.41923, 11.4176, 9.34475, 8.47294, 8.21984, 8.02164, 8.53849, 8.10524, 8.01863, 8.59177, 9.64462, 11.6245, 7.17501, 7.27027, 6.5929, 5.0732, 2.8775, 0.847868, 3.59516, 8.16238, 13.3905, 19.4912, 25.5241)
(8.53403, 8.13463, 9.78294, 12.7604, 14.23, 14.1398, 8.33745, 5.46903, 4.0495, 5.14298, 9.41923, 11.4176, 9.34475, 8.47294, 8.21984, 8.02164, 8.53849, 8.10524, 8.01863, 8.59177, 9.64462, 11.6245, 7.17501, 7.27027, 6.5929, 5.0732, 2.8775, 0.847868, 3.59516, 8.16238, 13.3905, 19.4912, 25.5241)
(9.38588, 8.26729, 10.9533, 14.1052, 14.8067, 11.9233, 6.96528, 5.34975, 4.2932, 4.95036, 8.9997, 11.4135, 9.36906, 8.06895, 8.52471, 8.68507, 8.65366, 8.96737, 8.83732, 9.25166, 8.30346, 9.9252, 7.55866, 7.68943, 6.88706, 4.96395, 2.46826, 0.83237, 3.05129, 7.7596, 13.5897, 19.2842, 25.9155)
(7.60407, 7.99328, 11.1703, 16.7134, 18.7881, 12.7704, 6.95552, 4.35092, 2.85874, 3.55095, 7.2444, 9.8169, 8.44624, 7.60505, 9.58763, 9.89347, 9.70319, 10.4724, 9.93364, 9.34838, 7.56181, 7.63129, 4.88722, 5.71462, 5.70829, 4.15067, 2.08846, 0.851011, 3.18318, 8.79613, 15.4274, 21.7844, 27.4086)
(7.64886, 7.56937, 9.87636, 12.9321, 15.012, 14.4867, 8.08583, 5.73097, 4.42385, 5.42791, 8.8061, 11.2523, 9.02273, 8.61893, 8.19473, 8.3491, 8.85343, 8.11398, 8.59022, 8.83897, 9.29831, 10.8673, 6.21131, 6.75808, 6.78868, 5.54479, 3.03873, 1.03557, 4.501, 8.76056, 13.5441, 19.5855, 24.2317)
(8.14542, 6.73784, 7.97493, 10.8098, 13.534, 14.9567, 10.3286, 7.19829, 5.78777, 5.88201, 8.64465, 13.1847, 9.35089, 8.44863, 7.92003, 7.48574, 7.35145, 7.06208, 7.69535, 8.36632, 9.93231, 13.2025, 10.6883, 10.1157, 9.16245, 7.2007, 3.6404, 1.03879, 3.97355, 8.0749, 11.7383, 15.9848, 18.3822)
(9.09546, 8.01037, 10.0149, 13.234, 15.6206, 16.0491, 6.74858, 2.93911, 3.30781, 4.82485, 10.1552, 10.402, 10.223, 8.71652, 8.63198, 7.93283, 8.01232, 8.32087, 8.70932, 8.86911, 9.26132, 10.9207, 4.34463, 4.89954, 4.96526, 4.76104, 2.83992, 0.987289, 4.62067, 9.86482, 15.7668, 21.2108, 25.7392)
(9.52733, 8.19453, 8.49215, 10.7239, 12.7844, 13.6436, 9.06837, 6.9602, 5.45145, 5.88072, 9.27337, 11.1591, 9.68841, 8.4739, 8.24629, 8.42031, 8.80005, 7.7293, 7.84771, 8.12076, 9.57579, 11.9383, 11.1501, 9.75027, 8.18471, 5.71778, 3.06884, 0.863991, 3.49294, 7.57243, 11.5769, 16.2784, 22.3435)
(11.2244, 8.37381, 9.30046, 11.3101, 11.9856, 11.9677, 7.52228, 6.08851, 5.59335, 6.30651, 10.3274, 11.3808, 10.125, 8.50453, 8.12427, 8.14379, 7.83756, 8.00061, 8.1914, 8.93342, 9.04086, 11.7177, 11.6067, 9.67998, 7.7775, 5.75523, 2.83883, 0.780726, 3.31981, 7.34773, 11.7959, 16.4208, 22.6768)
(8.3593, 7.94896, 9.67832, 11.7343, 13.9503, 14.6364, 8.44505, 5.45894, 4.59775, 5.78666, 9.40407, 11.5474, 9.62666, 8.72963, 8.27514, 8.08896, 8.75967, 7.78766, 8.07155, 8.62542, 9.36773, 11.1202, 7.09455, 7.18352, 6.63098, 5.65041, 3.22434, 0.999635, 4.31376, 8.17517, 12.7722, 19.1519, 24.8035)
(9.98583, 9.05627, 10.9016, 14.8518, 16.8881, 11.5952, 5.5799, 4.18838, 4.12054, 5.20073, 7.6317, 9.21861, 8.40413, 7.8464, 8.8506, 10.0728, 11.1986, 10.5188, 8.85484, 8.27822, 8.54481, 8.2122, 8.83921, 7.81646, 6.76351, 4.83864, 2.36848, 0.502001, 3.02629, 7.87974, 13.4095, 18.7685, 25.7877)
(7.85158, 9.57852, 13.02, 15.0728, 15.1538, 11.8849, 6.50591, 4.67049, 4.42894, 4.29593, 7.53716, 9.13839, 8.16725, 8.70234, 8.76463, 10.0276, 11.2175, 9.90396, 8.76439, 7.80406, 8.02598, 9.48386, 8.50917, 7.7482, 5.70978, 4.29326, 2.39645, 0.663066, 3.35605, 8.20803, 12.6077, 18.5144, 27.9938)
(8.81553, 8.81169, 11.1956, 12.4605, 14.1391, 14.434, 7.19485, 4.03176, 3.8478, 4.82114, 10.248, 10.6179, 8.95678, 8.51755, 8.10607, 8.28227, 7.91721, 8.32703, 8.68824, 8.76622, 9.54628, 12.2744, 6.45332, 6.41035, 5.58447, 5.2115, 3.03052, 0.910308, 4.38162, 8.60185, 13.7132, 19.8676, 25.8352)
(9.55882, 9.07954, 10.1285, 11.1112, 11.9746, 12.4591, 7.77669, 6.009, 6.04056, 6.10843, 9.75349, 11.5573, 9.40522, 8.70679, 7.86123, 8.02345, 8.22035, 7.9193, 8.08549, 8.24323, 9.38458, 12.5931, 10.4696, 9.67178, 7.63193, 5.47612, 2.89392, 0.782662, 3.43814, 7.90124, 11.8078, 16.3831, 23.5438)
(7.12739, 8.71015, 13.4273, 20.0356, 19.3035, 10.3246, 5.14311, 3.41831, 2.13491, 3.21767, 7.1574, 8.34236, 7.52563, 8.35739, 8.49289, 9.30899, 13.5974, 12.1177, 9.25046, 8.30225, 7.20202, 7.50291, 3.1597, 3.55999, 4.07678, 3.83585, 1.95005, 0.533691, 2.95528, 8.95764, 17.2538, 25.4583, 28.2589)
(8.99186, 9.04106, 11.8089, 16.0971, 16.3529, 11.7794, 5.34418, 3.87609, 3.09115, 4.36763, 9.24982, 9.17871, 8.13371, 8.83262, 8.81815, 9.16035, 10.5386, 10.3415, 9.13488, 8.68117, 8.3574, 8.82293, 4.34122, 4.25746, 4.4177, 3.68951, 2.11779, 0.671925, 3.3709, 8.27873, 15.0399, 23.2258, 30.589)
(10.0941, 8.01909, 9.77938, 11.8758, 11.9817, 12.4543, 7.89062, 5.65493, 5.40257, 6.94804, 9.89948, 11.3157, 9.66725, 8.40187, 8.02343, 8.35517, 8.22734, 8.33297, 8.17634, 8.3481, 9.66763, 11.4842, 11.2416, 9.32025, 7.81416, 6.31077, 3.40874, 0.846089, 3.52563, 7.76667, 11.8193, 16.6998, 21.247)
(10.4172, 9.18694, 12.0302, 14.5961, 13.6786, 11.0999, 5.66171, 4.14043, 4.44033, 5.80512, 8.94345, 9.65128, 9.12348, 8.47197, 8.76612, 9.15414, 9.47715, 9.41999, 8.70533, 8.52228, 9.28641, 9.42185, 9.72763, 7.76328, 6.18447, 4.7575, 2.60261, 0.625009, 3.07265, 7.37026, 12.103, 19.149, 26.6446)
(9.1309, 9.69824, 12.59, 17.689, 18.831, 10.9212, 4.13138, 3.31812, 3.12408, 3.92278, 6.64339, 7.20836, 7.47504, 8.2453, 9.4292, 11.2259, 12.4233, 11.4393, 9.56905, 8.57783, 7.85666, 6.55011, 6.94779, 6.09054, 4.97495, 3.42299, 1.65917, 0.424609, 2.84393, 8.06106, 13.7735, 21.3963, 30.4052)
(10.4373, 8.70199, 8.84217, 10.2271, 14.0233, 13.7492, 6.57789, 4.46687, 4.91102, 5.35928, 12.7038, 12.7698, 10.0084, 9.88609, 8.41573, 7.19305, 6.24851, 7.12537, 7.20307, 8.51143, 10.8148, 11.8237, 8.66644, 9.0658, 5.60854, 4.04992, 2.88608, 0.872666, 6.23696, 11.9382, 13.6494, 17.8467, 19.1794)
(9.67255, 8.87193, 8.87468, 9.61726, 13.2535, 14.8358, 7.57763, 4.48298, 5.29668, 4.82608, 12.6908, 12.7269, 9.28566, 9.46557, 8.65517, 6.83726, 7.25653, 6.15257, 7.9156, 8.38918, 11.2172, 12.0984, 9.12932, 9.08296, 5.99874, 4.95168, 2.94677, 0.80793, 6.56785, 11.6139, 14.312, 16.905, 17.6838)
(9.87498, 9.02503, 9.32606, 10.5931, 11.9161, 13.6925, 8.09457, 5.30022, 5.00778, 6.04077, 11.1289, 11.8647, 9.55739, 8.65711, 7.83166, 7.66081, 7.60924, 7.59579, 7.99428, 8.58967, 9.67455, 12.9648, 9.03572, 8.71342, 7.15711, 5.63651, 3.07548, 0.915683, 3.91897, 8.32248, 12.9432, 17.7145, 22.5669)
(10.0895, 8.41299, 8.14895, 9.24669, 10.3492, 12.4797, 9.17846, 7.69333, 6.92513, 7.1554, 10.3206, 12.7407, 10.1975, 8.73601, 7.58475, 7.59475, 7.45655, 7.12779, 7.6141, 7.95852, 9.64036, 13.349, 13.1111, 11.5786, 9.22298, 6.21318, 3.16808, 0.772722, 3.3954, 7.334, 11.1124, 15.0256, 19.0659)
(10.7536, 8.34022, 7.93202, 8.79922, 9.84836, 12.4326, 9.27642, 7.72037, 6.9999, 7.36881, 10.5285, 13.1881, 10.2896, 8.48341, 7.6727, 7.48179, 7.0707, 7.06459, 7.66605, 8.24024, 9.48561, 13.3573, 13.9071, 11.8058, 9.37411, 6.37578, 3.18792, 0.825567, 3.53989, 7.46476, 11.1037, 14.5165, 17.899)
(9.31858, 9.11871, 9.69442, 11.6476, 13.1907, 13.5168, 7.54012, 5.10921, 4.79441, 5.85542, 10.214, 10.7275, 9.27653, 8.97485, 8.64995, 8.52707, 9.02328, 8.29773, 8.00422, 8.10711, 9.34842, 11.0634, 7.1792, 6.59081, 5.86315, 4.74786, 2.74761, 0.824829, 3.58187, 7.74218, 12.5874, 19.0963, 29.0388)
(9.21231, 9.45729, 11.302, 13.9465, 15.5813, 14.2489, 5.53431, 3.19702, 2.95149, 4.83778, 9.73106, 8.57944, 8.40494, 9.09739, 9.69446, 9.27472, 10.0434, 9.76781, 9.09625, 8.64524, 8.56327, 8.83313, 3.64171, 3.87937, 4.12513, 3.82638, 2.70331, 1.03343, 4.34031, 9.05882, 14.0239, 21.3112, 32.0564)
(10.1972, 8.79745, 11.4834, 15.2803, 14.3663, 10.5743, 5.68292, 4.66944, 4.78061, 5.57364, 8.59443, 9.49352, 8.41611, 8.52048, 8.79992, 9.62394, 9.95092, 9.7943, 8.63975, 8.63715, 8.84823, 9.27568, 9.88568, 7.86622, 6.14555, 4.56677, 2.29093, 0.54107, 2.71435, 6.96731, 12.571, 19.0675, 27.3836)
(8.36695, 8.07816, 11.6042, 18.5319, 19.2788, 10.7633, 5.01758, 4.39671, 3.63488, 3.77482, 6.55272, 7.5354, 7.22211, 7.95144, 9.41686, 11.8557, 12.3626, 11.2894, 9.03373, 7.98799, 7.61019, 7.73459, 7.56883, 6.30449, 5.29893, 4.25917, 2.08369, 0.485213, 2.74349, 7.97614, 14.825, 21.4568, 26.9983)
(8.14807, 7.44711, 8.39833, 9.77926, 11.618, 14.5349, 10.9733, 6.32459, 5.28028, 7.24894, 10.2473, 12.2274, 9.15696, 8.12667, 7.94378, 7.84257, 7.5587, 7.79674, 7.67278, 8.30821, 9.881, 13.4852, 8.71666, 9.61904, 8.6153, 7.77625, 4.17795, 1.18032, 4.37156, 8.86323, 12.3271, 15.786, 18.5666)
(6.52947, 8.90734, 13.6271, 20.6204, 21.9148, 11.4571, 3.58951, 2.77324, 2.44996, 2.83518, 5.29586, 6.05168, 7.09271, 7.59666, 9.38671, 12.5683, 14.5346, 12.7168, 9.69785, 7.95925, 6.77159, 5.62389, 5.30927, 4.13866, 3.52147, 2.42124, 1.33286, 0.395426, 2.95565, 9.14894, 15.7411, 23.9852, 31.0502)
(8.63222, 11.4635, 16.257, 18.5724, 15.7644, 10.0226, 3.86674, 2.47009, 2.63368, 3.65423, 6.66321, 6.57925, 7.73682, 8.76368, 10.0102, 10.1894, 10.9386, 11.5477, 10.4129, 9.19982, 8.2323, 6.38949, 4.93554, 4.34807, 3.70305, 2.98693, 1.91815, 0.509462, 3.02705, 7.6335, 13.037, 22.409, 35.4922)
(6.49291, 10.3017, 17.14, 22.882, 21.9186, 8.53699, 2.19682, 1.59945, 2.02558, 2.28667, 4.6193, 4.77889, 6.41716, 7.81876, 10.054, 11.6917, 13.7986, 13.9745, 11.6458, 8.54541, 6.90952, 4.36572, 3.20364, 2.97913, 2.66743, 1.6429, 0.925485, 0.325444, 2.9223, 8.47475, 15.1564, 24.4946, 37.208)
(7.87129, 8.52106, 10.5055, 13.7401, 16.8274, 15.6786, 6.7342, 2.95622, 3.06773, 4.22206, 9.87575, 9.76636, 8.93467, 8.71738, 8.43439, 9.0746, 9.04595, 9.28549, 9.44512, 8.8943, 8.79677, 9.60497, 5.08585, 4.69174, 4.34068, 4.04411, 2.45327, 0.9316, 4.73326, 9.77009, 15.4235, 20.9, 27.6259)
(8.73345, 10.2493, 13.1957, 14.1583, 12.9127, 11.556, 7.06912, 4.46607, 3.64557, 4.38826, 9.62544, 9.56932, 8.08704, 8.77711, 8.57116, 9.93018, 10.1976, 9.72435, 9.17233, 8.13838, 8.39286, 9.43969, 6.92385, 6.49319, 5.82211, 4.62614, 2.29474, 0.721601, 3.44844, 7.38886, 12.4149, 19.3213, 30.5448)
(9.75433, 9.58504, 10.7919, 11.6, 12.569, 12.977, 7.45722, 4.5721, 4.33913, 5.50407, 10.8502, 10.4826, 8.89211, 8.6416, 8.08165, 8.44987, 8.19688, 8.3575, 8.80446, 8.70024, 9.58662, 11.8064, 7.90743, 7.22607, 6.06515, 4.95707, 2.68092, 0.816274, 3.69383, 7.67324, 12.2697, 18.2377, 28.4726)
(8.2228, 7.79657, 9.40688, 12.7234, 15.9823, 16.2787, 7.70482, 3.78303, 3.72969, 4.80054, 9.57132, 10.5184, 9.51838, 8.35676, 8.34263, 7.92486, 8.21841, 8.55334, 8.93005, 8.9319, 9.34347, 11.3618, 5.89161, 6.05797, 5.56635, 4.98892, 3.0529, 0.987376, 4.87221, 10.1331, 15.2035, 20.1881, 23.0579)
(8.14929, 9.26785, 12.7851, 17.7958, 19.214, 11.9653, 3.86142, 2.18574, 2.00013, 3.78809, 8.98718, 7.00219, 7.46788, 9.34126, 10.2843, 9.98975, 11.3366, 10.485, 9.82368, 8.90823, 8.02541, 7.3356, 2.53411, 2.57688, 3.00171, 2.84783, 1.94125, 0.743653, 3.63684, 10.3, 17.2178, 24.5787, 30.6212)
(11.0036, 8.13222, 8.71109, 9.90505, 9.88814, 11.7137, 8.60259, 6.98536, 6.79431, 7.71765, 10.5463, 12.7488, 9.65754, 8.40655, 7.87225, 8.09725, 7.52415, 7.6385, 7.98664, 8.19009, 9.31322, 12.565, 12.9236, 10.639, 9.00677, 6.58239, 3.27326, 0.883762, 3.50873, 7.455, 11.5733, 15.3165, 18.8377)
(9.07609, 8.38862, 9.04364, 10.6737, 12.8594, 15.3541, 8.8011, 4.78525, 4.10183, 6.14923, 10.767, 10.7498, 9.07401, 9.31654, 8.72442, 9.05145, 8.80088, 8.22398, 7.9231, 7.96561, 9.2125, 10.9577, 5.82595, 6.17909, 6.25353, 6.06937, 3.65389, 1.24518, 4.43139, 9.18462, 13.0907, 18.4659, 25.6004)
(10.5767, 7.87723, 8.39509, 9.57853, 10.1208, 12.1536, 8.73647, 6.88297, 6.52088, 7.99441, 11.1633, 12.3623, 9.42787, 8.69671, 7.88964, 8.22613, 7.84182, 7.73861, 8.09879, 8.24295, 9.44664, 12.0285, 12.0866, 10.1964, 8.69248, 6.66335, 3.45073, 0.937063, 3.72313, 7.82418, 11.7716, 15.3592, 19.2953)
(10.0437, 9.69916, 11.7008, 13.4972, 12.7332, 11.388, 6.02747, 4.37545, 4.74628, 6.18496, 9.60382, 9.69552, 8.75078, 8.69857, 8.70712, 9.37741, 9.15708, 9.11992, 8.82876, 8.60737, 9.18631, 9.87116, 8.50352, 7.63906, 6.02751, 5.02549, 2.69097, 0.754915, 3.14815, 7.38554, 12.0377, 18.6528, 28.1344)
(8.49828, 10.1217, 13.2603, 13.8968, 13.5206, 11.7242, 7.68646, 4.09012, 2.94931, 4.14583, 10.1065, 9.67967, 8.45803, 8.72335, 8.60644, 9.98315, 9.83415, 9.5885, 9.2608, 8.25659, 8.46044, 9.14889, 5.35027, 5.67796, 5.72148, 4.64381, 2.38018, 0.824864, 3.56813, 7.49857, 12.8944, 20.0644, 31.3759)
(8.48871, 8.77313, 9.89237, 12.5832, 15.9885, 15.8162, 6.80389, 3.27001, 3.30998, 4.78748, 10.2866, 10.594, 9.23736, 8.43626, 8.16955, 8.5286, 8.48984, 8.87158, 9.36644, 9.11902, 9.05634, 10.131, 5.63922, 5.0264, 4.81131, 4.16705, 2.52704, 0.88818, 4.72708, 9.497, 14.9722, 20.1238, 27.6207)
(9.30622, 8.42993, 8.98963, 10.6467, 12.6476, 14.9986, 8.80393, 5.3796, 4.76523, 5.65612, 10.3764, 11.0227, 9.57586, 8.61282, 8.1141, 7.64356, 7.7715, 7.97447, 8.49352, 8.9209, 9.65115, 12.2194, 7.86992, 8.05707, 7.10261, 5.83135, 3.17305, 0.918353, 4.01201, 8.65102, 13.4661, 18.0505, 22.868)
(9.17808, 8.69013, 10.3247, 13.4298, 15.4599, 13.6316, 6.26438, 3.49231, 3.64577, 5.09399, 10.7894, 9.53886, 8.75823, 9.08344, 9.01949, 8.60474, 9.29783, 9.11425, 8.59914, 8.61068, 9.02077, 10.3525, 4.76341, 4.52889, 4.78824, 4.3705, 2.77626, 1.02813, 4.16809, 9.58807, 15.6327, 21.1422, 27.2135)
(7.76393, 9.06142, 14.2042, 18.3104, 17.7108, 11.5308, 4.41595, 3.27767, 3.14271, 3.72192, 6.86033, 7.34664, 7.71509, 9.11012, 10.0802, 11.0302, 10.8848, 10.6099, 9.01233, 8.09363, 8.05107, 8.06592, 5.18815, 4.72513, 3.72042, 3.13544, 1.80376, 0.547957, 2.7912, 7.71971, 13.5461, 22.7851, 34.037)
(6.07174, 9.67709, 17.7458, 24.393, 22.2586, 9.68294, 1.74671, 1.08771, 1.40157, 1.6397, 4.2952, 4.0662, 6.2512, 9.31422, 10.5829, 12.866, 13.8861, 13.4469, 10.8523, 8.0158, 6.43957, 4.27882, 2.21655, 1.95411, 1.50106, 1.13571, 0.732728, 0.348502, 2.54202, 8.60059, 15.9859, 26.5757, 38.4072)
(7.93311, 9.0251, 10.9069, 12.9117, 17.0553, 15.8791, 6.44776, 2.8135, 2.62271, 4.36563, 10.0392, 10.1634, 9.658, 8.49528, 8.53264, 9.35365, 8.94169, 8.87516, 9.08452, 8.79435, 8.64664, 9.45466, 3.59021, 3.59857, 4.23537, 4.18515, 2.36531, 0.800531, 4.40576, 9.30462, 15.8365, 21.7025, 29.9755)
(10.3923, 9.49701, 9.14363, 9.67266, 10.384, 12.1087, 8.6884, 6.23881, 5.7927, 7.00886, 11.0729, 12.5318, 9.92995, 8.59629, 7.93728, 7.54076, 7.58056, 7.4563, 8.20759, 8.22767, 9.50876, 12.483, 10.803, 10.2456, 8.52249, 6.11425, 3.07793, 0.813456, 3.45393, 7.30365, 11.8784, 16.2429, 21.5444)
(9.57499, 8.73915, 9.43045, 12.442, 14.4223, 13.1918, 7.4177, 4.15775, 4.14093, 5.54065, 10.9422, 10.5157, 8.91005, 8.59649, 8.91426, 8.56851, 8.91184, 8.46136, 8.37387, 8.43415, 9.10891, 11.2048, 6.14447, 6.24613, 6.02093, 5.12657, 2.97419, 0.885973, 4.21308, 9.19139, 15.2396, 19.9141, 24.0435)
(7.48517, 8.28277, 9.6988, 13.6552, 20.5169, 18.2672, 5.84255, 2.31977, 2.35235, 4.02547, 7.55381, 9.18813, 8.67024, 7.94404, 7.86191, 9.17705, 9.51291, 10.2217, 10.1493, 9.3705, 8.84509, 9.05921, 3.1784, 3.05221, 3.48811, 3.74547, 2.57261, 1.04695, 5.86377, 11.5659, 17.2016, 21.1759, 27.1091)
(9.17303, 7.33567, 8.50877, 9.29277, 11.4083, 14.0495, 9.70892, 7.03224, 5.9766, 6.95926, 10.555, 12.9103, 9.4013, 8.31475, 7.95954, 8.14767, 7.54336, 7.58773, 8.02404, 8.08186, 9.57314, 12.4563, 8.86399, 9.5328, 8.43765, 7.12233, 3.78327, 1.03771, 4.3312, 8.38433, 12.2541, 15.9234, 20.3293)
(9.0772, 7.88825, 9.30378, 10.2591, 12.1059, 14.03, 8.79357, 5.96251, 5.8126, 6.48116, 10.286, 12.0333, 9.20551, 8.50554, 8.19995, 8.30488, 7.72419, 8.07343, 8.18465, 8.49301, 9.65857, 11.617, 8.18305, 8.85897, 7.70199, 6.56794, 3.5063, 0.957161, 4.39132, 8.51615, 12.4952, 16.6756, 22.1463)
(8.56518, 8.26991, 9.25574, 11.129, 13.6896, 15.6094, 7.94434, 4.62433, 4.44324, 5.83651, 10.6327, 10.1699, 7.78366, 8.70215, 8.59413, 8.93357, 9.61171, 8.7413, 9.11114, 8.69012, 9.11243, 10.5499, 8.32313, 7.40721, 6.417, 5.69952, 3.20913, 1.04084, 3.78063, 8.54267, 13.734, 18.1869, 23.6589)
(8.03688, 9.88364, 12.3927, 15.4354, 15.5415, 13.3593, 5.56182, 3.28486, 3.75437, 4.90579, 7.84373, 7.66782, 7.93969, 9.60021, 9.85596, 11.0539, 10.8132, 9.97958, 9.3462, 8.15592, 8.03486, 7.55271, 6.40959, 5.87259, 4.77044, 4.24837, 2.33349, 0.744501, 3.1102, 7.9392, 12.9622, 20.1729, 31.4365)
(5.26733, 8.58026, 16.7168, 22.5385, 21.0404, 11.7864, 3.1359, 2.29968, 2.1131, 2.24327, 4.2784, 5.42721, 6.56349, 9.9565, 11.6405, 12.6248, 11.682, 11.1319, 9.54631, 7.53605, 7.18805, 6.70308, 2.60567, 2.73333, 2.24667, 1.98987, 1.3836, 0.788699, 3.25442, 10.0724, 16.0622, 25.9838, 32.8794)
(4.77645, 9.91773, 19.6934, 26.6837, 22.9239, 8.68109, 1.40943, 0.717716, 0.908977, 1.12746, 3.16009, 3.46992, 6.22113, 9.54366, 11.0803, 13.2661, 14.8609, 13.7746, 11.1434, 7.7687, 5.74277, 3.12844, 1.22041, 1.09448, 0.893356, 0.790346, 0.632069, 0.523341, 2.53346, 9.09317, 16.6229, 28.4173, 38.1791)
(8.33728, 9.38236, 12.4208, 14.6319, 16.3802, 13.8908, 6.15971, 2.91722, 2.55093, 3.92753, 9.40124, 9.21817, 8.63283, 8.52494, 8.91987, 9.74518, 9.801, 9.43565, 9.35865, 8.91489, 8.45406, 8.99477, 3.29492, 3.64173, 4.13494, 4.04021, 2.50007, 0.775519, 3.67019, 8.2931, 14.0178, 22.4682, 33.1634)
(8.33804, 9.41875, 11.257, 12.8651, 15.143, 15.4943, 6.47617, 3.20338, 3.02445, 4.89304, 9.88664, 9.84209, 9.38457, 8.759, 8.41498, 8.90928, 8.87362, 8.53876, 9.37242, 9.15928, 9.17013, 9.57587, 3.96224, 4.19468, 4.71346, 4.22669, 2.43357, 0.790311, 3.81139, 8.73269, 14.075, 21.0134, 32.0466)
(8.73772, 9.18888, 10.4811, 11.0894, 13.1371, 15.0342, 8.0181, 4.417, 3.78374, 5.39043, 10.7222, 10.6611, 9.1222, 8.67739, 7.92729, 8.1812, 8.18295, 8.3051, 9.33984, 9.11774, 9.51165, 10.9735, 6.1895, 6.39182, 6.37389, 5.57259, 2.90731, 0.906449, 3.7055, 8.43977, 12.9951, 18.688, 27.83)
(9.16701, 8.3769, 9.68445, 11.2543, 13.5414, 14.5413, 7.63939, 4.38463, 4.19863, 5.7628, 11.4492, 10.6593, 8.20679, 8.51259, 8.92199, 8.53697, 8.82523, 8.31078, 9.06839, 9.00343, 9.03625, 10.9183, 7.10006, 6.72153, 6.17634, 5.42031, 3.04159, 1.12631, 3.89996, 8.55743, 13.5825, 18.7906, 25.5834)
(9.16701, 8.3769, 9.68445, 11.2543, 13.5414, 14.5413, 7.63939, 4.38463, 4.19863, 5.7628, 11.4492, 10.6593, 8.20679, 8.51259, 8.92199, 8.53697, 8.82523, 8.31078, 9.06839, 9.00343, 9.03625, 10.9183, 7.10006, 6.72153, 6.17634, 5.42031, 3.04159, 1.12631, 3.89996, 8.55743, 13.5825, 18.7906, 25.5834)
(5.84792, 7.61945, 13.0687, 20.9724, 23.7305, 14.9887, 3.24675, 1.48897, 1.40599, 2.18015, 5.45046, 7.92379, 8.08352, 8.0783, 10.3421, 10.3811, 11, 11.2484, 10.1316, 9.03723, 7.2133, 6.56055, 0.952733, 1.3099, 1.87436, 1.84963, 1.31764, 0.483092, 3.36182, 10.8445, 18.3115, 26.6207, 33.0741)
(8.38858, 9.43281, 11.9915, 13.66, 14.5676, 13.6441, 7.03957, 3.83141, 3.36263, 4.27176, 9.80998, 10.0727, 8.84011, 8.64953, 8.4454, 9.07268, 8.98614, 8.85975, 9.09074, 8.84765, 8.98346, 10.1518, 5.19621, 5.20155, 5.23835, 4.53851, 2.71219, 0.866272, 3.63858, 8.02703, 13.2046, 20.7099, 30.6668)
(7.97575, 9.08785, 11.1407, 12.6373, 15.3682, 16.8385, 6.92712, 3.21796, 2.62228, 4.38469, 9.79958, 9.29893, 9.23237, 8.86541, 8.6991, 8.89135, 8.93275, 8.83197, 9.66524, 9.20357, 9.0924, 9.28691, 3.57589, 4.21109, 5.14248, 4.82649, 2.83263, 0.860008, 4.26074, 9.14366, 14.1599, 20.3638, 30.6232)
(10.0226, 8.53806, 9.3831, 9.91401, 11.8047, 13.614, 7.88495, 4.69312, 4.76476, 6.83592, 12.5448, 11.6126, 9.31597, 8.8514, 8.45009, 8.21022, 8.12996, 7.57043, 8.39248, 8.6371, 9.50968, 11.32, 7.60708, 7.55106, 6.77635, 5.55247, 2.918, 0.899572, 3.75181, 8.09466, 13.0863, 18.4164, 25.3462)
(10.0226, 8.53806, 9.3831, 9.91401, 11.8047, 13.614, 7.88495, 4.69312, 4.76476, 6.83592, 12.5448, 11.6126, 9.31597, 8.8514, 8.45009, 8.21022, 8.12996, 7.57043, 8.39248, 8.6371, 9.50968, 11.32, 7.60708, 7.55106, 6.77635, 5.55247, 2.918, 0.899572, 3.75181, 8.09466, 13.0863, 18.4164, 25.3462)
(8.91227, 7.35414, 9.63642, 10.6621, 13.5331, 15.2409, 8.11839, 4.9354, 4.84018, 5.94301, 10.8241, 11.2017, 9.02304, 9.00316, 8.46845, 8.54883, 8.67198, 7.81021, 8.44964, 8.33912, 9.41055, 11.0733, 6.04176, 7.25369, 6.90606, 6.0788, 3.3827, 1.00294, 4.13551, 8.57169, 13.4867, 18.174, 24.9662)
(6.35225, 8.77571, 14.2443, 19.2961, 20.343, 14.7695, 4.06197, 1.796, 1.5552, 2.60197, 6.20402, 7.32551, 8.8913, 8.90407, 9.57629, 10.0152, 10.4707, 10.7994, 10.127, 8.85179, 7.59508, 7.4436, 1.41603, 1.76416, 2.26778, 2.60693, 1.89358, 0.726508, 3.80217, 9.85995, 16.2193, 25.6147, 33.8289)
(7.0817, 8.89063, 13.7312, 18.5056, 19.0578, 14.0872, 4.83615, 2.06134, 1.80146, 2.86532, 7.08162, 7.68858, 8.56915, 8.63373, 9.05256, 10.1149, 10.383, 10.5005, 10.2279, 9.09462, 8.11137, 7.62374, 2.09819, 2.42027, 2.88035, 3.12151, 2.07544, 0.707477, 3.58633, 8.64339, 14.9988, 25.3382, 34.13)
(8.14585, 7.96963, 10.9022, 12.8126, 16.5002, 16.4608, 6.41226, 2.72211, 3.01843, 4.80302, 10.2529, 9.64277, 8.08401, 8.7901, 9.096, 8.71116, 9.37611, 8.70051, 9.57397, 9.57103, 8.71239, 9.74193, 3.95922, 4.29182, 4.55549, 4.63429, 2.65436, 1.07479, 4.22903, 9.74503, 15.7973, 21.5271, 27.5316)
(6.78091, 8.89196, 13.1787, 16.1591, 16.8588, 15.4217, 6.85597, 2.75041, 2.0982, 3.13512, 7.86911, 9.44458, 8.65626, 8.44297, 8.75972, 9.21469, 9.84268, 9.74665, 10.1304, 8.85652, 8.10907, 8.79649, 2.77281, 3.61424, 4.76366, 4.44611, 2.67256, 0.857471, 3.86953, 8.73992, 14.5944, 22.529, 31.1403)
(3.9528, 6.41177, 13.9382, 24.9517, 22.9023, 14.2871, 5.21416, 1.8878, 0.881379, 1.3015, 4.27124, 4.91461, 6.98666, 7.48585, 9.90387, 11.4796, 13.1955, 13.4165, 11.7025, 8.85883, 6.99617, 5.06003, 2.54318, 1.91809, 2.55155, 2.7934, 1.88508, 0.413371, 3.20585, 8.31147, 16.4553, 26.3684, 33.5542)
(4.59304, 6.92781, 13.2984, 21.8996, 21.4695, 15.3958, 5.98328, 2.26932, 1.11846, 1.73244, 5.3124, 5.85505, 7.03937, 7.37065, 9.61962, 11.179, 12.4916, 12.7129, 11.902, 8.46468, 7.30618, 6.05901, 3.08314, 2.73021, 3.27836, 3.64216, 2.17833, 0.550454, 3.64039, 8.67757, 16.3203, 24.45, 31.4491)
(7.50741, 8.32086, 11.3373, 13.7299, 15.1639, 16.6702, 8.00698, 3.13044, 2.44596, 4.09656, 9.59049, 10.0843, 8.74258, 8.51559, 8.31426, 8.98672, 9.66774, 8.70542, 10.0134, 8.81477, 8.75939, 9.39582, 3.63541, 4.82945, 5.42355, 5.23678, 2.9371, 0.956272, 4.16609, 9.17483, 14.2736, 20.8361, 28.5308)
(6.50373, 8.01271, 12.7617, 16.8068, 17.0416, 14.8183, 6.86601, 2.97246, 2.20655, 3.52865, 8.48141, 9.21224, 7.54143, 8.46541, 9.00154, 10.5176, 10.8569, 10.0601, 9.47564, 8.04455, 7.92808, 8.89643, 2.88643, 3.76456, 4.4434, 4.32891, 2.81537, 0.722984, 3.73996, 8.87432, 14.6386, 22.1007, 31.6848)
(5.12487, 7.23161, 13.0797, 19.5521, 20.4627, 14.6216, 6.56006, 2.56901, 1.73079, 2.64824, 6.4194, 7.40826, 6.44487, 8.08858, 9.25304, 12.533, 12.6867, 12.2594, 10.0268, 7.22985, 6.81715, 7.25226, 2.42962, 3.0881, 3.94163, 3.88469, 2.80876, 0.531191, 3.5423, 8.84409, 15.655, 23.2262, 32.0484)
(7.3412, 7.82991, 12.419, 16.3305, 17.9483, 14.9443, 5.84678, 2.38909, 2.41309, 3.75635, 8.78146, 8.52275, 7.69079, 8.57662, 9.76416, 10.4614, 10.6861, 9.47475, 9.86265, 8.41923, 8.10504, 8.43654, 2.60215, 3.16398, 3.80315, 3.78129, 2.45639, 0.880537, 3.94413, 9.11652, 15.3247, 22.925, 32.0022)
(6.40138, 6.00602, 10.7232, 15.2226, 21.791, 17.9933, 5.97025, 1.63566, 2.50549, 3.63868, 8.11241, 8.78326, 8.52905, 8.76486, 10.0751, 9.45677, 9.35874, 8.51481, 9.62146, 8.61713, 8.66733, 9.61149, 2.86218, 3.05234, 3.3643, 3.69358, 2.55256, 0.889277, 4.69087, 10.4571, 15.703, 23.0137, 29.7212)
(4.42463, 7.7008, 15.7053, 20.8426, 20.5044, 15.0348, 5.97246, 1.91814, 1.26026, 1.90159, 4.73509, 7.79824, 7.57643, 8.04074, 9.39903, 10.6901, 11.2639, 11.0015, 10.8909, 8.73626, 7.15195, 7.45105, 1.52751, 2.4121, 3.62394, 3.64404, 2.28008, 0.616498, 3.60175, 9.23536, 16.1958, 25.4885, 31.3743)
(5.47387, 7.67697, 14.3054, 20.8478, 20.6048, 14.0287, 4.70745, 1.57611, 1.70975, 2.81147, 6.25767, 7.70069, 7.26695, 8.15753, 9.74371, 11.1023, 12.292, 10.9055, 9.67029, 8.24887, 7.77711, 7.13514, 1.58689, 2.31679, 2.83623, 3.13844, 1.87638, 0.689909, 3.46043, 9.37549, 16.1077, 25.3762, 33.2355)
(7.34054, 9.77254, 13.481, 16.0747, 19.0657, 11.3677, 4.32326, 2.5802, 2.28847, 4.26222, 9.44357, 8.068, 8.56333, 8.54308, 9.04277, 10.1854, 11.0445, 9.97539, 8.75281, 9.06705, 9.13121, 7.62644, 3.25456, 2.88767, 2.92067, 2.81463, 1.98881, 0.673523, 3.51117, 9.13656, 13.9018, 21.7995, 37.111)
(4.96751, 8.22685, 15.3741, 21.9044, 23.1927, 11.5291, 2.92318, 1.6043, 1.44317, 2.54687, 6.28788, 6.48406, 8.12223, 9.7441, 9.78069, 11.0185, 11.5093, 10.1784, 9.72553, 9.15913, 8.64184, 5.63619, 1.9431, 1.76224, 1.74961, 1.68091, 1.06531, 0.524228, 2.9685, 8.99918, 15.6307, 26.3924, 37.2838)
(7.38886, 8.50681, 12.5038, 17.0296, 17.327, 12.5132, 5.77808, 3.66528, 2.76326, 4.41311, 8.11096, 9.25751, 9.042, 8.75814, 8.88486, 8.72048, 9.27859, 9.06727, 9.09389, 9.38748, 9.38252, 9.12726, 3.99096, 3.58809, 4.04041, 4.0121, 2.58638, 0.807143, 4.16635, 8.6257, 14.8569, 22.6878, 30.6382)
(8.62491, 8.95874, 11.8603, 14.0638, 15.5134, 12.2915, 6.67707, 3.54611, 2.97958, 5.18956, 10.2951, 10.2639, 9.38048, 8.80878, 8.46219, 8.11963, 8.35294, 8.48276, 8.36745, 9.01715, 9.65309, 11.0917, 4.57055, 4.33125, 4.7777, 4.60416, 3.09873, 0.960911, 4.75852, 9.55113, 14.7791, 20.6239, 27.944)
(6.779, 9.4714, 12.8776, 16.0501, 18.6651, 12.8676, 5.26776, 2.80435, 2.51485, 3.69984, 9.00244, 7.4917, 8.86256, 9.64695, 9.35697, 9.77864, 9.63468, 9.69332, 9.08484, 8.78514, 9.62467, 8.04054, 3.19149, 3.49336, 3.7143, 2.90807, 2.03879, 0.764105, 3.10235, 8.17663, 13.2262, 23.2819, 36.1028)
(4.23087, 6.90528, 14.276, 23.5963, 22.3429, 11.234, 4.53575, 2.61801, 2.59769, 2.75539, 4.90781, 7.7478, 7.97628, 8.64755, 8.94483, 10.3444, 11.8147, 11.2172, 9.1348, 8.6707, 8.37638, 7.12541, 2.86489, 2.93255, 2.92758, 2.45009, 1.54679, 0.514804, 2.90216, 8.83525, 14.9194, 26.6364, 33.47)
(3.52154, 6.26288, 13.2074, 21.2874, 25.6377, 13.7823, 4.76307, 3.03881, 1.56635, 2.70714, 4.22527, 8.07361, 7.6097, 8.32894, 9.55447, 10.9465, 11.7939, 10.3591, 9.44589, 9.48686, 8.40769, 5.99335, 2.73981, 3.07055, 2.96834, 3.11029, 1.83643, 0.478475, 3.00122, 10.173, 16.7101, 25.9432, 29.9685)
(5.92318, 6.24014, 9.66838, 15.059, 19.3352, 16.4676, 7.82336, 5.52672, 3.521, 4.24472, 6.19071, 10.4426, 9.3361, 9.44492, 8.9176, 9.81976, 8.74011, 8.55794, 8.41142, 8.90071, 8.53055, 8.89826, 6.00943, 5.3331, 5.52155, 4.56812, 2.7029, 0.904068, 3.83496, 9.16599, 15.2494, 20.0249, 26.6856)
(5.92318, 6.24014, 9.66838, 15.059, 19.3352, 16.4676, 7.82336, 5.52672, 3.521, 4.24472, 6.19071, 10.4426, 9.3361, 9.44492, 8.9176, 9.81976, 8.74011, 8.55794, 8.41142, 8.90071, 8.53055, 8.89826, 6.00943, 5.3331, 5.52155, 4.56812, 2.7029, 0.904068, 3.83496, 9.16599, 15.2494, 20.0249, 26.6856)
(8.11385, 8.55742, 11.2014, 13.8718, 15.317, 14.7567, 7.62705, 4.12829, 2.97376, 4.72857, 8.72421, 10.5121, 9.70463, 8.74819, 8.18412, 8.54969, 8.47543, 8.6085, 8.50602, 9.13605, 9.17039, 10.4049, 5.35998, 5.0923, 5.47921, 5.25467, 3.20594, 0.96627, 4.70718, 9.44223, 13.8473, 20.0567, 26.5882)
(7.71465, 8.68236, 11.7111, 14.9268, 16.2761, 13.2825, 6.42275, 4.29554, 3.42205, 4.74821, 8.51797, 9.89988, 9.22656, 8.89921, 8.5336, 8.95401, 8.2923, 8.84091, 8.86554, 9.58255, 9.63379, 9.27167, 5.92317, 4.95903, 4.65945, 3.58273, 2.20855, 0.647283, 3.31603, 7.3364, 12.6515, 20.8499, 33.8659)
(7.47607, 7.43602, 10.2018, 13.5846, 15.7404, 13.9986, 7.60703, 5.27462, 3.9556, 5.37461, 9.35075, 10.4615, 9.2479, 8.57732, 8.28449, 8.73429, 8.9303, 8.66446, 8.83671, 9.1795, 9.13682, 9.94666, 7.32666, 6.68413, 5.69747, 4.61255, 2.81997, 0.84449, 3.38304, 7.88344, 12.3286, 19.2356, 29.1841)
(5.88488, 5.72504, 9.22662, 14.9285, 18.4076, 16.2726, 9.00552, 5.90792, 4.29963, 4.69987, 5.64176, 11.5185, 8.80784, 7.67415, 8.07911, 9.04503, 8.60613, 9.36864, 8.97102, 9.40958, 9.49306, 9.02694, 9.06017, 7.85407, 6.23404, 5.21481, 3.4863, 0.712333, 3.19312, 7.89047, 12.7026, 19.7087, 23.9434)
(5.77549, 5.56066, 9.21579, 15.5529, 17.9143, 16.5449, 9.05375, 5.54473, 4.37028, 5.02444, 5.44285, 11.4311, 8.49937, 8.03318, 8.23728, 9.06808, 8.60318, 9.46659, 9.26322, 9.13026, 9.13466, 9.1331, 8.59784, 7.54443, 6.46405, 5.48375, 3.00014, 0.798222, 3.12227, 7.54125, 12.972, 20.0174, 24.4587)
(4.08941, 4.87123, 8.67587, 14.8527, 20.7403, 19.1705, 9.86238, 6.84257, 3.46527, 3.22835, 4.20141, 9.53671, 8.09314, 9.51028, 9.19033, 9.78975, 9.99729, 8.44408, 8.51278, 8.72416, 9.01551, 9.18599, 6.59861, 6.5874, 6.46904, 4.83636, 2.58555, 0.777508, 3.93009, 8.95522, 15.2297, 18.9246, 25.106)
(8.11621, 6.92278, 9.27168, 12.0381, 13.823, 14.6877, 9.41663, 6.5801, 5.06024, 5.58921, 8.49433, 12.7772, 9.34012, 8.12798, 7.99155, 7.87394, 7.64421, 7.61417, 8.00983, 8.61945, 9.95379, 12.0477, 8.31981, 8.58221, 7.83535, 6.65257, 3.46052, 1.01443, 4.32203, 8.40749, 12.3783, 17.8144, 21.213)
(9.48847, 8.00601, 8.35917, 9.20589, 13.5867, 13.1274, 9.25021, 6.57792, 5.83602, 5.67245, 10.8898, 13.2636, 9.16705, 8.24544, 7.9674, 7.26967, 6.65817, 6.63306, 7.92682, 8.41065, 10.5463, 13.9119, 10.3438, 9.70475, 8.4246, 7.32363, 3.67202, 1.04231, 4.83847, 10.0328, 12.3264, 15.1616, 17.1296)
(12.3869, 9.95392, 9.53994, 12.0484, 17.2742, 11.6925, 3.6467, 1.83822, 2.75738, 3.77201, 15.0898, 10.5846, 8.94584, 9.42306, 9.59116, 8.17246, 6.53709, 6.64038, 8.38623, 9.57485, 10.7563, 11.3881, 5.93279, 3.94287, 2.63436, 2.66772, 1.84416, 0.62605, 6.75714, 15.4075, 17.1416, 18.7828, 24.263)
(7.45483, 8.62144, 16.8681, 30.1864, 20.6799, 4.14689, 0.509595, 0, 1.90372, 2.06038, 7.5688, 6.58434, 8.82244, 6.10246, 8.89892, 11.4287, 12.1175, 13.1494, 10.0393, 7.04126, 8.63678, 7.17895, 0.0296811, 0, 0, 0.0584862, 0.128048, 0.0457998, 2.71787, 6.94806, 17.9961, 24.2243, 47.8517)
(9.3139, 8.78219, 10.1228, 11.7853, 13.0386, 13.7225, 7.57255, 5.17113, 4.7663, 5.55773, 10.167, 11.643, 9.92157, 8.34715, 8.18852, 7.82639, 7.35488, 7.80213, 7.92534, 8.44644, 9.63844, 12.9061, 7.37047, 7.40071, 6.50404, 5.49621, 3.19738, 0.865414, 3.91633, 8.76202, 13.0988, 18.1314, 25.2572)
(9.88699, 8.89584, 10.3009, 11.9052, 12.4731, 12.6361, 6.91976, 4.97797, 4.90785, 6.3516, 10.7448, 11.2632, 10.1608, 8.49981, 8.37966, 8.05327, 7.52899, 7.87423, 8.43617, 8.98358, 9.1211, 11.6992, 7.87789, 7.4816, 6.39103, 4.71339, 2.45326, 0.753947, 3.32657, 7.44063, 12.4858, 18.8155, 28.2604)
(13.3902, 8.25717, 11.5348, 16.6795, 18.2744, 12.49, 0.794597, 0.315108, 0.753414, 2.24418, 15.2666, 10.1726, 10.1105, 9.21848, 8.6567, 8.79998, 8.35079, 6.96027, 9.72482, 8.63892, 8.90454, 10.4623, 0.881399, 0.529563, 0.31662, 0.54844, 0.991938, 0.365736, 6.41541, 14.498, 20.1813, 21.917, 33.3546)
(9.37618, 8.02353, 8.05175, 10.1669, 12.5193, 13.6666, 9.30141, 7.58341, 6.18538, 6.04309, 9.08253, 11.5576, 9.57167, 8.45644, 7.92492, 8.09251, 8.40222, 7.66563, 7.68251, 8.22825, 9.87382, 12.5445, 12.3367, 11.0353, 8.68691, 6.04383, 3.04143, 0.811631, 3.48086, 7.60972, 11.3136, 15.1766, 20.4634)
(8.59587, 7.56603, 8.8503, 11.1791, 13.2871, 14.6479, 9.12434, 6.09385, 5.25352, 6.06905, 9.33304, 12.349, 9.9677, 8.75769, 8.08652, 7.85722, 8.14604, 7.38614, 7.84523, 8.4051, 9.69634, 11.503, 9.50937, 8.58903, 7.51158, 5.98559, 3.2214, 1.0141, 4.03964, 7.85067, 12.1174, 17.8012, 22.3601)
(7.61843, 8.34359, 10.4258, 12.9155, 16.3105, 14.8801, 7.3602, 4.65556, 3.60232, 5.00325, 8.88477, 10.2217, 8.79247, 8.90952, 8.9262, 8.86541, 9.26993, 9.0694, 8.85369, 8.98274, 8.73687, 9.3721, 4.74171, 5.47343, 5.53581, 5.01974, 2.90456, 0.991597, 4.78957, 9.47479, 14.1798, 20.1038, 26.7852)
(7.61843, 8.34359, 10.4258, 12.9155, 16.3105, 14.8801, 7.3602, 4.65556, 3.60232, 5.00325, 8.88477, 10.2217, 8.79247, 8.90952, 8.9262, 8.86541, 9.26993, 9.0694, 8.85369, 8.98274, 8.73687, 9.3721, 4.74171, 5.47343, 5.53581, 5.01974, 2.90456, 0.991597, 4.78957, 9.47479, 14.1798, 20.1038, 26.7852)
(8.23652, 7.83906, 9.80028, 14.2515, 16.7402, 16.7414, 6.69066, 3.52963, 3.16036, 4.54013, 8.47037, 9.46697, 9.8668, 9.01954, 9.10436, 9.01855, 8.43239, 8.79843, 8.75435, 9.26164, 8.4817, 9.79527, 5.19716, 5.40448, 5.47578, 4.57868, 2.57435, 0.978976, 4.2259, 9.93026, 15.7655, 20.8003, 25.0686)
(7.50598, 7.89704, 11.3029, 18.1508, 21.5095, 11.0171, 5.39025, 4.77745, 3.23048, 3.46802, 5.75052, 7.31753, 7.01734, 7.42198, 9.12376, 12.6892, 13.3987, 11.9686, 9.2366, 7.64381, 6.92904, 7.25353, 7.39355, 6.16379, 5.57796, 4.25844, 1.83966, 0.408683, 2.76082, 9.01585, 15.0765, 21.3402, 26.1645)
(8.22797, 9.10518, 11.8587, 13.5607, 15.5712, 14.4819, 7.14504, 3.18579, 3.21391, 4.12211, 9.52757, 9.31332, 8.63527, 8.46887, 8.64692, 9.28671, 9.04042, 9.3216, 9.29317, 8.86629, 8.99252, 10.1349, 5.49647, 5.17391, 4.733, 4.53585, 2.58999, 0.851744, 4.34431, 8.46574, 14.0488, 20.6661, 29.0941)
(7.99183, 9.09259, 12.3152, 17.5286, 18.1467, 11.0385, 5.82915, 4.2339, 3.16461, 3.55403, 7.10483, 8.89517, 7.97739, 7.91845, 8.23326, 9.46195, 13.1981, 10.5526, 8.8776, 7.7164, 7.96436, 9.20469, 5.68432, 5.36771, 5.29831, 4.20045, 2.09742, 0.593557, 3.01939, 8.7611, 15.9482, 22.6277, 26.4019)
(9.62165, 9.19701, 9.83071, 12.4295, 13.9884, 12.8089, 7.00365, 5.08206, 4.60884, 5.57796, 9.85121, 10.366, 8.85879, 8.82143, 8.50313, 8.58139, 9.47934, 8.6159, 8.47392, 8.38904, 9.20395, 10.7071, 7.66049, 6.52154, 5.87312, 4.6061, 2.51959, 0.734479, 3.22574, 7.70242, 12.812, 19.4512, 28.8932)
(9.19805, 7.71474, 10.1536, 15.2713, 15.6437, 12.1057, 7.0074, 5.62354, 4.92226, 4.77735, 7.58244, 10.2107, 8.73201, 8.28069, 8.76767, 9.40773, 9.43942, 9.71892, 8.79339, 8.2916, 8.24152, 10.1163, 9.23117, 8.40881, 7.28683, 5.64276, 2.83017, 0.810818, 3.19698, 7.94514, 13.8113, 18.1226, 22.7134)
(8.14807, 7.44711, 8.39833, 9.77926, 11.618, 14.5349, 10.9733, 6.32459, 5.28028, 7.24894, 10.2473, 12.2274, 9.15696, 8.12667, 7.94378, 7.84257, 7.5587, 7.79674, 7.67278, 8.30821, 9.881, 13.4852, 8.71666, 9.61904, 8.6153, 7.77625, 4.17795, 1.18032, 4.37156, 8.86323, 12.3271, 15.786, 18.5666)
(8.14807, 7.44711, 8.39833, 9.77926, 11.618, 14.5349, 10.9733, 6.32459, 5.28028, 7.24894, 10.2473, 12.2274, 9.15696, 8.12667, 7.94378, 7.84257, 7.5587, 7.79674, 7.67278, 8.30821, 9.881, 13.4852, 8.71666, 9.61904, 8.6153, 7.77625, 4.17795, 1.18032, 4.37156, 8.86323, 12.3271, 15.786, 18.5666)
(9.8617, 9.51758, 10.1404, 10.9843, 11.8553, 12.9842, 7.93775, 5.20826, 4.86489, 5.87821, 10.7674, 10.9476, 9.1548, 8.69021, 8.06152, 7.98961, 8.28529, 8.08627, 8.40922, 8.61871, 9.47002, 12.2868, 8.99797, 8.28528, 6.77318, 5.32838, 2.81193, 0.809717, 3.56747, 7.68052, 12.078, 17.4139, 26.2537)
(9.07609, 8.38862, 9.04364, 10.6737, 12.8594, 15.3541, 8.8011, 4.78525, 4.10183, 6.14923, 10.767, 10.7498, 9.07401, 9.31654, 8.72442, 9.05145, 8.80088, 8.22398, 7.9231, 7.96561, 9.2125, 10.9577, 5.82595, 6.17909, 6.25353, 6.06937, 3.65389, 1.24518, 4.43139, 9.18462, 13.0907, 18.4659, 25.6004)
(8.90643, 10.0093, 13.92, 17.1664, 16.6539, 10.5929, 4.2044, 3.0897, 3.39379, 4.22326, 7.84001, 7.36861, 8.09733, 9.03376, 9.65247, 10.6268, 10.5497, 10.8884, 9.23751, 8.58403, 8.35919, 7.60212, 5.98828, 4.92517, 3.58981, 2.8925, 1.50476, 0.442325, 2.4121, 6.82537, 12.2298, 21.0517, 38.1382)
(8.79632, 8.39615, 9.57872, 12.1158, 15.024, 15.2942, 7.42741, 3.95073, 3.82968, 5.12856, 10.4584, 10.6356, 9.19305, 8.4105, 8.10751, 8.29, 8.21023, 8.69482, 9.36965, 9.10317, 9.29284, 10.6926, 6.32152, 5.92384, 5.33371, 4.61382, 2.69082, 0.911156, 4.45445, 9.19056, 14.4022, 19.3942, 26.7638)
(9.72184, 9.31147, 9.66389, 10.4433, 11.1281, 12.96, 8.65183, 5.87866, 5.35755, 6.2189, 10.6645, 11.5227, 9.5289, 8.56664, 8.07399, 7.77797, 8.09923, 7.69068, 8.16109, 8.62375, 9.54128, 12.4139, 9.4785, 9.25683, 7.59948, 5.71405, 3.0757, 0.811758, 3.36429, 7.51833, 12.0799, 17.0903, 24.0109)
(9.31871, 7.73787, 8.56523, 10.4098, 11.8734, 14.191, 9.80334, 6.80706, 5.96113, 6.19958, 9.13289, 12.6719, 9.77927, 8.37442, 8.06827, 7.93699, 7.36335, 7.90948, 7.98211, 8.29123, 9.1324, 12.4906, 9.86139, 10.143, 8.72112, 6.79166, 3.5371, 0.975759, 3.8679, 8.54604, 12.7673, 16.1899, 18.5988)
(9.8061, 8.34921, 8.68301, 10.3908, 12.3912, 13.6154, 8.2618, 5.42536, 4.88643, 6.61788, 11.5728, 11.6105, 9.45867, 8.73644, 8.43792, 8.13673, 8.36587, 7.69028, 7.98447, 8.29469, 9.53426, 11.7502, 8.2755, 7.66834, 6.81291, 5.65059, 3.25628, 0.94451, 3.92148, 8.34896, 13.507, 18.413, 23.2015)
(4.56562, 7.30896, 15.3535, 24.632, 26.5904, 11.0783, 2.19322, 1.9007, 1.50943, 1.44483, 3.42308, 4.12915, 5.9875, 8.65546, 11.1895, 13.2624, 14.39, 13.0868, 10.217, 7.6886, 6.46838, 4.92515, 2.93032, 2.01009, 1.86644, 1.46743, 0.789098, 0.395425, 2.86847, 11.244, 18.2063, 26.6897, 31.5327)
(10.1405, 9.96404, 10.1615, 11.2995, 11.9908, 11.7362, 7.98226, 5.67372, 4.94578, 5.67344, 10.4322, 11.6289, 9.85224, 8.95133, 8.72223, 8.29187, 8.34478, 7.91929, 8.21989, 8.00058, 9.02484, 11.0441, 9.66393, 8.94677, 7.68988, 5.8092, 2.96385, 0.850125, 3.57395, 7.76103, 12.4259, 17.4439, 22.8715)
(7.58942, 7.34357, 8.4013, 12.1917, 17.2944, 18.0737, 8.52148, 4.17286, 3.2497, 4.13991, 9.02191, 9.32943, 8.8063, 8.53474, 9.12661, 8.66728, 8.60593, 8.93257, 9.40567, 8.9531, 9.2743, 10.3641, 5.28167, 5.75949, 5.83743, 5.64219, 3.12067, 1.02254, 5.2204, 10.4004, 15.5203, 19.0442, 23.1507)
(7.48517, 8.28277, 9.6988, 13.6552, 20.5169, 18.2672, 5.84255, 2.31977, 2.35235, 4.02547, 7.55381, 9.18813, 8.67024, 7.94404, 7.86191, 9.17705, 9.51291, 10.2217, 10.1493, 9.3705, 8.84509, 9.05921, 3.1784, 3.05221, 3.48811, 3.74547, 2.57261, 1.04695, 5.86377, 11.5659, 17.2016, 21.1759, 27.1091)
(6.11211, 6.71439, 11.715, 17.8375, 17.993, 14.127, 6.86053, 4.46631, 4.44155, 3.77162, 5.96096, 9.6823, 7.81338, 8.67641, 9.4704, 10.3206, 9.27951, 9.579, 8.02594, 8.69945, 8.31987, 10.1332, 5.20322, 6.33772, 5.46021, 5.11323, 2.74011, 0.862774, 4.08801, 10.0701, 14.6649, 20.9322, 24.5275)
(10.067, 8.33698, 8.86884, 9.72737, 11.96, 13.7006, 8.02721, 5.0311, 5.05426, 6.86589, 12.3608, 11.6397, 9.1278, 8.66186, 8.69914, 8.17238, 8.15639, 7.84909, 8.6241, 8.65792, 9.18658, 11.2251, 8.48835, 7.86904, 6.8961, 5.61621, 3.05025, 0.938297, 3.88072, 8.12108, 13.0794, 17.6662, 24.3944)
(6.09408, 11.8068, 17.09, 22.802, 21.1113, 9.70128, 2.36789, 1.17341, 1.5605, 2.02626, 4.26644, 3.99295, 6.09178, 9.38141, 11.7764, 14.2633, 13.3388, 12.8708, 10.8418, 7.57737, 6.0455, 3.81979, 2.01806, 2.00064, 1.54438, 1.59663, 1.0948, 0.570606, 2.59009, 9.10029, 15.2807, 25.5702, 38.6336)
(6.09408, 11.8068, 17.09, 22.802, 21.1113, 9.70128, 2.36789, 1.17341, 1.5605, 2.02626, 4.26644, 3.99295, 6.09178, 9.38141, 11.7764, 14.2633, 13.3388, 12.8708, 10.8418, 7.57737, 6.0455, 3.81979, 2.01806, 2.00064, 1.54438, 1.59663, 1.0948, 0.570606, 2.59009, 9.10029, 15.2807, 25.5702, 38.6336)
(8.73205, 9.73884, 11.5276, 12.0437, 12.9975, 13.9694, 7.53648, 4.21247, 3.56678, 5.01191, 10.6632, 10.8448, 9.07036, 8.71869, 8.14879, 8.54874, 8.53133, 8.33165, 9.12425, 8.69743, 9.13034, 10.8536, 6.15818, 6.23446, 6.28147, 5.20588, 2.7847, 0.835905, 3.52105, 8.14469, 12.7017, 19.2899, 28.8421)
(7.99118, 7.37176, 9.997, 12.4497, 15.007, 14.9321, 8.77175, 5.06292, 4.0895, 4.73912, 9.58803, 10.9102, 8.57302, 8.64553, 8.43305, 9.27249, 9.61435, 9.25274, 8.81809, 7.95855, 8.43051, 10.0915, 5.58147, 6.83006, 6.79523, 5.89655, 3.27009, 0.904591, 4.16825, 8.96277, 13.7553, 18.3955, 25.4402)
(5.54668, 7.98375, 13.4673, 22.4337, 23.4436, 13.061, 4.13129, 1.75202, 1.15346, 1.51946, 5.5078, 5.60584, 6.47855, 6.941, 9.52703, 11.7423, 13.315, 14.4585, 11.5672, 8.49452, 6.69663, 5.17343, 1.85252, 1.93418, 2.53391, 2.26718, 1.49346, 0.460946, 2.8595, 9.1192, 16.5609, 27.2787, 33.6394)
(4.44659, 7.25972, 15.5982, 25.7266, 22.9666, 12.1382, 3.8385, 1.50565, 0.95777, 1.52255, 4.03957, 5.6359, 7.27715, 8.28434, 9.69262, 11.3926, 12.6627, 12.5773, 11.5106, 9.14768, 6.62431, 5.1948, 1.29133, 1.29976, 1.94536, 2.11402, 1.55514, 0.442922, 3.08878, 8.70078, 17.3884, 28.6785, 33.4949)
(8.39156, 8.16595, 10.924, 13.264, 17.9108, 17.1622, 5.86927, 1.97229, 2.3075, 4.03149, 10.0011, 9.10887, 8.81766, 9.01546, 9.09173, 9.09428, 9.33191, 8.5442, 9.6552, 9.36508, 8.77776, 9.19784, 2.77563, 3.26496, 3.75466, 4.12374, 2.74224, 1.11768, 4.57764, 10.6982, 15.862, 22.4433, 28.64)
