(8.31357, 9.51134, 11.8364, 15.097, 16.5342, 12.5367, 5.22093, 3.40761, 3.16791, 5.02609, 9.34828, 9.01036, 9.25637, 8.85762, 8.79954, 9.13093, 8.64161, 9.16135, 8.96895, 9.65149, 9.70703, 8.81476, 4.53045, 3.96251, 3.96016, 3.13789, 1.89486, 0.613978, 3.23008, 7.36354, 13.0799, 21.5653, 36.6614)
(8.10774, 8.464, 10.8495, 13.0534, 14.6551, 13.7129, 7.19412, 4.87772, 4.21862, 5.19204, 9.67491, 10.7017, 9.22549, 8.83713, 8.55943, 8.11989, 9.20667, 8.43628, 8.59968, 8.88577, 9.16022, 10.2677, 5.92303, 6.11898, 5.90473, 4.55431, 2.75525, 0.933644, 4.09826, 8.44523, 13.4575, 20.5003, 27.3088)
(6.19084, 7.60862, 15.2385, 20.466, 18.3709, 12.4434, 4.705, 3.55866, 2.66064, 2.92534, 5.8322, 8.8206, 8.84943, 8.79432, 9.08341, 8.37701, 9.72447, 9.80401, 9.35138, 9.59032, 9.3653, 8.23976, 3.31014, 3.90941, 3.87653, 2.78324, 1.61323, 0.67411, 2.85575, 7.5436, 14.5662, 23.9384, 34.9294)
(6.2374, 7.67061, 13.877, 18.4898, 18.2219, 12.8515, 5.25741, 4.27752, 3.44418, 3.75646, 5.91626, 9.63443, 8.15358, 8.38335, 7.88564, 9.22209, 10.3635, 9.34393, 8.94312, 9.253, 8.87601, 9.94131, 4.02824, 5.16863, 5.03162, 4.25338, 2.21877, 0.754282, 2.93518, 7.83041, 14.7002, 22.3751, 30.7042)
(7.2952, 9.40271, 17.5133, 31.7179, 18.272, 4.52033, 0.36844, 0.0142023, 0.540522, 3.74538, 6.61008, 8.22726, 8.03485, 7.08726, 11.352, 6.59475, 9.72323, 12.4136, 14.4121, 8.18591, 7.55117, 6.41791, 0.0250457, 0, 0.00342592, 0.0547524, 0.13678, 0.0610797, 2.30948, 6.69624, 16.1075, 22.5358, 52.07)
(2.32519, 2.58211, 10.4332, 10.8031, 15.1621, 25.9021, 10.4672, 8.93391, 8.35213, 4.59607, 0.442917, 10.6658, 7.65899, 10.4144, 4.86088, 7.53695, 10.1513, 9.33322, 10.5702, 6.21886, 6.76315, 15.8263, 2.62124, 3.74178, 4.31297, 1.80309, 0.782693, 0.327075, 1.12757, 2.09406, 13.4712, 28.8899, 40.8284)
(1.1656, 3.85747, 5.83404, 10.1693, 20.016, 26.2896, 11.3378, 7.73729, 6.99421, 4.97254, 1.62619, 11.944, 10.2432, 8.98242, 7.43045, 7.10139, 7.40218, 7.98035, 10.5119, 8.48314, 9.9347, 9.9862, 4.14445, 5.44661, 6.70511, 4.33362, 1.72473, 1.10077, 2.53687, 5.487, 15.7826, 21.9039, 30.8344)
(5.2789, 7.4319, 13.0583, 21.9285, 24.5023, 13.8047, 4.50913, 1.71159, 1.57508, 2.32959, 3.87012, 7.72353, 9.72219, 8.39236, 8.88257, 9.90469, 9.53219, 10.3923, 9.37794, 12.2408, 8.42066, 5.41075, 2.27284, 2.15387, 2.93317, 1.20173, 1.12913, 0.29899, 2.95246, 7.92245, 17.211, 26.769, 35.1554)
(8.03828, 9.26669, 13.7457, 18.2199, 17.9378, 11.2251, 4.39837, 2.61614, 2.38815, 3.86639, 8.29757, 7.94209, 7.43297, 9.17666, 9.01593, 9.58918, 12.0312, 10.4135, 9.59866, 9.01136, 8.14215, 7.64627, 3.31986, 3.16664, 3.4357, 3.18953, 1.94483, 0.589185, 3.01449, 9.08051, 16.7935, 25.6227, 29.843)
(6.65765, 7.01968, 10.9079, 15.6446, 16.7643, 15.5368, 8.22746, 4.66152, 2.73705, 4.04161, 7.80141, 11.4844, 9.06174, 8.87007, 8.20079, 7.72182, 7.99922, 8.34172, 8.00314, 8.90054, 9.1138, 12.3028, 4.34092, 4.91889, 5.79986, 4.75999, 3.0705, 0.890794, 3.98265, 9.64787, 15.5677, 21.1838, 25.837)
(6.43752, 7.48507, 13.6066, 17.0555, 18.7977, 14.5473, 7.26586, 3.60736, 1.83815, 2.90602, 6.453, 6.54826, 7.99115, 10.4159, 10.3851, 10.4416, 9.71973, 10.2014, 9.93272, 9.40053, 7.50772, 7.45597, 3.33543, 4.51942, 4.0972, 5.20714, 3.0988, 0.709753, 3.2946, 7.28021, 13.207, 22.0442, 33.2062)
(14.6178, 9.00433, 11.9233, 15.6354, 18.5039, 13.0851, 0.674176, 0.268812, 0.574947, 1.56107, 14.151, 11.7171, 9.29402, 10.4403, 8.25645, 7.35402, 8.08676, 6.18191, 10.2436, 7.93292, 10.2619, 10.231, 0.837565, 0.466275, 0.276228, 0.71223, 0.757005, 0.300056, 6.55045, 13.831, 21.2819, 22.103, 32.8843)
(2.15334, 3.91661, 8.50416, 14.33, 17.7429, 24.7745, 11.3594, 6.16044, 4.09099, 4.30402, 2.66364, 10.8525, 9.6453, 8.83388, 8.34921, 6.51547, 8.57383, 8.47862, 8.54352, 8.96344, 10.5969, 10.6474, 6.15534, 6.60083, 5.35682, 3.92814, 3.59138, 1.23392, 3.84349, 8.28005, 15.1141, 19.8057, 26.0902)
(5.58312, 6.39836, 9.99082, 14.1461, 17.9996, 17.5575, 8.20585, 5.84566, 3.94954, 4.58849, 5.73493, 11.2003, 9.58014, 9.30521, 8.0028, 8.48513, 8.37424, 7.84877, 8.49761, 9.54681, 8.90592, 10.2531, 6.53556, 5.70022, 5.61585, 3.93996, 2.63269, 0.683062, 3.64704, 8.26568, 13.8773, 19.7326, 29.3701)
(6.85193, 7.73922, 12.0868, 17.339, 18.2211, 13.7815, 5.17445, 3.40617, 2.63996, 4.24673, 8.51316, 8.48479, 8.98117, 8.92184, 9.13511, 9.1093, 9.65667, 9.86278, 9.6451, 9.90898, 8.85947, 7.43478, 4.16796, 3.41124, 3.00341, 2.21892, 1.64729, 0.496682, 2.78195, 7.24216, 13.1092, 23.1339, 38.7873)
(7.87619, 8.91196, 12.4884, 18.5517, 17.8327, 10.3827, 6.06668, 4.696, 2.99103, 3.32496, 6.87764, 9.7771, 7.57809, 7.87218, 8.11312, 9.36221, 13.5713, 10.6632, 8.8098, 7.50016, 7.63912, 9.11369, 4.57368, 4.77922, 5.18326, 4.32399, 2.40248, 0.735453, 2.89128, 8.41663, 15.8223, 23.7801, 27.0916)
(10.4237, 8.13447, 7.7856, 9.21008, 10.6826, 13.0064, 9.40131, 7.27058, 6.35426, 7.03267, 10.6983, 12.5503, 10.0949, 8.7525, 7.98891, 7.89721, 7.729, 7.29975, 7.89427, 8.10965, 9.40142, 12.2821, 12.7747, 10.4678, 8.61814, 6.42795, 3.37123, 0.952046, 3.60658, 7.72772, 11.4886, 15.1598, 19.4054)
(7.30125, 9.29817, 12.7145, 17.1542, 19.8591, 12.2186, 3.82356, 2.15523, 2.55981, 4.45605, 8.4596, 7.19055, 8.48495, 8.4349, 9.08208, 10.3287, 10.4061, 10.6773, 9.54044, 9.9154, 8.85278, 7.08679, 2.52076, 2.34978, 2.29747, 2.03113, 1.53306, 0.598322, 3.42903, 8.70053, 13.946, 22.9301, 39.6639)
(6.206, 10.3006, 12.171, 16.8073, 18.6694, 9.68116, 2.92755, 2.16867, 6.17507, 6.23017, 8.66302, 8.41819, 8.90377, 9.58365, 8.65919, 7.41129, 10.9104, 10.108, 8.72422, 14.574, 7.66606, 5.04135, 1.93549, 1.87011, 1.17735, 0.640209, 0.448618, 0.146913, 1.45651, 3.7265, 12.4068, 26.3422, 49.8493)
(9.89317, 10.3278, 16.5169, 19.7282, 10.6563, 6.16154, 2.8754, 5.38412, 1.87475, 5.36621, 11.2156, 14.2634, 9.02615, 6.00486, 5.15405, 9.03301, 7.81918, 12.1025, 8.61575, 12.9011, 6.43303, 8.64696, 6.25236, 4.98406, 5.41618, 4.50189, 2.6947, 0.467736, 1.89116, 3.84344, 10.1871, 30.3669, 29.3945)
(9.24171, 9.26738, 19.7641, 19.3912, 11.4627, 9.76283, 4.9707, 2.70136, 1.75889, 2.3941, 9.28504, 9.26795, 7.08602, 7.23406, 9.62213, 10.8874, 15.1469, 9.12485, 8.49271, 9.59629, 5.937, 7.60473, 1.58704, 1.57427, 3.60079, 2.67575, 1.98581, 1.31999, 1.82327, 6.34452, 11.2177, 28.2929, 39.578)
(9.64113, 10.2459, 11.6668, 16.0598, 16.0835, 11.9958, 6.00465, 4.23766, 1.17676, 4.30648, 8.58157, 7.26253, 8.03887, 9.5557, 11.0494, 8.46908, 12.9487, 9.27992, 7.37307, 10.3843, 10.2954, 5.34307, 1.705, 2.09166, 3.18933, 3.44164, 1.02571, 0.0891019, 5.70353, 7.10557, 10.591, 21.6597, 43.3978)
(7.03325, 8.68239, 13.4356, 17.537, 16.1929, 12.9194, 5.7582, 3.84637, 3.42425, 4.06063, 7.10999, 9.66724, 8.95836, 8.53293, 8.66391, 8.59091, 9.25825, 8.97506, 9.45511, 9.22419, 9.07856, 9.59546, 4.79812, 4.96721, 4.80567, 4.14784, 2.21602, 0.806649, 3.38553, 7.53236, 13.5992, 21.8996, 31.8417)
(7.12297, 8.56671, 11.7523, 14.7426, 13.5613, 12.9379, 8.67127, 5.3539, 4.6729, 5.37369, 7.2444, 12.739, 8.9242, 7.58072, 8.76879, 8.18016, 7.41854, 8.41932, 8.44253, 9.60623, 10.0773, 9.84319, 8.9423, 7.92162, 7.33804, 5.45324, 3.23839, 0.84853, 3.22239, 7.51124, 12.9411, 19.1031, 23.48)
(8.52223, 8.8962, 11.3173, 13.6963, 13.8566, 12.0799, 6.60667, 4.54156, 3.71156, 5.77666, 10.995, 10.4604, 9.37352, 8.48039, 8.64644, 8.14093, 8.72063, 9.44787, 9.05715, 9.28578, 8.79344, 9.59343, 5.5135, 5.69218, 5.54747, 3.94696, 2.24805, 0.689355, 3.38787, 7.69144, 13.1618, 21.3105, 30.8109)
(9.31495, 8.558, 10.5815, 13.228, 14.9391, 13.4353, 5.91503, 4.03657, 3.69764, 5.99685, 10.297, 9.35614, 8.76056, 9.03783, 9.07987, 9.06227, 9.68905, 9.36069, 8.66405, 8.34863, 9.32362, 9.31729, 4.67195, 4.33815, 4.7127, 3.68947, 2.22538, 0.747258, 3.64281, 7.90983, 13.2356, 20.9788, 33.8479)
(9.81125, 9.48774, 9.58304, 11.5412, 13.377, 15.0468, 7.08914, 3.76079, 3.34009, 5.27311, 11.6898, 9.54753, 8.5919, 9.67441, 8.99428, 9.20734, 9.4131, 8.77188, 8.18337, 7.91574, 9.08178, 10.6187, 4.6389, 4.66143, 4.73538, 4.87969, 3.51463, 1.21697, 4.62698, 9.18551, 13.3091, 19.3477, 29.8837)
(7.64841, 6.89203, 7.46395, 9.6595, 11.619, 15.9446, 11.5368, 6.05543, 5.28424, 7.42049, 10.4755, 12.2361, 9.26947, 8.11364, 7.70906, 7.94375, 8.39259, 8.14439, 8.13696, 8.15082, 9.36107, 12.5421, 7.7368, 8.74474, 8.71421, 8.05446, 4.64039, 1.36646, 4.45058, 8.94462, 12.6701, 16.1345, 18.5432)
(11.0408, 9.47441, 14.7265, 23.8653, 18.0562, 8.8778, 0.953617, 0.0294953, 0.844986, 1.81996, 10.311, 7.91184, 7.63123, 6.37039, 9.30693, 10.9271, 9.71934, 10.463, 9.70978, 10.8747, 8.323, 8.76269, 0.0945457, 0.0392262, 0.0211106, 0.16811, 0.259038, 0.129194, 5.26554, 12.6003, 19.0163, 22.3893, 40.0173)
(5.07725, 13.45, 9.63054, 18.1509, 24.4957, 12.2767, 3.12433, 0.637797, 2.34569, 4.49314, 6.31789, 6.91893, 7.70731, 7.18676, 6.45883, 10.9665, 15.8699, 12.674, 6.50898, 6.50713, 13.4323, 5.76937, 0.663914, 1.65928, 1.67208, 1.08936, 0.926779, 1.19524, 8.32391, 12.6698, 15.8687, 25.8248, 30.1062)
(10.1174, 8.82345, 6.05005, 7.47762, 11.9906, 22.1908, 9.93775, 3.28087, 1.49459, 6.43459, 12.2023, 16.8402, 9.28557, 9.81602, 5.67254, 3.75542, 6.68965, 5.68768, 5.01922, 8.89212, 12.1306, 16.211, 4.09273, 7.92402, 6.92084, 4.78196, 4.49911, 1.70183, 1.80181, 7.86536, 14.102, 23.6713, 22.6391)
(14.4514, 7.96625, 11.4774, 16.5576, 14.2809, 9.26978, 2.95651, 4.3908, 3.96359, 2.87555, 11.8102, 9.20144, 11.0236, 11.0021, 7.57748, 7.57714, 9.14503, 7.59431, 7.952, 9.48106, 8.73683, 10.709, 9.0084, 8.62437, 6.32632, 3.22637, 1.62736, 0.413449, 1.65689, 1.83701, 9.6784, 22.1835, 35.4179)
(7.43398, 9.41935, 13.4311, 16.4255, 15.687, 12.4089, 5.66129, 3.87434, 3.61911, 4.31239, 7.72705, 9.81643, 9.10563, 9.05521, 8.92808, 8.99906, 8.43866, 8.56286, 8.9564, 9.5443, 8.99795, 9.59543, 5.89637, 5.34709, 4.96615, 3.54557, 1.94552, 0.695573, 3.38885, 6.99452, 13.2566, 21.6705, 32.2933)
(8.32335, 7.44707, 9.06394, 11.539, 14.0409, 15.7845, 8.64745, 4.87804, 4.1974, 6.16453, 9.91385, 11.7055, 9.61214, 8.40073, 7.57939, 8.12786, 8.54002, 7.56794, 7.65646, 8.75805, 10.1852, 11.8667, 6.78874, 7.09828, 6.8305, 4.62764, 2.97252, 0.939476, 3.76072, 8.44418, 13.0728, 19.9283, 25.5368)
(15.0967, 8.21696, 10.3557, 16.202, 18.6674, 12.7637, 0.743555, 0.286388, 0.801364, 2.23003, 14.6361, 10.3575, 8.83115, 10.2637, 9.10182, 8.535, 6.56259, 6.59399, 7.76296, 9.89401, 10.9264, 11.1708, 0.820723, 0.585855, 0.350237, 0.646111, 0.706753, 0.360779, 5.77638, 17.2771, 20.1922, 22.2729, 31.0109)
(2.70594, 3.62879, 8.13618, 15.6324, 22.9847, 19.3934, 11.4647, 8.46006, 2.664, 2.11121, 2.81865, 8.15988, 6.86509, 9.25427, 9.8416, 11.8699, 10.4726, 8.37605, 8.04791, 9.28307, 8.80474, 9.02489, 7.47913, 6.95588, 6.79281, 4.60789, 1.86539, 0.546243, 3.53984, 7.95445, 16.212, 18.9673, 25.079)
(6.76924, 6.67402, 9.31673, 13.7801, 16.6192, 16.7483, 9.13747, 5.76111, 3.45813, 4.06863, 7.66713, 11.213, 8.88303, 8.62872, 8.09316, 8.33118, 8.54201, 8.15201, 8.50876, 8.50874, 9.59647, 11.543, 6.33082, 6.68474, 6.67951, 5.37336, 2.9387, 0.976467, 4.13084, 9.28319, 13.8302, 18.9634, 24.8088)
(7.82561, 7.296, 10.7227, 14.0857, 17.3786, 14.6624, 7.65229, 5.05246, 2.90561, 4.03363, 8.38499, 9.92404, 9.07526, 9.08302, 8.6431, 9.20207, 8.22827, 8.29905, 9.20166, 9.43973, 9.66769, 9.23612, 5.81523, 4.97858, 4.73474, 3.95877, 2.63611, 0.729193, 3.49772, 8.32325, 13.0567, 19.7351, 32.5346)
(10.66, 10.8694, 12.5371, 10.39, 9.57364, 12.7379, 7.32766, 4.34329, 5.12753, 6.89753, 9.53599, 9.75799, 12.1187, 9.206, 9.62775, 8.0178, 8.27995, 6.95906, 6.6056, 6.92308, 9.72233, 12.7817, 9.86601, 7.33005, 4.92618, 5.05965, 2.88441, 1.2538, 2.84171, 5.26351, 8.46138, 19.8947, 32.2186)
(8.61895, 9.71967, 11.1276, 13.6948, 16.8159, 14.7928, 5.97028, 2.24169, 2.65127, 4.75602, 9.61107, 9.58466, 7.98307, 7.91149, 9.47813, 9.25982, 8.98442, 10.5246, 8.83294, 9.01095, 8.24869, 10.1813, 3.13359, 3.58087, 4.25565, 4.43043, 3.02678, 1.26591, 5.43107, 10.0272, 16.3138, 20.7493, 27.7854)
(8.61337, 8.26166, 9.29445, 12.3686, 14.9016, 16.5959, 7.18971, 3.93652, 3.81519, 4.67809, 10.3449, 8.8797, 6.83299, 8.65146, 8.94912, 9.53071, 10.1606, 9.03988, 9.90821, 9.38822, 8.46807, 10.191, 6.53225, 5.81077, 5.00097, 5.68114, 3.1539, 1.54742, 3.56712, 9.05797, 13.869, 20.2056, 25.5739)
(7.14813, 8.10421, 12.3126, 14.8608, 16.9885, 13.1, 5.29005, 3.77387, 3.53389, 5.15985, 9.72803, 9.53289, 9.01401, 8.72389, 8.6946, 8.99495, 9.78911, 9.27321, 9.20354, 9.07137, 9.17676, 8.52567, 4.98659, 4.22353, 3.69274, 3.15216, 1.97922, 0.697352, 2.78982, 7.16595, 12.5083, 21.4197, 37.3846)
(7.99716, 8.05587, 10.8376, 13.8229, 17.458, 16.5016, 5.98527, 2.36847, 2.61743, 4.29705, 10.0587, 9.6965, 8.54983, 9.06414, 8.7474, 8.64937, 9.10191, 8.26229, 9.17232, 9.9643, 9.17157, 9.62036, 3.29994, 3.69638, 3.85161, 4.10471, 2.57131, 1.09496, 4.42249, 10.0498, 16.2327, 23.3727, 27.3033)
(10.0003, 8.45576, 9.25366, 10.4067, 11.8624, 13.7068, 8.14396, 5.57939, 5.0844, 6.19713, 11.3095, 12.1456, 9.99827, 8.73614, 7.79646, 7.50614, 7.21406, 7.42542, 7.82431, 8.62244, 9.56914, 13.162, 8.33, 8.37459, 7.30668, 5.80236, 3.23673, 0.859215, 4.03302, 8.39925, 12.753, 17.6173, 23.2879)
(10.7252, 9.94808, 10.2932, 11.2011, 11.548, 11.4609, 7.4494, 5.55313, 5.1862, 6.13831, 10.4964, 11.7335, 9.97897, 9.23307, 8.42157, 8.04115, 8.34565, 8.01391, 8.2989, 7.71926, 8.98613, 11.2279, 10.8502, 9.30789, 7.55481, 5.34715, 2.71965, 0.863899, 3.22849, 7.30638, 11.5828, 17.2463, 23.9924)
(10.8274, 8.03857, 9.06553, 12.1432, 13.3364, 12.706, 8.01454, 5.62986, 5.65525, 5.12749, 9.45577, 12.9676, 10.447, 9.42726, 7.7858, 7.09068, 7.25368, 7.18229, 7.78155, 8.37547, 10.8194, 10.8692, 9.33927, 9.85453, 7.67091, 6.62152, 2.71862, 1.37852, 3.6501, 7.88752, 11.6182, 16.3137, 22.9472)
(8.68762, 8.02351, 10.5469, 12.3036, 13.5186, 14.9607, 7.6742, 4.02932, 3.74055, 5.36622, 11.1488, 10.6889, 8.52243, 9.14339, 8.6473, 8.52682, 9.48573, 8.07795, 8.74104, 8.71969, 8.90915, 10.5376, 4.56334, 5.54676, 5.94026, 5.16374, 2.90676, 0.796762, 3.89107, 8.1248, 12.7862, 19.6702, 30.6101)
(11.1837, 9.04301, 8.90941, 9.63024, 10.5706, 12.2232, 8.41493, 5.30499, 5.51286, 6.99033, 12.2167, 12.1605, 9.85422, 8.60038, 8.37121, 7.82466, 7.89095, 7.60152, 8.19632, 8.71885, 9.4215, 11.3599, 9.67207, 9.37554, 7.84928, 5.89568, 3.05438, 0.833275, 3.69341, 7.59697, 12.7257, 17.2384, 22.0653)
(10.1959, 4.96271, 8.33138, 7.99561, 13.089, 21.7523, 11.3076, 5.49665, 3.95037, 4.48027, 8.43814, 15.477, 10.5873, 6.06671, 5.42162, 5.74596, 8.4633, 5.9066, 8.82185, 10.4097, 10.898, 12.202, 7.69902, 7.87333, 6.62642, 7.16132, 6.75478, 0.822549, 6.16364, 10.0355, 13.0413, 15.6136, 18.2085)
(8.12608, 9.26678, 11.2606, 13.0211, 14.6858, 15.1493, 6.79473, 3.48198, 3.54659, 4.85217, 9.81492, 9.74997, 9.49897, 8.6628, 8.54489, 9.05623, 8.82343, 8.4311, 9.41415, 9.3138, 9.37277, 9.1319, 3.95041, 4.18995, 4.37897, 4.13774, 2.5251, 0.761338, 3.51387, 8.16572, 13.2452, 20.6588, 34.4729)
(5.05678, 7.11049, 14.925, 20.9677, 19.3668, 15.4104, 6.17115, 2.31451, 1.0731, 1.96105, 5.64312, 6.20894, 6.91985, 7.91401, 9.65418, 11.123, 12.3244, 12.0487, 11.3639, 8.65034, 7.0444, 6.74827, 2.89905, 2.61639, 3.49592, 4.06729, 2.67322, 0.578823, 4.15141, 8.60688, 15.8124, 24.1547, 30.9439)
(10.7481, 9.71217, 9.96069, 11.0972, 12.0615, 12.0316, 7.47539, 5.75909, 5.51112, 6.0438, 9.59939, 11.1578, 9.81429, 9.06634, 8.21641, 8.13627, 8.83817, 7.91859, 8.19119, 8.12324, 9.01628, 11.5215, 11.797, 10.2407, 7.92778, 5.38259, 2.71275, 0.706233, 2.85095, 7.30518, 11.3493, 16.0746, 23.6529)
(8.94006, 8.91242, 10.034, 10.9215, 12.142, 13.8606, 9.12775, 4.75945, 3.68559, 5.55528, 12.0613, 12.1822, 9.17976, 8.58667, 7.84095, 8.43363, 7.99108, 8.0163, 8.98264, 8.33346, 9.25696, 11.1963, 6.09691, 7.46538, 7.27637, 5.91597, 3.15789, 0.787003, 3.90225, 8.59659, 13.2285, 18.1381, 25.4351)
(10.4565, 8.37632, 8.50122, 9.02972, 10.2412, 11.8318, 8.90125, 6.17553, 6.22143, 7.83663, 12.4284, 12.0968, 9.57632, 8.2401, 8.32946, 8.28047, 7.82395, 7.79816, 8.50619, 8.38563, 9.30091, 11.6621, 10.9717, 10.3619, 8.55885, 5.83923, 3.05399, 0.901003, 3.37694, 8.04572, 11.7662, 16.7503, 20.3741)
(7.83082, 7.98579, 9.12473, 11.0881, 12.9253, 14.5324, 9.41835, 6.75636, 5.28683, 6.19324, 8.85813, 12.9979, 10.2097, 8.28688, 7.7457, 7.79578, 7.13588, 7.27708, 7.20222, 9.35188, 9.89646, 12.1006, 8.09945, 8.82269, 7.80219, 5.90883, 3.69674, 1.03798, 4.34704, 8.57209, 13.0119, 17.4666, 21.2346)
(9.85162, 7.34938, 7.79805, 9.0293, 10.6568, 13.664, 9.08975, 6.76038, 6.33611, 8.07484, 11.3897, 12.7323, 9.3807, 8.23725, 8.03493, 8.26248, 7.9349, 7.81494, 8.07843, 8.18606, 8.96906, 12.369, 10.8401, 9.62808, 8.13076, 6.3989, 3.18951, 0.994951, 3.70291, 7.90664, 12.1196, 16.1355, 20.9531)
(8.49677, 8.25655, 8.59341, 8.30162, 12.2888, 15.2959, 7.65873, 5.22944, 4.35111, 7.14294, 14.3847, 13.0678, 7.80121, 10.125, 7.94614, 6.96308, 7.93318, 8.25601, 10.4384, 9.20151, 8.04087, 10.2268, 11.3554, 7.18414, 7.95819, 4.4856, 2.74423, 0.614835, 3.9449, 9.26024, 13.9686, 14.5031, 23.9808)
(8.04741, 6.42763, 8.4202, 10.4648, 12.8892, 15.2615, 10.3453, 7.63028, 5.8451, 5.75226, 8.91638, 12.9326, 10.006, 8.07093, 7.73985, 8.07383, 7.09343, 7.13353, 7.64946, 8.84497, 10.0371, 12.4184, 10.586, 9.8891, 8.56971, 6.63986, 3.40583, 1.11452, 4.21978, 7.89628, 11.3603, 16.2765, 20.0422)
(10.3825, 7.44117, 6.88028, 8.32831, 11.7765, 13.5901, 9.64677, 7.22744, 6.31232, 7.37098, 11.0437, 12.3934, 10.1283, 9.4544, 8.41468, 8.5713, 8.07853, 6.91033, 7.28363, 8.2359, 9.31623, 11.2133, 14.8399, 10.9296, 8.60171, 6.54664, 3.41996, 1.0785, 3.51605, 7.87681, 10.6917, 14.1717, 18.3274)
(5.20964, 4.71183, 9.7118, 15.8237, 24.2552, 18.1824, 6.71947, 1.43293, 2.80468, 3.41857, 7.72977, 9.00041, 8.60002, 8.93516, 10.0199, 9.04141, 8.83012, 8.48072, 9.84854, 8.73477, 8.94273, 9.56623, 2.8592, 2.52614, 3.42653, 4.01814, 2.56696, 0.756981, 4.91629, 10.8385, 15.7114, 23.1634, 29.2164)
(5.96444, 8.01193, 12.1967, 18.287, 17.5635, 13.134, 7.63108, 4.51297, 2.33843, 3.48484, 6.87513, 10.1098, 8.08905, 9.05099, 9.12536, 10.3131, 10.4669, 9.35176, 8.74559, 7.74324, 8.48496, 8.51926, 4.54958, 5.25789, 4.8492, 5.82814, 3.29444, 0.850922, 4.25496, 9.05896, 13.8373, 21.9135, 26.3051)
(5.9926, 5.21244, 9.77196, 14.6642, 17.94, 16.4518, 9.62234, 5.89078, 3.85889, 5.06034, 5.53464, 12.011, 8.73786, 6.93482, 8.81828, 8.53736, 8.01536, 9.68833, 8.55614, 9.18797, 9.77404, 9.73888, 8.71815, 8.05982, 6.25938, 5.29458, 3.34833, 1.13124, 3.17511, 8.20175, 12.7585, 19.1525, 23.9007)
(3.06532, 5.85157, 13.3012, 30.388, 33.6955, 7.25228, 1.27569, 1.84793, 0.116955, 0.16194, 3.04362, 1.41496, 4.96269, 4.9744, 8.62424, 12.2045, 19.067, 20.0295, 16.4223, 7.68225, 3.24511, 1.37318, 1.87465, 0.172573, 0.228834, 0.228796, 0.153869, 0.0464496, 1.991, 11.0029, 14.4758, 34.1522, 35.6729)
(6.15794, 8.86456, 8.24062, 14.7746, 15.2978, 19.5244, 6.45206, 1.32495, 1.2342, 4.85245, 13.2765, 12.4032, 9.22831, 9.18375, 8.70861, 7.89535, 5.29617, 7.41811, 10.0488, 13.447, 10.496, 5.87471, 1.9546, 1.92312, 4.5245, 5.28316, 4.18676, 0.0944891, 6.88119, 9.05775, 19.9911, 18.6075, 27.4959)
(10.1884, 10.7623, 11.3072, 12.6168, 11.3504, 10.0584, 7.65422, 5.38246, 4.31723, 5.36767, 10.9948, 12.2841, 9.8094, 9.08867, 8.02578, 8.28933, 8.19212, 7.37331, 8.01413, 8.60401, 8.70064, 11.6186, 9.27097, 7.34317, 6.85782, 4.97422, 2.61538, 0.657555, 3.10601, 6.51675, 11.2869, 17.8103, 29.5609)
(7.21641, 9.01576, 11.8325, 13.8762, 16.0388, 14.1424, 7.1677, 3.9842, 3.4307, 4.00426, 9.29113, 10.0749, 8.69544, 8.9553, 8.48629, 9.23658, 9.23123, 8.66247, 9.13491, 8.63467, 8.8618, 10.0264, 4.84938, 4.48712, 4.82234, 4.32058, 2.37953, 0.810117, 3.72237, 7.74996, 14.0879, 21.1681, 31.6025)
(10.2826, 9.4563, 9.73508, 12.1136, 12.2831, 12.2472, 7.22528, 4.11057, 4.77738, 6.83151, 10.9374, 12.4675, 10.1376, 8.28561, 8.10739, 7.5446, 7.29658, 7.18333, 7.92423, 8.85124, 9.02168, 13.1802, 10.152, 7.95359, 6.32144, 4.74035, 2.00011, 0.806003, 2.81096, 7.87695, 13.5596, 19.9586, 23.8203)
(7.41047, 6.58358, 8.01344, 10.7201, 13.5036, 15.7039, 10.079, 7.646, 5.94279, 5.88263, 8.51441, 12.9265, 9.9847, 8.14391, 7.59077, 7.64109, 6.72781, 7.2079, 7.24168, 8.40915, 10.7761, 13.3504, 9.19133, 9.94354, 8.29893, 6.49872, 3.595, 1.01121, 4.18735, 8.25424, 12.7391, 15.9788, 20.3018)
(9.92648, 8.21454, 8.3133, 8.99497, 10.0109, 12.8616, 9.34738, 7.21722, 6.35946, 7.5691, 11.185, 13.9186, 9.93798, 8.38411, 7.86326, 7.63079, 7.09456, 7.26697, 8.19732, 7.80144, 9.08559, 12.8193, 11.011, 10.9206, 9.2092, 6.93501, 3.51914, 0.93276, 4.14834, 7.96955, 11.8809, 14.9058, 18.5677)
(7.96805, 6.47759, 8.15531, 10.3977, 13.231, 15.4949, 9.71477, 6.7774, 5.35319, 6.60859, 9.82153, 13.1063, 9.59273, 8.41295, 7.7508, 7.40971, 6.81749, 7.05006, 7.22955, 8.97666, 10.4583, 13.1954, 8.58405, 8.7773, 7.98361, 6.26256, 3.83622, 1.15346, 4.46448, 9.0636, 12.5275, 16.8252, 20.522)
(8.79578, 8.41288, 11.4871, 14.2376, 16.3093, 15.9154, 6.278, 2.44065, 2.01738, 4.24176, 9.86416, 10.5018, 10.0501, 8.72836, 9.07104, 8.15194, 8.38628, 6.84601, 8.18227, 10.1304, 10.2602, 9.69156, 4.00017, 3.61704, 3.70763, 3.66676, 1.90553, 0.637937, 3.99572, 10.4046, 15.2553, 23.1392, 29.6702)
(8.69233, 8.10664, 9.13479, 10.8149, 15.3902, 19.744, 5.75823, 1.96666, 4.41092, 4.51374, 11.4676, 9.0755, 9.69253, 7.81479, 8.56567, 10.7626, 11.1818, 7.93203, 6.48063, 6.50418, 11.7642, 10.226, 3.052, 3.2698, 4.83503, 6.70451, 2.16565, 1.26017, 4.84677, 7.8286, 14.9711, 25.8985, 25.1678)
(9.57473, 6.88775, 7.78379, 11.5807, 12.7763, 13.7943, 9.69497, 7.18068, 5.4093, 6.23149, 9.08603, 11.3002, 10.121, 8.44225, 8.04977, 8.37094, 7.79824, 7.90866, 7.87853, 9.39314, 9.79815, 10.9392, 13.1722, 10.739, 8.29016, 6.5304, 3.22116, 0.85633, 3.28708, 7.04911, 10.9106, 15.5859, 20.3581)
(12.062, 7.25675, 6.74438, 8.45366, 10.3763, 12.779, 9.73495, 6.87206, 5.9476, 7.67253, 12.1008, 12.0915, 10.2657, 8.81296, 8.30106, 8.47345, 7.67513, 7.82461, 7.68174, 8.84232, 9.19862, 10.8329, 16.2379, 11.3547, 9.57699, 6.77542, 3.27642, 0.84658, 3.5638, 6.74755, 10.9814, 13.9252, 16.714)
(8.39166, 10.3946, 14.4299, 16.3593, 15.1468, 10.8446, 4.81091, 3.49337, 3.91601, 4.48107, 7.73176, 8.09104, 8.37911, 9.35005, 9.83899, 10.7511, 9.82012, 10.1861, 8.90182, 8.52485, 8.19069, 7.96614, 5.90021, 5.05651, 3.59193, 2.90391, 1.54325, 0.488271, 2.26507, 6.30465, 11.3996, 19.8791, 40.6674)
(5.73415, 7.55063, 10.2292, 16.758, 21.9417, 16.269, 6.76008, 3.17671, 1.98151, 3.31555, 6.28345, 10.8202, 7.68635, 7.41778, 8.92246, 9.68012, 11.5086, 10.0907, 9.33482, 8.63173, 9.04628, 6.8609, 5.07093, 3.64986, 4.37417, 3.84889, 3.66845, 0.402805, 3.87165, 8.66373, 15.5071, 21.9386, 29.0038)
(9.78885, 5.97926, 7.65742, 12.4456, 14.8638, 15.2832, 8.44346, 6.65343, 5.37158, 5.67483, 7.83848, 11.2734, 9.56247, 8.54887, 8.03185, 8.90379, 8.12111, 9.01501, 8.80686, 8.85354, 8.77082, 10.1123, 12.104, 10.5818, 8.57548, 6.20829, 3.15404, 0.632037, 3.31804, 6.88309, 11.2405, 16.6339, 20.6688)
(8.04406, 10.9527, 14.6235, 18.8437, 17.539, 11.1561, 4.12031, 2.08579, 2.76457, 3.51752, 6.35262, 5.7358, 7.23642, 10.5887, 11.2694, 11.7483, 11.623, 11.0539, 10.0466, 8.02009, 7.07357, 5.6042, 4.10112, 3.57293, 2.94827, 3.0586, 1.92341, 0.679847, 2.74985, 8.25313, 13.8008, 22.0566, 36.8555)
(2.60682, 6.84539, 14.8918, 23.8281, 28.2196, 11.4466, 2.79697, 1.46618, 0.983931, 3.14157, 3.77305, 7.26925, 7.3207, 7.67554, 7.31276, 11.6904, 16.6141, 8.24358, 10.4075, 10.2826, 9.41458, 3.76898, 2.4839, 1.09274, 1.51222, 1.70967, 3.09396, 0.29748, 2.69159, 12.4439, 19.268, 23.5372, 31.8693)
(8.75847, 10.9494, 14.0983, 19.1698, 19.5587, 10.8929, 2.22152, 1.52195, 2.61962, 3.19031, 7.01903, 5.58056, 6.76789, 8.25196, 10.6824, 10.6001, 12.5824, 12.2892, 10.1057, 8.59568, 7.94417, 6.60002, 4.09512, 3.18145, 2.22158, 1.67374, 0.918564, 0.293593, 2.07898, 6.99163, 13.3954, 22.2651, 42.8848)
(5.81956, 7.76337, 12.7566, 18.6367, 22.5174, 16.0561, 3.88089, 2.11679, 1.88758, 2.65169, 5.91324, 9.32697, 9.18988, 8.56651, 9.45891, 9.61306, 9.93953, 9.69889, 9.58489, 8.79025, 7.58746, 8.24364, 1.10667, 1.65668, 2.17864, 2.13581, 1.68207, 0.608149, 4.11203, 11.8612, 18.4526, 24.2279, 31.9781)
(9.54289, 8.12286, 11.4601, 9.46356, 10.7999, 11.0473, 8.06624, 6.61496, 4.20354, 4.93493, 15.7437, 8.57441, 8.51681, 8.7338, 7.68311, 8.18743, 8.4231, 7.78097, 10.4336, 10.5842, 9.53893, 11.5436, 4.66076, 5.51527, 5.08463, 4.82883, 2.31632, 0.864802, 5.16885, 7.13524, 11.9156, 15.7874, 36.7223)
(8.73218, 9.5102, 10.6807, 11.0233, 13.1575, 13.3193, 7.64119, 4.04281, 3.83911, 6.00756, 12.0463, 11.4131, 9.46721, 8.36069, 8.04781, 8.14645, 8.25359, 7.5952, 8.50899, 8.63824, 10.0803, 11.4884, 6.31022, 5.84495, 5.63009, 4.81965, 2.63362, 0.783249, 3.7456, 7.2639, 12.6201, 20.0197, 30.3288)
(4.67793, 7.76222, 10.1106, 15.8813, 20.1068, 22.5346, 4.91896, 1.10178, 2.43177, 3.1082, 7.36591, 7.67865, 12.6119, 13.2266, 8.24304, 7.64612, 5.89208, 5.27847, 6.29424, 8.7512, 12.8497, 11.528, 2.33523, 4.15849, 4.29524, 4.26679, 1.82202, 0.987133, 4.84509, 11.9097, 17.0513, 25.8628, 22.4662)
(9.52651, 7.54511, 7.92327, 9.82921, 12.3413, 14.8573, 8.59627, 6.35786, 5.97549, 6.52689, 10.5207, 12.5791, 9.67648, 8.16574, 7.70063, 7.10594, 6.46507, 7.2298, 7.67387, 9.19435, 10.7943, 13.4147, 10.9043, 9.32346, 7.92533, 5.85042, 3.86095, 1.19631, 4.17371, 8.2777, 11.6366, 15.9952, 20.856)
(11.3519, 7.724, 7.45295, 8.40726, 9.67326, 12.3281, 9.69214, 7.58883, 7.05015, 7.868, 10.8634, 13.1119, 10.1014, 8.91135, 7.7737, 7.16288, 7.08264, 6.84733, 7.59794, 8.05062, 10.2569, 13.1034, 15.7048, 12.1569, 9.10325, 6.56307, 3.15972, 0.801215, 3.43431, 7.40308, 10.6591, 14.0332, 16.9814)
(5.84022, 4.75028, 11.0478, 19.5514, 29.9779, 14.0688, 3.75681, 1.00833, 1.23349, 2.39527, 6.36962, 5.75214, 9.58664, 10.9951, 11.8548, 10.8515, 8.8044, 8.39537, 8.72872, 8.6424, 7.8632, 8.52568, 1.55393, 1.48426, 2.24672, 2.51048, 1.42037, 0.815408, 3.39888, 10.6839, 16.5457, 27.3035, 32.0368)
(11.1724, 8.61887, 10.3668, 12.0298, 10.8519, 10.4828, 6.73385, 5.89912, 6.41112, 7.26029, 10.173, 11.1628, 9.30026, 8.49322, 7.91207, 8.53497, 8.25849, 8.75712, 8.41644, 8.75743, 9.33651, 11.0706, 12.3415, 9.68136, 8.09002, 5.94035, 2.82009, 0.813873, 3.10323, 6.81135, 11.578, 16.979, 21.8413)
(7.11963, 4.7881, 9.04306, 16.6614, 20.3022, 18.1388, 6.53918, 5.01461, 0.752522, 2.426, 9.21447, 8.75997, 8.73613, 8.47753, 9.76816, 11.2741, 10.0891, 7.99222, 7.50646, 10.5338, 9.86989, 6.9927, 8.42603, 5.2034, 1.72938, 2.91486, 3.22669, 0.512928, 3.76003, 7.34743, 13.0414, 21.6893, 32.1486)
(11.0131, 8.57542, 11.9056, 14.7026, 13.2879, 10.2936, 5.23969, 4.37887, 5.15078, 6.04927, 9.40312, 10.2896, 9.4786, 8.74854, 8.7641, 9.24264, 9.43419, 8.64332, 7.96748, 7.77469, 9.40051, 10.2563, 10.8164, 8.21609, 6.43359, 4.89612, 2.71755, 0.718329, 2.97317, 7.64924, 12.506, 18.8352, 24.2384)
(8.71689, 11.9918, 16.8883, 17.1268, 14.0329, 12.0108, 3.74411, 1.54319, 1.38461, 3.94925, 8.61146, 6.16058, 6.964, 9.42335, 11.678, 10.5388, 13.7545, 11.4051, 8.90595, 9.06383, 5.89171, 6.21424, 2.39835, 2.84008, 2.81637, 4.12037, 1.91238, 1.0951, 3.72881, 7.78501, 12.42, 22.2759, 38.6077)
(5.68787, 9.43097, 19.0706, 27.218, 21.2625, 8.5705, 1.56089, 0.852127, 1.1703, 1.38171, 3.79447, 3.67724, 6.38455, 9.06547, 10.6061, 13.2803, 14.267, 14.0685, 10.9519, 8.06823, 5.96105, 3.66974, 1.69127, 1.47079, 1.19302, 0.940961, 0.565278, 0.346189, 2.1787, 7.73311, 16.2181, 27.8986, 39.764)
(9.1781, 7.94442, 9.03069, 11.8569, 14.8271, 15.1126, 7.17903, 3.52782, 3.8659, 5.13371, 12.3438, 11.1318, 9.23209, 8.21909, 7.88121, 8.89082, 8.27741, 8.85603, 10.1817, 9.24006, 8.57079, 9.519, 5.62172, 5.42944, 4.47074, 4.75029, 2.45945, 1.29261, 4.84427, 9.76239, 14.6725, 19.5432, 27.1534)
(9.034, 8.81006, 9.69456, 10.8272, 12.4911, 13.9227, 8.85355, 5.10842, 4.53852, 5.54383, 11.176, 10.6379, 9.27427, 8.55731, 7.9475, 7.92911, 7.92147, 8.08451, 8.72885, 9.36977, 10.1253, 11.424, 7.8495, 7.64995, 6.91672, 5.56136, 3.12162, 0.776568, 3.57689, 7.8644, 13.2794, 18.4072, 24.9965)
(7.75883, 5.50125, 9.47499, 8.68227, 13.637, 17.3147, 7.97263, 8.98387, 4.91116, 5.04114, 10.7222, 12.7936, 11.9222, 9.58653, 7.39808, 6.75408, 4.57239, 6.12328, 6.53751, 9.22418, 9.16834, 15.9198, 9.53929, 7.23852, 7.18702, 6.53723, 3.63767, 0.31458, 3.39064, 12.6054, 13.2328, 16.1459, 20.1709)
(10.9544, 8.9286, 10.641, 8.76081, 12.092, 13.7782, 6.07445, 6.34845, 7.65889, 6.1297, 8.63339, 13.2752, 11.9018, 6.94615, 6.2112, 6.20062, 8.03078, 9.21274, 9.33003, 7.17795, 8.3894, 13.3242, 11.7836, 9.8536, 7.38613, 4.50033, 4.0774, 1.15574, 3.62131, 7.27187, 10.8523, 15.1371, 24.3606)
(8.78381, 7.18432, 8.694, 10.8355, 12.765, 14.9867, 8.37587, 5.46253, 4.92355, 6.68308, 11.3055, 12.6321, 10.1455, 8.83394, 7.94818, 7.4835, 6.47737, 7.18981, 7.51234, 8.56532, 10.4659, 12.746, 8.69048, 7.91742, 6.33799, 5.1369, 3.14317, 0.853938, 3.82197, 7.85139, 12.9953, 18.7482, 24.5032)
(8.43928, 6.75058, 8.62436, 12.0132, 14.6975, 14.566, 8.93838, 5.83578, 4.86146, 6.05551, 9.21791, 11.29, 9.84286, 8.61346, 8.02228, 8.25182, 7.73469, 8.21203, 8.08485, 8.9612, 9.74273, 11.244, 11.0346, 9.04126, 7.29311, 5.4363, 3.11017, 0.804634, 3.24354, 8.02563, 12.1054, 17.2769, 22.6284)
(5.25067, 6.19825, 14.6071, 21.1118, 24.2645, 13.5069, 3.76181, 1.24881, 1.2772, 2.33701, 6.43595, 6.76697, 7.06289, 8.17037, 10.8331, 12.3527, 11.8502, 10.402, 11.0295, 8.36164, 6.89703, 6.27357, 1.23556, 1.71939, 2.26906, 2.59222, 1.60569, 0.617786, 3.42196, 9.43155, 17.3926, 27.7368, 31.9773)
(5.88614, 7.32655, 11.3638, 16.6923, 18.9554, 15.3052, 6.69768, 4.48942, 2.91109, 3.97539, 6.3971, 9.63109, 8.88873, 8.41533, 8.13152, 10.0697, 9.13424, 10.2137, 9.11074, 9.24923, 8.85806, 8.29762, 6.80717, 5.573, 4.10776, 3.83427, 2.35228, 0.644426, 2.74701, 8.57116, 14.0634, 21.2675, 30.0321)
(7.97138, 6.47104, 9.40287, 11.7784, 13.0652, 14.7221, 9.38809, 6.34279, 5.02031, 7.68256, 8.15533, 11.9962, 9.61708, 8.56695, 7.82219, 7.84891, 7.38035, 8.25392, 8.25281, 8.92688, 9.86086, 11.4738, 9.34014, 9.87997, 7.39754, 6.22474, 3.25755, 0.767669, 3.16006, 8.11694, 12.937, 17.502, 21.4163)
(8.83503, 9.90155, 14.6599, 18.3632, 16.8798, 10.8163, 3.95145, 2.32006, 2.37989, 3.84973, 8.04311, 6.9658, 8.28776, 9.53735, 10.4422, 10.706, 10.6171, 10.8041, 9.15559, 8.44615, 7.91837, 7.11956, 3.85688, 3.29887, 2.61511, 2.37563, 1.34114, 0.392339, 2.1218, 6.59425, 11.4972, 21.6616, 44.2451)
(8.09239, 9.01362, 6.41644, 9.55089, 16.3077, 16.9444, 10.7337, 7.83626, 4.3254, 2.51228, 8.2669, 11.81, 9.75029, 7.40089, 8.03957, 6.98493, 9.15466, 6.13192, 8.29579, 9.55001, 11.1511, 11.7308, 9.78756, 8.84349, 6.2429, 7.75904, 2.87288, 1.6196, 4.09296, 9.74827, 12.9267, 13.7899, 22.3167)
(8.01245, 7.69726, 7.58216, 9.84229, 13.733, 15.5209, 8.70372, 5.83706, 5.61974, 9.33299, 8.11847, 12.7186, 11.0789, 7.8347, 7.36552, 8.011, 9.12119, 8.56232, 7.22856, 7.31363, 9.87601, 10.8895, 10.833, 10.0423, 9.9502, 6.71953, 2.79503, 0.562403, 2.71611, 6.7789, 12.2432, 16.0061, 21.3532)
(7.48027, 7.18942, 10.6388, 15.2379, 16.3172, 13.5821, 9.2401, 4.59511, 3.25106, 3.41726, 9.05079, 10.106, 8.1809, 8.77764, 8.17476, 9.89035, 10.9493, 11.5623, 8.74543, 7.51462, 7.37169, 8.72692, 4.46696, 5.81821, 6.60354, 5.39524, 2.87325, 0.933283, 3.82563, 9.1817, 14.3878, 19.4609, 27.0534)
(9.06234, 8.17683, 10.4235, 13.1526, 13.9735, 13.102, 8.47974, 4.69007, 3.92839, 4.73944, 10.2717, 13.3727, 9.80838, 8.05897, 8.59198, 8.39227, 7.30329, 8.27311, 7.39816, 8.40959, 8.9902, 11.4014, 6.09458, 6.72648, 6.51156, 5.21819, 2.70833, 1.11768, 3.39689, 8.2993, 14.0123, 20.5436, 25.371)
(7.50398, 8.73741, 8.91537, 13.6168, 15.5586, 18.1606, 8.36493, 4.01575, 2.98778, 4.14302, 7.99572, 17.4635, 10.8256, 6.13784, 6.4243, 8.25695, 6.6008, 6.62547, 8.21982, 6.24079, 11.5805, 11.6244, 5.85153, 7.53679, 6.1483, 4.30918, 3.66219, 0.602801, 4.4154, 9.6258, 12.9739, 20.4483, 24.4257)
(6.02555, 6.39617, 11.6686, 15.2275, 16.4142, 15.6041, 7.99392, 4.66017, 3.81727, 4.9406, 7.25176, 11.175, 9.24801, 9.87258, 8.59634, 7.85876, 8.2452, 8.0996, 8.06194, 9.04327, 9.51448, 10.2848, 5.92708, 6.01014, 6.12377, 4.98303, 2.87024, 0.78391, 3.58583, 8.54098, 13.9068, 21.1307, 26.1375)
(7.17925, 6.94993, 9.50958, 13.95, 16.4504, 15.6532, 8.6006, 5.16119, 4.26207, 4.85264, 7.43107, 11.9437, 10.2544, 8.18509, 9.05698, 7.72912, 7.59109, 7.59457, 7.99848, 8.56406, 9.34789, 11.7346, 7.57911, 7.58693, 6.75187, 5.25474, 3.13558, 0.832648, 3.70231, 8.79214, 13.7044, 19.5662, 23.094)
(9.23652, 8.76724, 12.0742, 17.0799, 15.6417, 10.8003, 5.43416, 4.69121, 4.419, 4.49871, 7.35719, 8.8529, 8.21269, 8.06302, 9.0778, 10.034, 10.6239, 10.45, 8.9312, 8.21551, 8.90965, 8.62938, 8.37464, 7.3994, 5.86501, 4.39304, 2.37192, 0.591362, 2.76543, 6.8875, 13.2513, 20.5091, 27.5913)
(12.9788, 10.1735, 10.2893, 20.5952, 13.198, 10.2402, 3.19936, 2.6439, 3.39744, 5.27111, 8.0133, 7.35996, 7.46102, 8.1021, 9.13449, 10.8237, 13.8585, 9.99586, 8.01444, 8.12409, 10.3454, 6.78048, 12.2721, 7.68849, 7.15792, 5.53457, 3.02434, 0.467202, 2.60238, 6.13701, 15.53, 17.9511, 21.6349)
(11.3999, 6.90077, 8.14692, 15.3129, 12.2413, 15.4024, 4.60575, 3.23322, 2.52403, 7.14019, 13.0927, 8.50864, 10.6756, 7.88345, 9.64544, 7.93242, 9.26143, 7.64079, 7.4312, 8.70082, 11.0575, 11.2627, 6.37202, 3.99729, 3.04712, 2.47979, 2.3074, 0.144943, 3.7303, 5.09751, 11.3667, 19.8494, 41.6076)
(8.16641, 9.42467, 13.9334, 17.6516, 18.1372, 11.3036, 3.96638, 3.1858, 2.8851, 3.58704, 7.75876, 7.24338, 7.9509, 9.0222, 9.81524, 10.8785, 10.9106, 10.7924, 9.02737, 8.30121, 8.10258, 7.95558, 4.88921, 4.04465, 3.10531, 2.56291, 1.44061, 0.472349, 2.50571, 6.90156, 12.6775, 22.6572, 38.743)
(7.07543, 10.9202, 17.2539, 20.2352, 18.0406, 11.6566, 2.80954, 2.43495, 1.81681, 2.80551, 4.95121, 5.37389, 6.57744, 12.3567, 12.4097, 11.9438, 11.1289, 9.8898, 8.75807, 7.63919, 6.81288, 7.10968, 2.38687, 2.55306, 2.22487, 2.35214, 1.49924, 1.12441, 2.82004, 7.37058, 14.9043, 25.5279, 37.2366)
(5.61452, 9.94551, 21.2497, 22.881, 19.1476, 11.1908, 1.90201, 1.05475, 1.26506, 1.51522, 4.23372, 3.8822, 7.17675, 11.6113, 11.884, 13.6864, 10.7146, 10.4563, 9.35629, 8.13465, 8.23178, 4.86568, 1.75417, 1.72034, 1.89629, 1.27658, 1.11549, 0.78548, 2.85949, 7.05583, 13.7008, 29.8792, 37.9563)
(5.79864, 9.55666, 15.7204, 23.7275, 24.5709, 10.0762, 1.88014, 0.990668, 1.917, 2.13292, 3.62896, 4.0067, 6.70782, 7.48129, 8.97905, 12.0991, 15.1788, 14.1942, 11.0364, 9.24868, 6.59833, 4.46965, 2.08375, 2.34237, 2.7195, 1.18511, 0.726887, 0.840992, 4.40417, 8.86737, 16.8036, 24.9724, 35.0539)
(7.53739, 7.58097, 9.00145, 13.8469, 20.169, 17.6999, 6.57695, 2.85344, 2.48441, 3.97085, 8.2786, 9.83183, 8.28567, 7.56496, 8.29867, 9.11817, 9.32821, 10.2363, 9.77595, 8.95745, 8.57912, 10.0237, 4.56969, 3.76994, 4.00986, 4.2252, 2.41173, 0.837941, 5.87107, 11.616, 16.6459, 20.3969, 25.6458)
(7.69401, 6.92394, 8.38794, 12.5175, 18.6491, 18.0913, 7.90827, 3.88959, 3.0602, 4.03916, 8.83897, 9.07059, 8.68142, 8.52008, 9.23226, 8.91895, 8.86263, 8.91024, 9.48408, 8.88887, 9.12849, 10.3024, 5.01988, 5.38331, 5.54431, 5.34938, 2.92842, 1.00895, 5.35348, 10.8052, 15.7046, 19.514, 23.3885)
(9.46834, 7.45396, 8.7108, 11.7912, 13.6685, 15.1954, 7.79435, 5.09927, 5.12869, 5.82005, 9.86944, 11.0887, 9.9744, 8.94247, 8.22054, 7.61019, 7.38686, 8.3133, 7.68704, 9.06017, 9.62977, 12.0865, 7.14193, 7.33404, 6.94875, 5.79769, 3.55135, 0.769633, 4.02876, 9.54361, 15.544, 18.3793, 20.9609)
(8.62218, 5.1757, 16.0521, 20.2167, 11.4979, 7.94045, 6.91757, 6.73632, 2.8314, 2.91907, 11.0906, 10.7113, 4.75172, 10.4605, 12.9521, 8.55856, 10.466, 7.11665, 7.13996, 10.0778, 9.05558, 8.70985, 2.54882, 4.51471, 4.92718, 2.84127, 0.688616, 0.552728, 2.71586, 6.04809, 10.9455, 21.7817, 42.4355)
(9.34236, 7.67291, 9.44678, 16.2032, 21.3749, 9.33971, 6.01204, 5.11604, 4.65151, 4.0251, 6.8154, 7.35702, 7.01582, 8.25996, 8.83819, 13.0463, 12.8353, 10.6463, 9.14962, 7.28785, 6.80938, 8.75426, 8.88665, 7.67859, 6.85759, 6.03533, 2.39304, 0.570615, 2.42836, 7.56079, 15.2089, 19.3696, 23.0105)
(7.15153, 7.8142, 12.7781, 21.1376, 20.0369, 10.8918, 4.23466, 4.24961, 3.07261, 3.0156, 5.61735, 6.487, 6.82659, 7.66233, 9.56939, 12.4898, 13.4419, 12.1383, 9.3718, 8.19145, 7.00131, 6.82014, 5.86882, 5.01433, 4.62809, 3.6206, 1.85073, 0.429803, 2.52926, 8.15039, 16.0214, 23.5405, 28.3461)
(6.02564, 6.86327, 12.9064, 24.1067, 18.6622, 10.6568, 6.03246, 3.5956, 3.01338, 2.71066, 5.42699, 6.54118, 6.14383, 7.0713, 12.1522, 12.7389, 13.1717, 11.0087, 7.98138, 7.6879, 8.05713, 7.44589, 4.50458, 4.99833, 4.73362, 4.48257, 2.24515, 0.65885, 2.77744, 7.72129, 15.2321, 24.796, 27.8501)
(5.29414, 6.69485, 12.769, 20.9913, 20.626, 12.9174, 5.89507, 3.62115, 3.55886, 2.76051, 4.87165, 7.51614, 6.98396, 8.97174, 9.99906, 11.1328, 10.8917, 10.8915, 8.18374, 8.23882, 8.43685, 8.75373, 4.64888, 4.84047, 4.63288, 4.58283, 2.37383, 0.668649, 3.34089, 9.86224, 15.8389, 22.8598, 26.3506)
(8.38373, 8.4744, 9.9551, 16.6416, 22.9418, 9.39098, 5.05777, 6.03815, 3.63764, 3.25556, 6.22329, 6.98352, 6.21145, 6.33377, 10.2081, 13.7896, 14.8369, 10.8262, 9.9731, 6.76646, 6.7455, 7.32547, 7.17769, 7.7458, 5.67324, 4.53064, 1.88161, 0.241858, 2.38842, 10.2861, 14.535, 20.9086, 24.631)
(9.35042, 9.84893, 11.1894, 16.8075, 20.9234, 12.3088, 4.53378, 6.05664, 3.03546, 3.5566, 2.3891, 5.4215, 6.27665, 8.38041, 9.11875, 14.9047, 15.5918, 11.9774, 9.86156, 6.80838, 7.12162, 4.53722, 6.66628, 6.05142, 5.01902, 3.5151, 1.12029, 0.0731093, 2.99989, 13.8219, 12.5748, 22.4409, 25.7173)
(1.48583, 4.40058, 11.0243, 26.8506, 16.6301, 9.36212, 13.8784, 5.5525, 3.85763, 3.17107, 3.78683, 7.3079, 5.11583, 11.457, 13.3227, 9.77587, 16.0535, 6.58728, 12.2866, 5.34305, 7.8944, 4.85592, 16.2313, 4.91109, 2.41697, 1.59571, 0.572669, 0.0531543, 0.49522, 1.48823, 4.68369, 16.1403, 51.4117)
