(6.9702, 9.36067, 14.7806, 17.6744, 18.6806, 12.1973, 4.66207, 2.30859, 1.94102, 3.53047, 7.89402, 7.86179, 8.4257, 8.20155, 9.36023, 10.2228, 11.0049, 10.3077, 9.01227, 8.97852, 8.73283, 7.89165, 3.43941, 2.78686, 3.09598, 3.15718, 2.15724, 0.693522, 4.07238, 8.81276, 13.9165, 21.8061, 36.0621)
(5.69703, 7.4853, 13.4328, 20.5983, 22.1991, 12.2272, 3.81335, 2.0317, 1.92932, 3.79265, 6.79332, 7.35263, 8.85173, 8.16139, 9.54653, 10.5373, 10.3558, 10.425, 9.71468, 9.27573, 8.77121, 7.00791, 2.45668, 1.85863, 1.98651, 1.74995, 1.2841, 0.492465, 3.3306, 8.44239, 15.2368, 25.2063, 37.9555)
(5.93169, 7.54201, 12.7594, 17.3579, 21.309, 14.2214, 6.4485, 3.16945, 1.92679, 2.74244, 6.59143, 7.23379, 8.19224, 8.62268, 10.4065, 10.5598, 10.6175, 9.57331, 9.92801, 9.43214, 7.82769, 7.60632, 3.81528, 3.64805, 4.47495, 3.66003, 2.25955, 0.626919, 3.22719, 8.15926, 13.2865, 23.144, 33.6983)
(7.90583, 8.86739, 13.0035, 14.9173, 16.1163, 13.4788, 6.47596, 3.15948, 2.70244, 4.34676, 9.02611, 9.51827, 9.42499, 8.41085, 8.51506, 8.25854, 8.61567, 8.73639, 9.11306, 9.15406, 9.91611, 10.337, 4.78164, 4.08421, 4.58164, 4.56775, 3.03191, 1.03869, 4.57057, 9.31215, 14.7075, 20.3891, 28.9348)
(8.17081, 8.51112, 12.6863, 15.4926, 16.7296, 13.5248, 6.24089, 3.06897, 2.67503, 4.28378, 8.61609, 9.16142, 8.96412, 8.39672, 8.61511, 8.93262, 8.77003, 8.65442, 8.83681, 9.08823, 9.99332, 10.5872, 4.23592, 3.63204, 4.33078, 4.31416, 2.93045, 0.98493, 4.99933, 9.77505, 14.9912, 20.7662, 29.04)
(3.92933, 6.48522, 13.4809, 23.4781, 26.5927, 11.9261, 4.03011, 2.02892, 1.3545, 2.43817, 4.25598, 6.16797, 7.50266, 8.84038, 10.3017, 11.0039, 11.1213, 12.0617, 10.7079, 9.39893, 7.42448, 5.46902, 2.44319, 2.16521, 2.32242, 1.97365, 1.45207, 0.366139, 3.14087, 8.35098, 16.8354, 27.0906, 33.8595)
(5.19086, 7.05525, 13.1988, 20.4065, 23.1133, 13.4854, 4.85512, 2.42303, 1.95671, 3.2323, 5.08275, 8.74823, 8.92616, 8.06103, 9.08357, 10.0909, 9.59509, 9.91829, 10.0345, 9.4756, 9.28976, 6.77685, 2.75397, 2.37899, 2.44842, 2.15254, 1.34263, 0.456973, 3.25671, 7.66428, 15.7862, 26.0646, 35.6946)
(8.1164, 8.59709, 12.7607, 15.7308, 16.5276, 12.9442, 5.87031, 3.54509, 2.93749, 4.48224, 8.48804, 9.49972, 9.23508, 8.59949, 8.53503, 8.8712, 8.54438, 8.8769, 9.07955, 9.36406, 9.60492, 9.78967, 4.87794, 4.37294, 4.45338, 3.76043, 2.44629, 0.857568, 3.84745, 8.17986, 14.258, 21.8528, 31.0934)
(8.1164, 8.59709, 12.7607, 15.7308, 16.5276, 12.9442, 5.87031, 3.54509, 2.93749, 4.48224, 8.48804, 9.49972, 9.23508, 8.59949, 8.53503, 8.8712, 8.54438, 8.8769, 9.07955, 9.36406, 9.60492, 9.78967, 4.87794, 4.37294, 4.45338, 3.76043, 2.44629, 0.857568, 3.84745, 8.17986, 14.258, 21.8528, 31.0934)
(6.38684, 8.06803, 13.8121, 17.1817, 18.2327, 13.7888, 6.12143, 3.56757, 2.41331, 3.40837, 7.01923, 8.29064, 8.60215, 8.40981, 9.7438, 9.95233, 10.0975, 9.0148, 9.83908, 9.2597, 8.25473, 8.53549, 3.89913, 4.12394, 4.71114, 3.94292, 2.38077, 0.702646, 3.45901, 7.77657, 13.5863, 22.5401, 32.8775)
(7.72629, 8.74638, 13.2646, 15.8106, 15.77, 12.8442, 6.60866, 3.37285, 2.93311, 4.504, 8.4193, 9.5514, 9.34491, 8.53744, 9.09464, 8.80658, 9.14539, 9.07558, 8.63689, 8.68758, 9.24819, 9.87141, 5.46232, 4.54721, 4.89277, 4.32249, 2.77389, 0.856615, 4.08913, 8.46868, 13.5953, 20.6645, 30.3272)
(5.24361, 7.7912, 13.8804, 21.3846, 21.1887, 12.2943, 4.49978, 3.03433, 2.03208, 3.05666, 5.59433, 7.95, 8.42995, 8.62373, 9.95585, 10.046, 10.5399, 9.92389, 9.63957, 9.50058, 8.11517, 7.27545, 3.2471, 3.07395, 3.18432, 2.60593, 1.73311, 0.488152, 3.0523, 7.76855, 15.1441, 25.0991, 34.6035)
(3.14432, 5.95073, 13.8653, 24.6614, 25.801, 12.868, 4.14709, 2.70947, 1.52501, 2.17089, 3.15678, 6.83769, 7.73728, 8.66267, 11.2444, 11.1912, 11.7379, 10.3526, 9.02433, 8.94191, 7.28805, 6.98191, 2.24406, 2.69505, 2.85177, 2.4247, 1.43697, 0.389965, 3.23885, 8.16731, 17.3249, 26.7452, 32.4812)
(3.9821, 6.58598, 12.9402, 21.7486, 24.9973, 13.396, 4.7977, 3.01719, 1.65843, 2.69073, 4.18572, 7.03406, 7.75027, 9.13218, 9.87944, 10.5997, 10.4793, 10.7399, 10.4894, 9.83924, 7.76647, 6.29011, 3.00513, 3.21833, 3.09412, 2.49515, 1.44373, 0.460614, 3.32196, 8.61464, 16.6884, 26.1177, 31.5402)
(5.89007, 6.4934, 10.9825, 16.3416, 19.4812, 16.4978, 7.22801, 4.53078, 3.16171, 3.62784, 5.76512, 9.63145, 9.3836, 8.65827, 8.86154, 9.76651, 9.12667, 9.16681, 8.86057, 8.73778, 8.78705, 9.01974, 5.65713, 4.92798, 4.80759, 4.06608, 2.44251, 0.839906, 4.00698, 8.94377, 14.4028, 20.9841, 28.9211)
(4.39074, 7.12709, 15.5933, 21.8002, 23.137, 12.9529, 3.72173, 2.21445, 1.91525, 2.56821, 4.57915, 8.617, 9.4605, 8.17856, 9.70302, 10.117, 10.0798, 9.67666, 9.83248, 9.81703, 8.49557, 6.02236, 2.06945, 2.02183, 2.31523, 2.09728, 1.34777, 0.358509, 3.46724, 8.88519, 16.6545, 26.3016, 34.4814)
(8.33835, 8.29255, 11.3674, 13.2734, 14.2572, 14.2378, 7.77883, 4.47601, 3.59775, 5.11411, 9.26667, 10.5968, 9.6532, 8.76203, 8.67494, 8.09173, 8.06998, 8.36215, 8.30951, 8.79084, 9.57405, 11.1148, 6.3022, 5.62072, 6.21725, 5.25856, 3.33404, 0.971989, 4.2453, 8.66374, 13.8114, 19.3949, 26.1798)
(7.7744, 8.54651, 12.2709, 15.0317, 17.7532, 14.9626, 5.93695, 3.06281, 2.38093, 3.87394, 8.40596, 8.25545, 8.97496, 8.36805, 8.89057, 10.1361, 10.1234, 9.99466, 10.1691, 8.86252, 8.32998, 7.8952, 3.88635, 3.63986, 4.02857, 3.50678, 2.40856, 0.76003, 4.12107, 8.10446, 14.0255, 21.0932, 34.4256)
(7.4054, 7.92708, 12.206, 14.8781, 15.1386, 14.5709, 7.91551, 3.80666, 3.089, 4.74125, 8.32146, 10.1578, 9.20182, 8.622, 8.83543, 8.60602, 8.94846, 9.0787, 8.81823, 8.58713, 9.15682, 9.98756, 5.69945, 5.06903, 5.69743, 4.97531, 3.54679, 0.975619, 4.46096, 8.71416, 13.8708, 20.0702, 26.9202)
(5.12786, 5.89609, 10.8741, 16.0409, 19.4371, 17.7985, 7.81635, 4.50458, 3.5741, 4.01036, 4.92011, 10.3751, 9.71185, 8.50828, 8.52562, 8.96027, 8.37151, 8.84781, 8.77065, 9.41996, 8.9687, 9.5403, 6.92321, 5.39884, 4.45573, 3.36123, 2.20228, 0.714193, 3.33225, 7.92244, 14.0709, 21.2658, 30.3531)
(4.72386, 5.363, 9.55836, 15.6727, 21.9232, 18.4328, 7.88616, 4.63276, 3.38665, 3.66452, 4.75596, 9.64687, 9.2695, 8.61468, 8.53516, 10.0365, 9.44567, 9.33083, 8.81718, 9.02205, 8.5177, 8.7639, 6.97306, 5.48978, 4.86965, 3.58558, 2.27516, 0.685312, 3.67674, 8.88963, 14.4331, 20.2695, 28.8525)
(5.56379, 6.75028, 13.1996, 19.742, 20.9383, 14.558, 4.5149, 3.1354, 2.33381, 3.08403, 6.17983, 8.44874, 9.06283, 7.78302, 8.95276, 9.86584, 10.1984, 10.1492, 9.82537, 9.60844, 8.60045, 7.50499, 3.32387, 3.26416, 3.41663, 2.57363, 1.67592, 0.48523, 3.46122, 8.1567, 15.6815, 23.544, 34.4172)
(8.43733, 8.09946, 10.956, 12.2799, 13.3031, 14.2105, 7.99664, 5.00198, 4.35467, 5.77932, 9.581, 10.8437, 9.72024, 8.77839, 8.7572, 7.86353, 7.81257, 8.16528, 8.20827, 8.71112, 9.61997, 11.5197, 7.53491, 6.71799, 6.68849, 5.13966, 3.37226, 0.910209, 4.09129, 8.26499, 13.0555, 18.6862, 25.5386)
(8.51743, 7.97999, 10.9654, 11.9207, 13.5059, 14.9526, 7.86636, 4.61243, 4.17754, 5.79481, 9.70696, 11.0607, 9.66395, 8.53235, 8.28567, 7.96468, 8.02915, 8.24687, 8.35454, 8.71803, 9.64276, 11.5013, 7.36703, 6.4656, 6.44829, 5.14819, 3.43856, 1.02572, 4.42804, 8.57304, 13.3862, 18.6028, 25.1165)
(8.23766, 8.22442, 10.7004, 11.9788, 14.3689, 15.6524, 8.13351, 4.34823, 3.54264, 5.27848, 9.53449, 10.3585, 9.47636, 8.41821, 8.5222, 8.34111, 8.69519, 8.91648, 9.20839, 8.65452, 8.80053, 10.6085, 5.93924, 5.608, 6.21705, 5.22165, 3.54327, 1.08824, 4.68359, 8.98616, 13.8633, 18.502, 26.3475)
(5.38177, 6.56381, 12.2407, 17.2437, 18.4494, 15.8651, 7.47019, 4.34507, 3.27228, 3.88227, 5.28574, 10.717, 10.046, 8.25115, 9.02242, 8.58838, 8.05804, 8.40833, 8.76544, 9.34186, 9.1689, 9.63249, 5.33644, 5.03136, 4.82588, 3.62031, 2.39183, 0.594994, 3.70181, 7.86905, 14.51, 22.0726, 30.0457)
(6.91963, 6.61693, 9.89319, 14.2968, 17.3826, 15.9413, 7.61366, 5.14608, 3.6348, 4.43719, 8.1178, 10.0838, 9.47336, 8.80536, 8.65907, 8.82686, 8.74154, 8.61119, 8.86048, 8.84942, 9.20566, 9.88321, 6.87036, 5.98635, 5.31355, 4.13298, 2.64971, 0.813523, 3.8417, 8.13258, 13.1645, 19.6534, 29.4413)
(4.7585, 6.25059, 12.5747, 21.2651, 23.1416, 13.6994, 4.67855, 3.39341, 2.314, 2.95671, 4.96757, 8.44611, 8.61891, 7.12363, 9.20007, 10.0487, 10.2124, 10.8965, 9.80891, 9.33239, 8.60511, 7.70737, 3.63022, 3.61888, 3.61809, 2.68473, 1.55384, 0.394907, 3.252, 7.69183, 16.104, 24.2719, 33.1796)
(7.03896, 6.42947, 10.2238, 13.5663, 16.1512, 15.8162, 8.19504, 4.9395, 4.77228, 5.37594, 7.49137, 10.7045, 9.3259, 8.86424, 8.38619, 8.46523, 8.6869, 8.58087, 8.3041, 9.30728, 8.94731, 10.4274, 9.17373, 7.51228, 6.21244, 4.81632, 2.89855, 0.778703, 3.92971, 7.60944, 12.5614, 18.6769, 25.8305)
(6.00626, 6.15616, 9.44841, 13.9109, 17.191, 17.0807, 8.54574, 5.37802, 4.96763, 5.45353, 5.8617, 11.5802, 9.00446, 9.12712, 8.08595, 8.49087, 8.21061, 8.37143, 8.82394, 9.3861, 8.87145, 10.0479, 9.85069, 7.9888, 6.32533, 4.88376, 2.98845, 0.770216, 3.76712, 7.74908, 13.2802, 18.824, 23.5723)
(5.01612, 6.09499, 9.7583, 14.6248, 17.3842, 18.0456, 9.52095, 5.72686, 4.43469, 4.67953, 4.71396, 11.4239, 10.0971, 7.96969, 8.40662, 8.53848, 7.68447, 7.91842, 7.865, 9.18058, 9.49867, 11.4171, 8.29894, 7.66511, 5.85095, 4.56538, 2.88441, 0.838271, 3.83657, 8.12282, 13.5861, 18.9798, 25.3716)
(5.74044, 5.65851, 9.03033, 13.9954, 18.6199, 18.2792, 8.89452, 5.87681, 4.26501, 4.2775, 5.36247, 10.6333, 9.46247, 8.70376, 8.63334, 9.08109, 8.54211, 8.78614, 8.461, 8.48849, 8.76573, 10.4425, 10.1278, 7.81469, 6.00602, 4.30307, 2.69057, 0.799673, 3.80094, 8.20236, 13.4191, 18.3401, 24.4957)
(8.00511, 6.9518, 8.67506, 11.2927, 14.2733, 16.3685, 8.75865, 6.32904, 4.70518, 5.47737, 9.16335, 10.6781, 9.78129, 8.69466, 8.60596, 8.35523, 8.24813, 7.98787, 8.01518, 8.57384, 9.63699, 11.4227, 9.05792, 8.29575, 7.4685, 5.85841, 3.57528, 1.07093, 4.18347, 8.47038, 12.383, 16.8862, 22.7502)
(8.65097, 7.23601, 8.90267, 10.7173, 12.8411, 15.3592, 8.65828, 5.89178, 4.64846, 6.34929, 10.745, 11.3109, 9.77564, 8.89315, 8.26398, 7.88728, 8.06999, 8.00966, 8.23087, 8.51133, 9.59465, 11.4525, 8.26211, 7.84553, 7.51783, 5.61779, 3.63274, 1.04529, 4.12078, 8.54919, 12.9221, 17.6566, 22.83)
(8.68707, 6.83266, 8.55862, 9.62542, 12.0809, 15.4307, 9.17752, 6.51664, 5.70724, 7.00013, 10.383, 11.801, 9.84856, 8.98644, 8.25631, 7.50753, 7.68679, 7.8366, 7.82252, 8.60718, 9.62649, 12.0206, 9.8072, 8.93042, 8.23642, 6.29952, 3.8256, 1.04199, 4.24255, 8.1018, 12.1869, 16.4533, 20.8743)
(9.12258, 6.91812, 9.3188, 12.1406, 13.7284, 14.8348, 8.41256, 5.56928, 4.6085, 5.78463, 9.56181, 10.8844, 9.4549, 9.0508, 8.52599, 8.34105, 7.9995, 8.28086, 8.15773, 9.17484, 9.27505, 10.8549, 10.1317, 8.39611, 7.14239, 5.35237, 3.18106, 0.813004, 3.86127, 7.39408, 11.9821, 17.6843, 24.0617)
(8.94864, 7.03904, 9.59256, 12.7869, 14.4608, 14.5143, 8.29323, 5.50658, 4.52535, 5.60051, 8.73212, 11.3885, 9.26086, 8.92796, 8.42833, 8.27221, 8.03451, 8.27237, 8.32216, 9.20995, 9.08783, 10.7954, 9.58515, 7.90649, 7.12329, 5.25358, 2.88764, 0.732826, 3.73317, 7.56303, 12.5035, 18.6315, 24.0798)
(8.40791, 6.14682, 8.67071, 11.6791, 14.8372, 16.2727, 8.61467, 5.4235, 5.42359, 6.13071, 8.39298, 11.6038, 9.0709, 8.65368, 8.39161, 8.23701, 8.23742, 8.71555, 8.21612, 8.94128, 8.90527, 11.0273, 10.9295, 8.77246, 7.54534, 5.83899, 3.56558, 0.955807, 4.23664, 7.72382, 12.1829, 16.5976, 21.6514)
(8.24624, 7.30045, 9.02992, 11.7973, 14.3179, 15.7578, 8.88198, 6.0701, 5.16084, 6.14715, 7.29029, 12.078, 9.53419, 9.25738, 8.06262, 7.84331, 7.75345, 8.01801, 8.17536, 9.47071, 9.05002, 10.757, 11.2472, 9.66817, 7.82662, 5.90361, 3.24121, 0.7482, 3.71808, 7.57792, 12.4233, 17.0292, 20.6164)
(6.00655, 9.12978, 16.6853, 21.707, 24.1173, 7.35662, 1.55435, 0.673336, 0.74023, 3.24049, 8.78907, 6.57344, 7.92972, 9.27915, 8.48764, 9.25628, 12.1083, 10.4441, 8.54854, 9.54621, 10.1146, 7.712, 0.396378, 0.229771, 0.0674883, 0.0334816, 0.11342, 0.277742, 4.13884, 7.79206, 19.4684, 29.3366, 38.1458)
(8.58763, 8.05107, 11.4021, 14.5174, 14.9143, 14.1287, 7.16593, 3.5757, 3.31008, 4.98241, 9.36462, 9.67903, 8.62113, 8.85923, 9.52152, 9.50308, 9.15082, 8.7026, 8.6684, 8.67522, 8.70067, 9.91832, 6.13179, 5.23262, 5.32249, 4.493, 2.71601, 0.902225, 3.83142, 8.541, 14.3517, 20.5182, 27.9596)
(9.11843, 7.71335, 9.954, 11.5636, 12.9056, 14.2718, 8.71612, 6.07466, 5.12183, 5.71568, 8.84499, 11.361, 9.55599, 8.59388, 9.2012, 8.27781, 7.81324, 7.68531, 7.32654, 8.07061, 9.67182, 12.4426, 12.2351, 9.12453, 7.91507, 5.81448, 3.27996, 0.957864, 3.64228, 7.38292, 11.7263, 16.1126, 21.8089)
(7.11881, 7.06657, 11.1635, 16.5654, 16.5693, 13.9946, 7.05737, 4.6647, 3.25589, 4.36329, 8.1807, 11.2138, 8.98409, 7.98487, 8.80055, 8.44691, 8.49751, 8.73703, 8.31723, 8.70378, 9.42295, 10.8913, 4.98306, 5.32666, 5.6571, 4.30955, 2.94446, 0.710799, 4.27548, 8.85112, 14.7104, 21.5636, 26.6677)
(9.52812, 8.19926, 10.8894, 13.2249, 13.1804, 12.4835, 7.3603, 4.99715, 4.26395, 5.73898, 10.1339, 10.8476, 8.81225, 8.61716, 9.07764, 8.75942, 8.34472, 8.70328, 8.42144, 8.86079, 9.03205, 10.5236, 7.63145, 6.82633, 6.44825, 4.82893, 2.75332, 0.759276, 3.20139, 7.29687, 12.5392, 19.3968, 28.3182)
(8.97976, 8.5822, 11.3428, 15.4928, 14.7299, 12.3209, 6.51668, 4.55479, 3.42388, 4.90501, 9.15129, 10.2638, 8.23734, 8.01455, 9.19292, 9.74965, 8.89005, 9.36357, 9.36287, 9.24058, 8.41197, 9.27276, 6.12808, 5.97054, 5.8955, 4.583, 2.54229, 0.741268, 3.05888, 7.59238, 13.6189, 21.1041, 28.7651)
(9.54056, 6.1102, 7.87477, 9.25229, 13.1015, 14.7628, 7.59263, 5.89999, 6.00306, 7.75729, 12.105, 13.0979, 9.41173, 8.4949, 7.52041, 7.44845, 7.15876, 7.44616, 7.51269, 8.5097, 9.92288, 13.4764, 9.33254, 8.7918, 8.06135, 7.17113, 4.0915, 1.30054, 5.99254, 10.2888, 13.315, 15.0495, 16.6053)
(11.7045, 8.72894, 10.3377, 10.5852, 15.2484, 13.2771, 3.62115, 2.96988, 2.98821, 4.26501, 16.2738, 10.2256, 10.1544, 9.71846, 8.51138, 8.06237, 6.86195, 7.57502, 7.94292, 8.26191, 11.1689, 11.5172, 6.19508, 4.21709, 3.50925, 3.79806, 3.25222, 1.34734, 7.51307, 14.3433, 16.3833, 18.7632, 20.6782)
(11.1571, 9.05526, 11.1156, 14.253, 18.9664, 13.5445, 1.63158, 0.690111, 1.0332, 2.45612, 16.0971, 9.38775, 9.98007, 9.99319, 8.68686, 8.75946, 7.26738, 7.42635, 9.02546, 8.58016, 10.1986, 10.6947, 1.63371, 0.773744, 0.798849, 0.930688, 1.43036, 0.918905, 7.60008, 13.6902, 19.5029, 23.2112, 29.5094)
(11.1571, 9.05526, 11.1156, 14.253, 18.9664, 13.5445, 1.63158, 0.690111, 1.0332, 2.45612, 16.0971, 9.38775, 9.98007, 9.99319, 8.68686, 8.75946, 7.26738, 7.42635, 9.02546, 8.58016, 10.1986, 10.6947, 1.63371, 0.773744, 0.798849, 0.930688, 1.43036, 0.918905, 7.60008, 13.6902, 19.5029, 23.2112, 29.5094)
(7.45336, 8.37823, 11.5396, 17.9237, 17.8625, 13.9165, 6.2998, 3.75221, 2.47756, 3.78166, 6.61489, 9.07549, 7.65662, 7.75383, 8.97465, 10.5124, 10.0848, 10.5949, 10.0303, 9.3312, 8.0951, 7.89075, 4.64157, 4.82314, 5.60137, 3.93619, 2.44129, 0.688859, 3.44577, 9.15785, 15.0882, 22.4672, 27.7085)
(11.2276, 7.86869, 9.8203, 11.6879, 11.9845, 12.4323, 7.72943, 5.68078, 4.85963, 6.16066, 10.548, 10.4568, 9.10846, 8.79297, 9.11805, 8.62613, 8.14509, 8.4895, 8.49777, 8.95408, 9.01114, 10.8, 10.8895, 8.65913, 7.65666, 5.51201, 3.04508, 0.745912, 3.30957, 6.78294, 11.6356, 17.0867, 24.6769)
(11.2276, 7.86869, 9.8203, 11.6879, 11.9845, 12.4323, 7.72943, 5.68078, 4.85963, 6.16066, 10.548, 10.4568, 9.10846, 8.79297, 9.11805, 8.62613, 8.14509, 8.4895, 8.49777, 8.95408, 9.01114, 10.8, 10.8895, 8.65913, 7.65666, 5.51201, 3.04508, 0.745912, 3.30957, 6.78294, 11.6356, 17.0867, 24.6769)
(8.75894, 7.47535, 7.56422, 9.66349, 12.8717, 15.3136, 8.46385, 5.65652, 4.74256, 7.85912, 11.6306, 11.5646, 9.24067, 8.58158, 8.00517, 8.21291, 8.19753, 8.67492, 8.68952, 8.35903, 9.28321, 11.1908, 6.13945, 7.28207, 7.54566, 6.27708, 3.71771, 0.971044, 4.7854, 9.57372, 14.0967, 17.3138, 22.2973)
(9.32482, 6.28754, 7.83873, 8.79339, 12.0558, 14.7173, 8.21903, 6.4399, 6.7891, 7.89058, 11.6439, 13.1766, 9.68781, 8.08646, 7.70774, 7.46223, 7.17327, 7.68539, 7.56484, 8.25742, 9.71692, 13.4814, 9.72238, 9.38635, 8.95792, 7.27503, 4.1294, 1.20507, 5.12349, 9.40228, 12.7677, 15.1151, 16.9153)
(11.2608, 10.3917, 12.05, 16.0362, 18.2972, 13.3926, 0.982301, 0.536404, 0.653881, 2.1606, 14.2383, 8.93105, 10.7716, 10.0795, 9.77971, 8.84906, 7.09926, 7.92654, 9.15032, 9.08903, 9.58472, 8.73922, 1.19652, 0.416402, 0.657657, 0.533055, 0.824404, 1.02195, 8.46313, 13.1676, 18.164, 24.5296, 31.0256)
(10.1796, 8.18838, 11.4892, 15.2454, 20.922, 14.3663, 1.37163, 0.648044, 0.907412, 2.20502, 14.477, 8.21135, 9.86029, 9.85223, 8.33326, 9.79593, 8.14341, 7.70821, 9.49735, 8.23753, 10.3444, 10.016, 1.47316, 0.666417, 0.799445, 0.855545, 1.22834, 1.02561, 8.30875, 14.1527, 20.0339, 22.4988, 28.9574)
(6.64757, 7.30998, 9.29675, 12.2781, 14.188, 14.9594, 9.87117, 6.78173, 5.99325, 6.58891, 6.08511, 11.582, 9.63185, 9.35038, 8.04497, 7.8724, 7.56749, 7.42472, 7.96519, 8.80638, 9.22252, 12.5321, 12.197, 9.97319, 7.79475, 5.26319, 2.45408, 0.825227, 3.11995, 6.78591, 12.2485, 15.9029, 23.4352)
(9.13349, 7.19339, 7.5479, 9.11309, 11.1348, 14.9179, 10.7329, 7.15957, 6.62413, 7.81198, 8.63094, 12.6067, 10.0692, 8.38087, 7.88829, 7.36286, 7.36869, 7.4739, 7.84493, 8.78533, 9.86617, 12.3531, 19.9319, 13.4968, 8.75197, 5.57546, 3.19793, 0.838177, 3.60161, 6.32763, 9.38518, 11.8807, 17.0126)
(10.3462, 8.45416, 10.259, 12.5768, 12.7061, 13.1745, 7.01553, 4.54756, 4.48508, 5.9065, 10.5285, 10.3255, 9.33087, 8.7991, 8.872, 8.47604, 7.83896, 8.21002, 8.39952, 9.01702, 9.64146, 11.0894, 8.65516, 7.01713, 6.42291, 4.87137, 2.72696, 0.707265, 3.40403, 7.38474, 12.7533, 19.426, 26.6311)
(10.0213, 7.69923, 7.3996, 9.13275, 12.4041, 15.2183, 8.90106, 6.92075, 4.68482, 6.26631, 11.3519, 10.3545, 9.57705, 9.04941, 8.94341, 8.23569, 8.48851, 8.21344, 7.88489, 8.34696, 9.39058, 11.5155, 9.89271, 9.28447, 8.13273, 6.16191, 3.4409, 0.956274, 3.88734, 8.01142, 11.9092, 15.9178, 22.4052)
(10.3222, 7.44991, 6.59111, 7.60149, 10.9393, 15.289, 9.30769, 6.38921, 5.42688, 7.81089, 12.8724, 12.1917, 9.72808, 9.01503, 8.27515, 7.73566, 7.61921, 7.63853, 7.74667, 8.49627, 9.64491, 11.9088, 8.73797, 8.9421, 8.93503, 7.12239, 3.94494, 1.07227, 4.40337, 8.58745, 12.5659, 16.0743, 19.6144)
(11.3008, 8.0348, 10.1732, 11.8439, 12.0489, 11.7942, 6.83787, 5.47613, 5.60524, 6.63251, 10.2525, 10.6136, 8.89636, 8.60271, 8.81606, 8.72092, 8.74443, 8.98695, 8.57203, 9.0173, 8.8192, 10.2104, 12.9385, 9.6785, 7.92198, 5.79138, 2.86295, 0.915379, 3.74399, 7.20607, 11.4016, 16.2263, 21.3133)
(9.17614, 10.3395, 14.2459, 17.534, 17.1144, 10.8774, 3.96868, 3.59345, 3.40668, 3.97756, 5.76636, 7.36227, 7.52188, 8.4415, 9.57178, 11.1921, 12.0235, 11.4782, 9.89315, 8.94686, 6.93035, 6.63844, 8.77243, 6.72811, 5.42952, 3.77773, 1.6119, 0.596196, 3.24376, 7.73647, 13.5248, 20.0634, 28.5157)
(11.3438, 9.5438, 11.3397, 13.191, 17.9211, 15.1542, 1.65591, 1.08607, 1.14491, 2.25754, 15.362, 9.79381, 11.244, 10.1406, 8.62004, 9.02664, 6.87811, 7.35906, 8.36304, 8.76785, 9.73657, 10.0703, 2.65173, 1.37502, 1.27612, 1.51802, 1.67592, 1.49156, 9.33685, 14.7569, 18.1414, 22.5862, 25.1902)
(7.36798, 6.92268, 9.43898, 11.8165, 13.7722, 14.2274, 9.2755, 6.63277, 6.66987, 6.64171, 7.23444, 11.2934, 9.7591, 8.89717, 8.22729, 7.44952, 7.94105, 7.64715, 7.95822, 9.13917, 9.33942, 12.3485, 12.4479, 10.4629, 7.48047, 5.47792, 2.52887, 0.887415, 3.20892, 6.62739, 12.178, 15.783, 22.9172)
(9.0602, 6.93886, 7.41422, 9.06208, 11.5212, 16.1022, 10.7008, 6.93726, 6.24003, 6.66257, 9.36061, 13.0376, 9.52929, 8.65291, 7.74365, 7.5479, 7.48249, 7.8351, 7.48526, 8.20707, 10.0356, 12.4431, 15.9966, 11.8255, 8.51299, 6.05816, 3.4227, 0.936466, 3.87535, 7.00832, 10.4603, 13.4095, 18.4941)
(7.73861, 7.5168, 11.5405, 16.9588, 16.4749, 12.5627, 6.54766, 4.4826, 3.37997, 4.23054, 8.5669, 9.4954, 8.45327, 8.78302, 9.19801, 9.01863, 9.11651, 10.1111, 8.6625, 9.18862, 8.21883, 9.75413, 4.81961, 5.49674, 5.53126, 4.46709, 2.56987, 0.71236, 3.60979, 8.38883, 15.1392, 22.006, 27.2593)
(8.46555, 7.49499, 10.2091, 14.194, 14.8335, 12.9933, 7.26548, 5.89857, 4.39885, 4.9961, 9.25065, 9.70131, 8.93806, 9.30227, 9.20093, 8.74986, 8.53249, 8.79707, 8.16495, 8.83351, 9.03248, 10.747, 7.58157, 7.68871, 6.83168, 4.98493, 2.75682, 0.802955, 3.58, 7.87836, 13.6262, 19.2981, 24.9706)
(10.0542, 6.93527, 6.83078, 8.74982, 11.361, 14.8725, 10.3718, 7.93019, 6.70822, 6.44621, 9.73995, 12.6765, 9.56841, 8.83272, 8.11875, 7.46026, 7.31905, 7.36817, 7.34688, 8.32689, 10.0494, 12.933, 15.6594, 12.3352, 9.35363, 6.44183, 3.47793, 0.873977, 3.3763, 6.59469, 10.0562, 13.4832, 18.3477)
(8.59072, 7.5128, 10.0265, 13.6146, 16.2975, 16.8551, 6.59936, 3.21837, 3.08575, 4.91185, 9.28738, 9.54914, 9.85086, 8.84927, 9.38924, 8.74521, 8.07945, 8.39349, 8.3383, 8.84814, 9.4954, 10.4615, 4.90797, 4.84409, 4.9499, 4.47875, 3.19947, 0.938838, 4.97334, 9.86369, 15.8105, 21.3083, 24.7251)
(8.19558, 8.14081, 11.6944, 17.1349, 16.8903, 12.3779, 5.80423, 3.8744, 2.84305, 4.00221, 9.04216, 8.96037, 8.25935, 8.59294, 9.43692, 9.26269, 9.85478, 10.3703, 8.72167, 9.38799, 8.14021, 9.01276, 4.04868, 4.77088, 5.01255, 3.88278, 2.39159, 0.695461, 3.53651, 8.78263, 15.6081, 22.4504, 28.8204)
(9.57318, 7.62798, 8.75584, 11.1634, 13.745, 14.0086, 7.76587, 6.45955, 4.34213, 5.74685, 10.8115, 9.71442, 9.23695, 9.27526, 9.18571, 8.66236, 8.64859, 8.43169, 7.9299, 8.56539, 9.24671, 11.103, 8.33863, 8.28454, 7.51763, 5.42984, 3.09902, 0.843262, 3.7197, 7.79724, 12.598, 17.4433, 24.9288)
(9.57318, 7.62798, 8.75584, 11.1634, 13.745, 14.0086, 7.76587, 6.45955, 4.34213, 5.74685, 10.8115, 9.71442, 9.23695, 9.27526, 9.18571, 8.66236, 8.64859, 8.43169, 7.9299, 8.56539, 9.24671, 11.103, 8.33863, 8.28454, 7.51763, 5.42984, 3.09902, 0.843262, 3.7197, 7.79724, 12.598, 17.4433, 24.9288)
(10.9911, 7.95468, 8.59311, 10.032, 11.4785, 13.662, 8.46362, 6.04237, 5.71951, 6.30169, 10.7614, 11.8965, 9.61864, 8.80873, 8.39272, 7.70238, 7.1426, 7.49952, 7.68546, 8.69206, 10.0727, 12.4886, 12.612, 9.52031, 8.07656, 5.87979, 3.15555, 0.87227, 3.54233, 7.24093, 11.7528, 15.866, 21.4815)
(9.31885, 8.22056, 10.1886, 14.3196, 15.205, 13.2184, 5.9527, 4.32039, 3.13827, 5.29804, 10.8196, 9.26562, 8.51151, 9.12803, 9.22627, 9.12068, 9.20801, 9.5274, 8.648, 9.18715, 8.68806, 9.48928, 4.96679, 5.39056, 5.51826, 4.10955, 2.71445, 0.739364, 3.66418, 8.44914, 14.498, 21.1754, 28.7743)
(7.96442, 7.09018, 11.5198, 17.2142, 16.2619, 12.5964, 7.25327, 5.36112, 4.00836, 4.56166, 6.16862, 9.21979, 8.38075, 7.95933, 9.33399, 9.97512, 10.2979, 10.0807, 9.35518, 8.33386, 7.5825, 9.48084, 7.74677, 7.68424, 7.56826, 5.55673, 2.79229, 0.772787, 3.6768, 7.70776, 13.8116, 19.1917, 23.491)
(10.7108, 9.1455, 13.0129, 14.896, 13.0873, 9.88931, 5.29022, 4.54684, 4.92208, 5.62302, 8.87607, 8.97899, 8.10814, 8.50981, 9.1287, 9.6737, 10.0606, 9.99044, 9.72175, 9.04946, 8.13419, 8.64424, 11.7855, 8.52453, 6.90471, 4.86696, 2.2447, 0.708468, 3.12748, 6.52968, 11.4828, 18.0351, 25.79)
(9.02923, 10.7948, 15.4614, 16.8401, 14.6833, 10.2178, 3.96601, 3.35324, 3.84391, 4.5045, 7.30572, 8.00311, 7.64537, 8.42758, 9.99111, 10.1264, 10.5971, 10.564, 10.2662, 9.26276, 7.70882, 7.40764, 7.73593, 6.12326, 5.13155, 3.78195, 1.92639, 0.751567, 3.29417, 7.34083, 12.8211, 20.5655, 30.5278)
(10.2685, 7.14914, 9.18942, 10.5426, 14.8088, 16.8979, 5.54228, 3.50446, 4.01066, 5.13194, 12.9543, 11.4989, 11.5379, 8.67948, 8.67339, 7.38603, 7.11245, 7.07062, 7.88848, 7.92082, 10.5796, 11.6523, 7.57707, 5.84548, 5.03826, 4.82961, 3.5882, 1.83227, 8.63803, 13.428, 15.5361, 16.3812, 17.3057)
(6.70209, 7.41291, 9.17403, 12.2058, 14.2903, 16.2292, 8.49537, 6.22279, 5.28914, 6.65613, 7.3222, 12.4685, 10.0714, 8.64175, 7.32048, 7.42786, 7.35685, 9.34568, 7.89511, 8.65918, 8.47757, 12.3356, 9.28943, 7.48579, 6.54185, 4.61285, 2.46424, 0.694969, 3.71562, 7.23099, 12.7431, 17.3401, 27.8811)
(10.1166, 7.16226, 6.87045, 8.90516, 11.1122, 14.0013, 9.94535, 7.69949, 6.98493, 6.86507, 10.3372, 13.383, 9.9353, 8.65821, 7.87252, 7.30292, 6.98697, 7.19648, 7.18403, 8.16992, 10.0029, 13.3077, 14.2822, 11.735, 9.37152, 6.48562, 3.28306, 0.881918, 3.55485, 7.00507, 10.8232, 14.2983, 18.2793)
(7.98055, 7.32805, 9.9264, 13.8364, 16.0932, 17.5373, 7.19454, 3.85403, 3.2897, 4.77168, 8.18805, 9.14041, 9.54083, 8.66186, 9.64495, 8.79256, 8.3583, 8.46356, 8.73657, 8.80875, 9.54841, 10.3038, 5.41613, 5.62426, 5.50933, 4.7806, 3.36077, 1.0894, 4.94669, 9.83664, 15.6746, 20.4398, 23.3218)
(10.8941, 7.72905, 8.75868, 10.8745, 11.3225, 13.2024, 8.17038, 6.12354, 5.77966, 6.75088, 10.3944, 11.898, 9.59553, 8.61802, 8.14858, 7.71646, 7.43318, 7.74029, 7.83683, 8.61653, 9.83414, 12.5624, 11.9397, 9.77771, 8.60696, 6.10017, 3.26009, 0.827609, 3.62991, 7.366, 12.0358, 16.0632, 20.3928)
(9.38927, 9.95175, 13.1805, 13.9007, 13.1204, 11.4663, 5.9175, 4.32645, 4.17941, 5.52155, 9.04605, 9.62849, 8.31576, 8.44331, 9.27214, 9.39996, 9.32899, 9.29936, 9.18233, 9.23859, 8.72225, 9.16882, 8.03243, 7.11504, 6.57835, 5.21342, 2.77606, 0.836556, 3.66863, 7.67932, 12.3625, 18.751, 26.9867)
(5.36039, 8.48872, 16.7107, 24.148, 23.6342, 10.3347, 2.40341, 2.33216, 1.5777, 1.71218, 3.29775, 4.19456, 5.96791, 8.15746, 10.8117, 13.2769, 15.4274, 13.8036, 11.1754, 7.98587, 5.30493, 3.89416, 4.04033, 3.10632, 2.68262, 1.79792, 0.832891, 0.379485, 2.97799, 8.87216, 16.4972, 25.8481, 32.965)
(8.61766, 7.31071, 9.05622, 11.9122, 17.5886, 19.2383, 7.07085, 2.3201, 2.54388, 3.96948, 10.3721, 9.11026, 8.27403, 8.56414, 9.18616, 9.82317, 9.86881, 9.51547, 9.35251, 9.22908, 8.54125, 8.53512, 3.84541, 4.034, 4.4536, 4.66692, 3.40815, 1.0426, 4.86508, 9.94794, 16.2503, 20.6065, 26.8795)
(8.48212, 7.80259, 8.29422, 10.6401, 12.1032, 13.1491, 9.52701, 6.999, 7.19612, 6.89319, 8.91328, 11.7702, 9.92839, 8.39406, 8.04346, 7.08014, 7.77589, 7.75695, 8.19983, 8.92813, 9.89026, 12.2327, 11.9437, 11.2257, 8.53909, 6.03582, 2.93577, 0.852683, 3.36448, 6.88983, 11.1277, 15.135, 21.9502)
(7.92387, 7.16658, 10.1115, 14.5096, 15.3977, 12.7535, 7.52559, 5.68353, 5.102, 5.33383, 8.49234, 9.80973, 9.23124, 8.98296, 8.9362, 8.31676, 8.61042, 8.61099, 8.19368, 9.03362, 9.0462, 11.2282, 8.42939, 7.98082, 6.72653, 4.69587, 2.54219, 0.862847, 3.51547, 7.63042, 13.8656, 18.6894, 25.0615)
(9.75049, 8.30257, 7.9907, 9.3641, 12.2729, 15.2217, 9.23656, 5.17811, 4.13756, 6.44614, 12.0991, 10.7709, 9.27993, 8.91991, 8.98862, 8.5103, 8.15313, 8.16193, 8.05484, 8.23722, 9.47113, 11.4521, 6.01065, 6.86564, 7.40063, 6.34923, 3.95871, 0.977884, 4.44982, 9.10769, 13.4675, 17.8784, 23.5338)
(10.7906, 8.42038, 9.16136, 10.0022, 10.6214, 12.4898, 8.32608, 6.11401, 5.88167, 7.1503, 11.0422, 12.0269, 9.07914, 8.35108, 8.13269, 8.18313, 8.03374, 8.01154, 8.19899, 8.82002, 9.53603, 11.6267, 11.8627, 9.69893, 8.68487, 6.7259, 3.50686, 1.04628, 3.79933, 7.72407, 11.5094, 15.436, 20.0057)
(3.96168, 5.86304, 14.8366, 27.0183, 27.1968, 10.4448, 2.84292, 2.39992, 1.45436, 1.41192, 2.56971, 3.89134, 4.80979, 7.57672, 11.7303, 14.3761, 16.3006, 13.8849, 11.2388, 7.32693, 4.93707, 3.92735, 3.35999, 2.9075, 2.81176, 2.22959, 1.06636, 0.334154, 3.01722, 9.32034, 17.772, 26.5995, 30.5816)
(3.90299, 9.1277, 19.9895, 28.9541, 24.5958, 6.88073, 0.895737, 0.879168, 0.976139, 1.0858, 2.71233, 2.72467, 4.66319, 7.54612, 11.5224, 14.1856, 17.3259, 14.8733, 11.6555, 7.47683, 5.37789, 2.6486, 1.86868, 1.21945, 1.01411, 0.649549, 0.313819, 0.216076, 2.46983, 8.26317, 16.8759, 28.3759, 38.7335)
(7.46153, 8.17703, 8.57627, 10.8531, 13.0127, 14.311, 9.64785, 6.51429, 7.18872, 6.66019, 7.59738, 12.8593, 10.2575, 8.01487, 7.13686, 6.80839, 7.6713, 7.41422, 8.02419, 9.09504, 10.2263, 12.492, 10.4899, 10.3679, 7.91399, 6.12318, 3.04524, 0.647231, 3.70545, 6.62008, 11.7822, 15.8641, 23.4407)
(6.57878, 7.25965, 8.0282, 11.7197, 13.7853, 16.01, 10.3406, 6.01054, 6.60323, 6.16023, 7.50378, 13.3125, 9.70017, 8.21135, 7.42668, 6.90984, 7.8953, 7.66588, 8.37828, 9.11468, 9.4105, 11.9748, 10.3546, 9.77126, 7.6552, 5.47923, 3.39116, 0.653649, 3.49859, 7.0047, 12.1603, 16.7715, 23.2598)
(8.1652, 6.84741, 7.63501, 10.0097, 13.3969, 17.7821, 9.85549, 5.44054, 5.24202, 6.03698, 9.5887, 11.9657, 9.47199, 8.6305, 8.37247, 7.792, 7.93375, 8.24348, 7.97017, 8.57577, 9.90106, 11.1431, 9.21492, 8.51249, 7.44758, 5.89844, 3.36866, 0.865957, 4.08763, 8.11668, 12.7343, 16.763, 22.9904)
(8.84585, 7.86248, 9.80681, 11.6859, 15.8715, 16.2588, 7.27707, 2.98869, 3.30006, 4.85182, 11.251, 10.1776, 8.74681, 8.36312, 8.47349, 8.80312, 9.10915, 9.25334, 8.86468, 9.19718, 9.16508, 9.84638, 4.55636, 4.78605, 5.03114, 4.37256, 2.88395, 0.840016, 4.54708, 9.83629, 15.6245, 20.2903, 27.2318)
(8.84585, 7.86248, 9.80681, 11.6859, 15.8715, 16.2588, 7.27707, 2.98869, 3.30006, 4.85182, 11.251, 10.1776, 8.74681, 8.36312, 8.47349, 8.80312, 9.10915, 9.25334, 8.86468, 9.19718, 9.16508, 9.84638, 4.55636, 4.78605, 5.03114, 4.37256, 2.88395, 0.840016, 4.54708, 9.83629, 15.6245, 20.2903, 27.2318)
(5.18512, 5.49769, 9.03814, 16.8101, 19.9022, 15.0025, 8.74729, 4.24797, 4.52758, 4.31092, 6.73052, 9.63585, 9.17404, 8.47845, 8.44421, 8.92353, 9.79117, 9.92473, 8.48178, 8.6054, 7.44942, 11.0914, 4.94348, 5.37074, 5.19374, 5.3737, 2.75001, 0.808232, 3.40826, 7.13543, 15.1863, 21.1598, 28.6703)
(8.75498, 7.03059, 7.7569, 10.0265, 13.2753, 16.0773, 9.3643, 5.49502, 5.28863, 6.35775, 10.5728, 12.3802, 9.64803, 8.49358, 7.99471, 7.67172, 7.62418, 8.03328, 7.93518, 8.48107, 9.98995, 11.7481, 9.11041, 8.2159, 7.23163, 5.50649, 3.09226, 0.842655, 3.77354, 8.08293, 12.9971, 17.5536, 23.5935)
(6.14229, 6.05484, 10.6643, 16.984, 19.1663, 14.4158, 7.13598, 4.01201, 3.73287, 4.10696, 7.5846, 8.89545, 9.06384, 8.94006, 9.06857, 9.00725, 9.75351, 10.0535, 8.55369, 8.76105, 7.73826, 10.1648, 4.84573, 5.03393, 4.85291, 4.70757, 2.51943, 0.935223, 3.73934, 8.00088, 15.3169, 21.476, 28.5721)
(9.35521, 7.11941, 7.43851, 9.73465, 12.3408, 14.7506, 9.46164, 6.64633, 6.2263, 6.61168, 10.3149, 13.5991, 10.0138, 8.45595, 7.609, 7.42843, 6.97283, 7.50093, 7.53914, 8.25005, 10.1038, 12.527, 11.23, 9.95612, 8.16386, 5.96468, 3.15367, 0.899401, 3.75373, 7.72312, 12.0061, 16.1744, 20.9749)
(9.18997, 7.14486, 7.61239, 9.68632, 12.4638, 15.2284, 9.28285, 5.7696, 5.23152, 6.50829, 11.8821, 12.6522, 9.57701, 8.41817, 7.70743, 7.54493, 7.48135, 7.83215, 7.93969, 8.71356, 9.97427, 12.1592, 8.75396, 8.37661, 7.54466, 5.70976, 3.1568, 0.858445, 3.83942, 8.23445, 13.0024, 17.5314, 22.9922)
(9.37851, 7.51745, 8.40598, 10.5237, 13.1804, 15.6422, 8.8659, 4.78234, 4.38624, 5.46816, 11.8491, 10.8877, 9.22622, 8.44584, 8.05934, 8.04003, 8.04687, 8.51442, 8.37708, 8.91747, 9.8276, 11.6574, 6.51239, 6.90568, 6.91232, 5.56942, 3.22029, 0.911033, 4.30281, 8.97434, 13.9858, 18.6899, 24.0161)
(9.90258, 7.67601, 7.58611, 10.2806, 12.5088, 13.5682, 8.73322, 6.70772, 6.0836, 6.48939, 10.4638, 12.5688, 10.1082, 8.61336, 7.99244, 7.50816, 7.37701, 7.47206, 7.46214, 8.27527, 9.75585, 12.8667, 11.327, 10.1097, 8.40552, 5.74811, 3.19007, 0.869146, 3.57818, 7.68298, 12.0863, 16.1135, 20.8895)
(10.0349, 7.59855, 7.26337, 9.43648, 11.8392, 13.8159, 9.29238, 6.96932, 6.52855, 6.78095, 10.4403, 13.5062, 10.2862, 8.55259, 7.50645, 7.2789, 7.0366, 7.15971, 7.43108, 8.07786, 10.0414, 13.123, 11.8941, 10.6781, 8.678, 6.03378, 3.22673, 0.854645, 3.67736, 7.60185, 11.5964, 15.6874, 20.0716)
(10.0904, 8.05697, 7.62468, 9.34427, 11.7195, 14.2713, 9.39626, 6.19006, 5.19904, 6.58449, 11.5231, 11.9843, 9.63039, 8.3635, 8.40174, 7.71664, 7.71618, 7.67549, 7.8986, 8.43735, 9.78741, 12.3884, 9.73588, 9.14082, 8.26917, 6.51913, 3.64435, 1.00712, 3.89055, 8.41823, 12.6198, 16.466, 20.289)
(9.4536, 9.25463, 10.3609, 11.2829, 12.268, 13.6379, 7.94716, 4.93129, 4.58081, 6.21465, 10.0682, 10.5915, 8.6632, 8.21626, 8.93678, 8.93607, 8.96158, 8.66825, 8.67339, 8.95061, 9.20378, 10.1986, 8.68819, 7.89355, 7.44282, 6.47475, 3.69004, 0.96188, 4.00369, 8.18247, 12.2441, 17.0725, 23.346)
(6.10424, 11.1839, 18.1821, 20.618, 18.6461, 9.92775, 3.09188, 2.22645, 2.11672, 2.75895, 5.14392, 4.70817, 5.96234, 8.80652, 12.0077, 13.9347, 13.9041, 11.5665, 9.30097, 8.36286, 6.42579, 5.02031, 4.07827, 3.49597, 3.0513, 2.53431, 1.685, 0.470352, 2.82117, 7.83062, 14.1618, 24.1047, 35.7664)
(5.49511, 11.0735, 19.6904, 24.3804, 21.0934, 8.86139, 1.48886, 1.29673, 1.31243, 1.59994, 3.70785, 3.7216, 5.89682, 9.08608, 12.3898, 13.3746, 14.5277, 12.6134, 10.4585, 8.19461, 6.03333, 3.7035, 2.51787, 1.80309, 1.36381, 1.05335, 0.653287, 0.292014, 2.35145, 7.06711, 14.3338, 25.871, 42.6933)
(5.49511, 11.0735, 19.6904, 24.3804, 21.0934, 8.86139, 1.48886, 1.29673, 1.31243, 1.59994, 3.70785, 3.7216, 5.89682, 9.08608, 12.3898, 13.3746, 14.5277, 12.6134, 10.4585, 8.19461, 6.03333, 3.7035, 2.51787, 1.80309, 1.36381, 1.05335, 0.653287, 0.292014, 2.35145, 7.06711, 14.3338, 25.871, 42.6933)
(4.22646, 9.61693, 19.1532, 26.1694, 24.739, 9.70735, 1.15663, 1.0784, 0.858364, 0.946669, 2.34769, 2.73125, 5.45703, 8.34607, 12.9496, 14.0915, 15.1598, 13.3577, 11.2092, 8.36235, 5.55133, 2.78419, 1.98154, 1.35923, 1.04892, 0.756648, 0.402844, 0.257458, 2.911, 8.96066, 17.0601, 27.9706, 37.291)
(2.75144, 7.62735, 20.3681, 33.054, 25.4695, 5.76028, 0.642644, 0.627333, 0.692326, 0.951972, 2.05508, 2.37554, 4.02748, 6.68731, 12.2936, 15.7027, 20.0219, 15.9277, 10.1643, 6.57364, 4.13462, 2.09124, 1.22673, 0.77157, 0.624567, 0.41512, 0.270714, 0.145637, 1.75079, 8.19798, 17.7975, 29.9615, 38.8379)
(8.39168, 7.64465, 9.72889, 11.7767, 15.6702, 17.7023, 7.09647, 2.87855, 3.47507, 4.98614, 10.6494, 9.58263, 9.37531, 8.77981, 8.80724, 9.05981, 8.99877, 9.18379, 8.71341, 8.95629, 9.16164, 9.38131, 4.49335, 4.71873, 4.90095, 4.47513, 2.99866, 0.822132, 4.20185, 9.17232, 14.8807, 20.3611, 28.9751)
(9.86163, 7.76808, 7.95367, 9.6915, 11.4433, 13.3787, 8.954, 6.59522, 6.15208, 7.09952, 11.1023, 13.6391, 10.2432, 8.28566, 7.56848, 7.40754, 7.04126, 7.19558, 7.56995, 8.26472, 9.9179, 12.8665, 10.8098, 9.96283, 8.25732, 5.88427, 3.05085, 0.795252, 3.6337, 7.85758, 12.009, 16.4722, 21.2672)
(9.63127, 8.16915, 8.36328, 10.0845, 12.2185, 14.4323, 9.05732, 5.53467, 5.12466, 6.52095, 10.8634, 12.1886, 8.99531, 7.94203, 8.20777, 7.91762, 8.20346, 8.08852, 8.38389, 8.83807, 9.62069, 11.614, 10.1856, 8.85562, 7.74635, 6.53247, 3.52535, 0.947346, 3.83181, 8.26238, 12.5392, 16.4432, 21.1307)
(8.51662, 9.04603, 12.8552, 14.747, 14.2839, 12.4502, 5.67932, 4.09811, 4.94373, 5.45544, 7.92452, 9.69152, 8.23988, 8.68139, 9.21436, 9.71447, 9.71676, 9.0857, 9.02569, 8.74137, 8.89807, 8.9908, 8.19328, 7.1204, 5.9476, 4.76566, 2.82629, 0.819065, 3.44594, 7.67234, 12.3929, 19.1664, 27.6501)
(4.80711, 6.37157, 14.1443, 22.0087, 21.8288, 12.7256, 4.37692, 3.49625, 3.49207, 2.80171, 3.94698, 7.15432, 6.32203, 8.72319, 10.6436, 11.6094, 12.1161, 11.2519, 10.2525, 8.18771, 7.11484, 6.62449, 4.86994, 4.6994, 4.13322, 3.28178, 1.87566, 0.663387, 3.38473, 8.8393, 15.0995, 23.6109, 29.5422)
(9.88962, 8.33714, 8.96335, 11.3089, 13.4712, 14.3193, 8.35828, 4.3568, 3.97895, 5.59026, 11.4262, 11.167, 9.47066, 8.4231, 8.57291, 7.99073, 7.88242, 7.64512, 8.36886, 9.14591, 9.76401, 11.5693, 6.8061, 6.9149, 6.46072, 5.46113, 3.38215, 0.92522, 4.08866, 9.55341, 14.2543, 18.5138, 23.6396)
(5.18764, 7.90728, 15.9519, 21.5116, 19.788, 12.8454, 3.38614, 2.90073, 3.63181, 2.76335, 4.12612, 7.2204, 6.56617, 8.74833, 10.8494, 11.9376, 12.0984, 10.8636, 9.91954, 8.24478, 7.03481, 6.51707, 4.34472, 4.26411, 3.33734, 2.68456, 1.92296, 0.780281, 3.73078, 8.92496, 15.0367, 23.853, 31.1206)
(3.75365, 9.1955, 21.0455, 27.269, 23.4127, 9.35679, 1.05671, 0.871193, 0.909246, 0.948171, 2.18157, 2.60575, 5.37378, 8.44642, 13.1611, 15.1592, 16.4275, 13.2314, 10.4196, 7.71697, 4.94323, 2.51505, 1.57853, 1.12169, 0.804548, 0.776925, 0.664285, 0.398756, 3.15603, 9.05969, 16.6835, 28.6005, 37.1555)
(4.64704, 5.76575, 10.5437, 18.3995, 26.5353, 19.1611, 1.93513, 1.14935, 3.31407, 3.11897, 5.43011, 8.42338, 8.95562, 9.42183, 9.18465, 10.1287, 9.4848, 9.78517, 9.68272, 8.93168, 8.31652, 7.68492, 1.43589, 0.872158, 1.4315, 1.99994, 1.60551, 0.87087, 5.59949, 12.623, 19.9831, 24.2332, 29.3454)
(7.51739, 8.8776, 12.1641, 15.3518, 17.6881, 17.4622, 4.65656, 1.74228, 2.29187, 3.88175, 8.36629, 8.25501, 8.8207, 9.13487, 9.17614, 10.0228, 9.53047, 9.92761, 9.49295, 8.97782, 8.59289, 8.06876, 2.60511, 2.65669, 2.96922, 3.33307, 2.62185, 0.861842, 4.41586, 9.71827, 15.7818, 22.4851, 32.5512)
(8.54625, 8.02321, 9.75974, 11.024, 12.3718, 14.7093, 8.83789, 5.60897, 4.84313, 5.77779, 10.4979, 12.4135, 9.69335, 8.5694, 7.95646, 7.59024, 7.95773, 8.13499, 8.53321, 8.75752, 9.19143, 11.2022, 7.78842, 7.70098, 7.4211, 5.80396, 3.29657, 0.951294, 4.00925, 8.36601, 12.5929, 17.731, 24.3385)
(9.79153, 8.44459, 8.92193, 10.2958, 12.965, 14.3376, 7.88196, 4.68573, 4.47272, 6.45929, 11.7439, 11.2659, 9.43095, 8.73977, 8.42241, 8.01354, 8.14123, 7.93385, 8.29169, 9.05603, 9.52539, 11.1793, 8.49168, 7.74128, 6.44913, 5.43004, 2.99739, 0.904323, 3.87449, 8.68067, 12.8798, 17.7026, 24.8485)
(8.64562, 7.17406, 8.95945, 10.6536, 12.7627, 15.6308, 8.5606, 5.66661, 5.29548, 6.43568, 10.2155, 12.175, 9.27963, 8.62385, 8.17199, 7.76974, 8.27426, 8.04878, 8.36328, 8.44459, 9.55312, 11.2957, 8.12201, 8.32633, 7.49412, 6.15768, 3.72317, 1.00086, 4.17045, 8.27204, 12.6253, 17.0177, 23.0904)
(7.836, 8.7812, 10.4222, 14.2587, 17.2483, 15.5321, 7.09764, 3.12402, 2.67879, 4.10522, 8.91584, 9.03911, 8.46917, 8.14575, 9.09258, 9.2276, 9.24425, 9.0117, 9.38372, 9.42132, 9.00531, 9.95951, 4.24448, 4.47061, 4.58208, 4.87457, 3.51635, 0.89963, 4.60054, 10.4639, 15.8079, 21.0068, 25.5331)
(7.51944, 9.02988, 12.7162, 15.1717, 16.9503, 16.6905, 4.88569, 1.98548, 2.33305, 4.22292, 8.49494, 8.40742, 9.33639, 9.1617, 9.14611, 9.27255, 9.3295, 9.60035, 9.70204, 9.10343, 8.59594, 8.34455, 2.94564, 2.79008, 3.11834, 3.366, 2.343, 0.850359, 4.23581, 9.48184, 15.0402, 22.2467, 33.5821)
(9.25715, 8.77503, 10.1006, 11.0517, 12.5058, 13.9597, 8.26536, 4.76171, 4.03023, 5.91896, 11.3738, 11.3627, 9.64785, 8.40271, 8.41103, 8.2835, 7.99364, 8.35115, 8.44915, 8.75421, 9.32129, 11.0228, 6.80677, 6.95232, 6.50549, 5.62294, 2.9177, 0.846557, 3.91253, 8.60501, 12.8725, 18.5044, 26.4537)
(7.7039, 7.93561, 9.79674, 13.4598, 17.6863, 17.4363, 6.81034, 2.84295, 2.968, 4.48499, 8.87508, 8.96761, 8.58365, 8.50719, 9.07323, 9.0243, 9.37696, 8.97742, 8.92264, 9.72186, 8.99176, 9.85336, 5.14153, 5.06887, 4.36952, 4.72454, 3.05881, 0.996907, 4.53022, 9.95018, 15.791, 20.5876, 25.7808)
(8.22151, 7.70963, 9.67764, 12.3367, 15.6787, 16.5867, 7.01983, 3.64302, 4.14654, 5.64561, 9.33417, 10.075, 8.97578, 8.70066, 8.56722, 8.77861, 9.31144, 8.56106, 8.61382, 8.68275, 9.23746, 10.4963, 6.05153, 6.44104, 5.54016, 5.23215, 3.4669, 1.02281, 4.26566, 9.00223, 14.0541, 19.3609, 25.5625)
(4.72584, 7.75809, 13.7916, 23.3246, 23.8135, 14.4263, 3.5158, 1.24491, 1.04587, 2.03656, 4.31694, 5.80522, 6.88122, 8.18045, 9.02377, 11.6261, 12.7028, 13.3171, 11.8964, 8.8558, 6.44705, 5.26414, 1.65772, 1.48164, 1.69807, 2.29867, 1.81067, 0.573416, 3.48644, 9.55417, 18.2618, 26.2751, 32.9023)
(6.42301, 9.10865, 13.615, 17.4428, 19.9924, 17.1831, 3.52829, 1.10336, 1.69353, 3.29508, 6.61483, 7.25299, 8.81931, 9.69848, 9.46185, 9.87146, 10.0041, 10.7053, 10.1526, 8.63317, 7.81715, 7.58364, 1.7564, 1.64639, 2.15814, 2.80461, 2.24005, 0.917382, 4.98356, 10.757, 16.3559, 23.7146, 32.6659)
(6.06369, 8.54182, 13.1414, 18.565, 19.5767, 15.5311, 5.11022, 1.97025, 1.74389, 3.38353, 6.37245, 7.76718, 8.41296, 8.57885, 9.07317, 10.1854, 10.3431, 10.8493, 10.0739, 9.36336, 7.81328, 7.53953, 2.56005, 2.62631, 2.88463, 3.26627, 2.24796, 0.711715, 3.83671, 9.14187, 15.9572, 23.6466, 33.1207)
(6.06369, 8.54182, 13.1414, 18.565, 19.5767, 15.5311, 5.11022, 1.97025, 1.74389, 3.38353, 6.37245, 7.76718, 8.41296, 8.57885, 9.07317, 10.1854, 10.3431, 10.8493, 10.0739, 9.36336, 7.81328, 7.53953, 2.56005, 2.62631, 2.88463, 3.26627, 2.24796, 0.711715, 3.83671, 9.14187, 15.9572, 23.6466, 33.1207)
(7.54555, 8.39764, 12.1417, 13.9382, 15.7088, 17.2108, 7.35358, 2.31621, 2.24664, 4.21374, 8.92719, 9.34637, 9.24219, 8.64332, 8.45541, 8.69689, 9.10152, 9.83944, 10.0856, 9.45705, 8.58913, 8.54309, 3.32207, 3.89522, 4.40798, 4.54367, 3.1799, 1.011, 4.71359, 9.41509, 14.086, 21.185, 30.2405)
(6.23608, 6.83001, 11.9496, 17.2079, 18.8197, 15.2669, 7.06106, 3.93486, 2.64227, 3.14277, 6.90883, 8.24443, 7.94734, 8.35296, 8.83597, 10.4509, 12.0664, 11.5599, 9.53879, 8.26371, 7.15729, 7.58239, 3.82121, 4.85213, 5.08838, 4.4013, 2.68533, 0.794535, 4.30807, 8.99649, 15.3062, 21.5411, 28.2053)
(6.24612, 8.35009, 13.9316, 17.0869, 17.9762, 16.2415, 6.38068, 1.86706, 1.60865, 3.37722, 6.93392, 8.35185, 8.66208, 8.58777, 8.87302, 9.61144, 9.92852, 10.6445, 10.1401, 8.98935, 8.02547, 8.18594, 2.52011, 3.01032, 3.54837, 4.00618, 2.76403, 0.947494, 4.2079, 9.20265, 14.7628, 23.0794, 31.9507)
(3.79675, 6.58177, 14.7632, 26.6243, 25.4314, 13.0055, 3.10113, 1.05537, 0.70082, 1.61666, 3.32305, 5.2635, 6.88686, 8.22862, 9.85982, 11.5003, 12.8557, 14.0897, 11.1577, 8.44037, 6.49611, 5.2213, 1.01496, 1.09281, 1.55426, 1.92549, 1.30445, 0.514908, 3.27726, 9.78525, 18.4039, 28.4015, 32.7253)
(6.80085, 8.01149, 12.2189, 15.0832, 16.762, 16.7194, 8.06631, 2.14951, 1.77308, 4.29006, 8.12527, 8.97567, 8.94829, 8.31996, 8.71417, 9.27302, 9.55277, 10.1853, 9.5523, 9.30329, 8.41721, 8.75797, 2.77425, 3.63058, 4.54722, 5.08389, 3.20457, 0.964919, 4.42896, 9.93123, 14.9716, 21.2808, 29.182)
(5.2636, 7.02437, 14.2563, 20.7754, 21.4908, 14.5779, 5.39192, 1.92343, 1.56483, 2.31424, 5.41713, 6.22427, 7.32816, 8.24403, 9.63131, 11.4686, 13.2243, 12.2257, 10.0686, 7.80511, 7.01894, 6.76101, 2.39337, 2.69361, 3.17581, 3.20469, 2.19724, 0.705681, 3.97736, 9.36603, 16.3272, 24.5527, 31.4063)
(6.88866, 8.28217, 13.0484, 17.0586, 19.334, 15.5111, 4.83274, 1.95625, 2.26707, 3.39903, 7.42205, 7.81923, 8.56904, 8.67936, 9.31475, 9.98697, 11.0458, 10.2534, 9.80292, 8.46114, 7.73541, 8.33194, 2.4084, 2.87578, 3.05256, 3.27851, 2.47758, 0.865061, 4.45954, 9.45855, 15.7078, 23.3413, 32.0749)
(6.88866, 8.28217, 13.0484, 17.0586, 19.334, 15.5111, 4.83274, 1.95625, 2.26707, 3.39903, 7.42205, 7.81923, 8.56904, 8.67936, 9.31475, 9.98697, 11.0458, 10.2534, 9.80292, 8.46114, 7.73541, 8.33194, 2.4084, 2.87578, 3.05256, 3.27851, 2.47758, 0.865061, 4.45954, 9.45855, 15.7078, 23.3413, 32.0749)
(5.91191, 8.44566, 14.4232, 18.0481, 18.8403, 15.5945, 6.29329, 1.64457, 1.64895, 3.08805, 6.06144, 7.39186, 8.13823, 8.17396, 9.57316, 10.5509, 11.4258, 11.3677, 9.5836, 8.207, 7.67238, 7.91549, 2.05509, 2.63848, 3.57922, 3.90363, 2.5562, 0.983472, 4.27863, 9.6597, 15.443, 22.9734, 31.9292)
(7.78405, 8.98031, 12.5261, 14.774, 17.9491, 17.1405, 5.24494, 1.57333, 1.99689, 3.81871, 8.2121, 7.71331, 8.74644, 8.82635, 9.58785, 10.0348, 10.2185, 10.4225, 9.44405, 8.41044, 8.40118, 8.19449, 1.94821, 2.5621, 3.17635, 3.90784, 2.96539, 1.12368, 5.09365, 10.0684, 15.6452, 21.9969, 31.5123)
(4.15277, 7.92223, 15.2982, 20.944, 20.2822, 15.1127, 7.0484, 1.41463, 1.09835, 2.38981, 4.33684, 6.81572, 7.78246, 7.62064, 9.39685, 11.2648, 12.5527, 12.0741, 9.6707, 7.80954, 7.37045, 7.64209, 1.8826, 2.56871, 3.62801, 3.85886, 2.45549, 0.826536, 3.9485, 9.77335, 16.0131, 24.245, 30.7998)
(4.85361, 7.46182, 14.7922, 22.5082, 23.6225, 13.7652, 3.38472, 1.13554, 1.56362, 2.29081, 4.62183, 5.90994, 7.69512, 8.56771, 10.3214, 11.6952, 12.8852, 11.8093, 9.68173, 7.61507, 6.78726, 7.03207, 1.24895, 1.52806, 1.87511, 2.297, 1.72437, 0.728996, 4.3491, 10.3567, 17.7288, 26.2191, 31.9439)
(5.66383, 8.79346, 15.3548, 20.842, 22.4205, 11.3577, 3.20991, 1.84392, 1.46198, 2.7731, 6.27884, 6.12348, 8.32019, 9.06303, 10.2679, 10.7439, 11.6266, 10.7172, 9.71729, 9.57688, 7.85664, 5.98694, 2.45529, 1.98355, 2.07737, 1.81131, 1.39097, 0.45456, 3.21115, 7.78139, 14.5312, 24.5621, 39.7411)
(7.81767, 8.53399, 12.6447, 15.2199, 16.1273, 14.1387, 6.72328, 3.26777, 2.63297, 4.18641, 8.70735, 9.48018, 9.31238, 8.63512, 8.4759, 8.5248, 8.65948, 8.62733, 9.07052, 9.17665, 9.78666, 10.251, 4.37527, 4.04319, 4.73891, 4.62721, 3.12478, 1.11694, 4.79026, 9.41107, 14.763, 20.6889, 28.3205)
(7.81767, 8.53399, 12.6447, 15.2199, 16.1273, 14.1387, 6.72328, 3.26777, 2.63297, 4.18641, 8.70735, 9.48018, 9.31238, 8.63512, 8.4759, 8.5248, 8.65948, 8.62733, 9.07052, 9.17665, 9.78666, 10.251, 4.37527, 4.04319, 4.73891, 4.62721, 3.12478, 1.11694, 4.79026, 9.41107, 14.763, 20.6889, 28.3205)
(6.86086, 8.91812, 13.7049, 17.7694, 20.2642, 13.0676, 3.96475, 2.05478, 1.93226, 3.65261, 7.81058, 7.26462, 8.56042, 8.32463, 8.879, 10.7648, 11.0323, 10.7106, 10.066, 9.20259, 8.3461, 6.84891, 2.48933, 2.15721, 2.43542, 2.39376, 1.68139, 0.791425, 4.128, 8.87688, 14.1991, 22.8471, 38.0003)
(3.58774, 5.31625, 13.3363, 26.3673, 25.7929, 11.3064, 4.3115, 2.77949, 1.77976, 1.70318, 3.71915, 6.73147, 7.41678, 8.34616, 10.6015, 11.4874, 12.2518, 10.818, 10.4719, 9.16818, 6.83319, 5.87356, 2.88993, 2.74899, 2.66746, 1.94346, 1.25586, 0.338807, 2.67484, 6.76807, 15.925, 28.0945, 34.6931)
(8.19129, 8.39551, 12.4781, 14.2887, 15.7691, 14.5772, 7.15698, 3.11924, 2.7096, 4.48283, 8.83141, 9.64658, 9.2677, 8.48671, 8.52954, 8.59833, 8.76296, 8.81966, 9.03655, 8.72444, 9.63362, 10.4939, 4.77759, 4.14969, 4.92379, 4.78623, 3.25785, 1.09541, 5.02958, 9.49391, 14.6462, 19.9821, 27.8577)
(8.13224, 8.09908, 11.3397, 14.2843, 15.7602, 13.8985, 6.40638, 4.34708, 3.55315, 5.17979, 8.99958, 9.99954, 9.58222, 8.63276, 8.57985, 8.57881, 8.59152, 8.68226, 8.98122, 9.10823, 9.42972, 9.83388, 6.28986, 5.07893, 4.73268, 3.7333, 2.41605, 0.760726, 3.50071, 7.4498, 12.9567, 20.7455, 32.3358)
(7.68125, 7.53313, 11.2805, 14.0908, 15.2121, 14.4155, 7.30853, 4.61769, 3.8637, 5.19015, 8.80669, 9.84784, 9.22787, 8.98511, 8.80005, 8.46575, 8.89814, 8.86458, 8.84082, 9.23269, 8.96783, 9.86934, 7.43842, 6.21072, 5.51934, 4.33033, 2.77696, 0.755415, 3.64174, 7.29583, 12.4008, 19.425, 30.2054)
(5.5478, 6.82943, 12.997, 19.0985, 18.364, 13.5779, 6.73084, 4.27546, 2.81965, 3.72227, 6.03718, 9.93825, 8.30611, 8.83771, 9.20878, 9.28607, 9.51905, 9.32763, 8.97021, 9.38064, 8.42603, 8.79951, 4.76025, 4.83684, 4.93974, 4.28055, 2.28343, 0.614071, 3.2896, 8.0872, 14.6169, 23.5024, 28.789)
(7.44139, 7.63646, 11.3, 14.7885, 15.3941, 13.8546, 8.34166, 4.51188, 3.63496, 4.66744, 8.42897, 9.91562, 8.28308, 8.85575, 9.601, 9.31266, 9.74881, 8.95415, 8.66354, 8.20994, 8.28692, 10.1685, 6.76009, 6.13608, 6.63758, 5.0266, 2.92321, 0.938982, 3.70572, 8.34048, 14.3413, 19.8615, 25.3285)
(7.41885, 7.47612, 11.0096, 15.1634, 17.1643, 14.3918, 6.541, 4.41448, 3.3418, 4.62538, 8.45322, 9.98198, 9.31293, 8.60265, 8.74905, 8.80377, 8.80122, 8.79317, 9.00438, 9.23985, 9.20154, 9.50947, 6.02502, 5.10165, 4.73931, 3.65821, 2.3282, 0.68891, 3.56287, 7.71414, 13.4807, 20.8425, 31.8585)
(6.00655, 9.12978, 16.6853, 21.707, 24.1173, 7.35662, 1.55435, 0.673336, 0.74023, 3.24049, 8.78907, 6.57344, 7.92972, 9.27915, 8.48764, 9.25628, 12.1083, 10.4441, 8.54854, 9.54621, 10.1146, 7.712, 0.396378, 0.229771, 0.0674883, 0.0334816, 0.11342, 0.277742, 4.13884, 7.79206, 19.4684, 29.3366, 38.1458)
(8.87939, 8.01852, 11.0967, 14.7269, 15.4625, 14.7149, 6.46229, 2.97483, 3.11221, 4.75768, 9.79411, 9.70246, 8.90658, 8.5885, 9.35098, 9.37784, 8.73826, 8.90205, 8.74837, 8.54928, 9.01092, 10.1248, 4.94631, 4.48766, 4.78772, 4.34092, 2.88886, 0.915634, 4.08731, 8.94795, 15.3298, 21.4251, 27.8427)
(8.75894, 7.47535, 7.56422, 9.66349, 12.8717, 15.3136, 8.46385, 5.65652, 4.74256, 7.85912, 11.6306, 11.5646, 9.24067, 8.58158, 8.00517, 8.21291, 8.19753, 8.67492, 8.68952, 8.35903, 9.28321, 11.1908, 6.13945, 7.28207, 7.54566, 6.27708, 3.71771, 0.971044, 4.7854, 9.57372, 14.0967, 17.3138, 22.2973)
(6.90906, 9.3355, 16.1282, 20.8803, 21.592, 9.76999, 1.70663, 0.640385, 0.727868, 2.90382, 9.40619, 6.93794, 8.03732, 10.4406, 8.57995, 10.7046, 10.4634, 9.79012, 9.04234, 8.90977, 9.08194, 8.01205, 0.511632, 0.0528319, 0.187607, 0.194588, 0.330534, 0.960297, 5.10757, 10.945, 17.8321, 27.7034, 36.1744)
(10.8763, 8.32386, 9.88123, 11.3725, 12.0945, 13.2088, 7.45565, 5.17043, 5.07923, 6.04679, 10.4906, 10.7661, 9.39109, 8.86738, 8.86643, 8.26421, 7.56978, 7.99608, 8.06911, 8.97807, 9.6842, 11.5475, 10.632, 8.15213, 7.17957, 5.23163, 2.81486, 0.791912, 3.45058, 7.20944, 11.9572, 17.5972, 24.9835)
(10.3462, 8.45416, 10.259, 12.5768, 12.7061, 13.1745, 7.01553, 4.54756, 4.48508, 5.9065, 10.5285, 10.3255, 9.33087, 8.7991, 8.872, 8.47604, 7.83896, 8.21002, 8.39952, 9.01702, 9.64146, 11.0894, 8.65516, 7.01713, 6.42291, 4.87137, 2.72696, 0.707265, 3.40403, 7.38474, 12.7533, 19.426, 26.6311)
(8.40062, 8.45799, 11.0586, 17.4653, 17.9889, 12.0852, 5.48743, 3.95769, 2.56915, 3.65489, 8.87427, 9.13599, 7.88491, 8.08667, 9.22529, 9.83927, 10.5793, 10.5416, 8.75714, 9.09977, 8.09607, 8.75393, 4.07937, 4.43811, 4.83543, 3.67363, 2.39393, 0.669633, 3.75872, 9.36005, 15.6186, 22.4256, 28.7469)
(9.70923, 7.96024, 7.90614, 9.58792, 12.3626, 14.8404, 8.21372, 6.06772, 4.35239, 6.9301, 12.0696, 10.7972, 9.62399, 9.08429, 8.75699, 8.1736, 8.33861, 8.33263, 7.95284, 8.28958, 9.28687, 11.3634, 8.03395, 8.06432, 7.65279, 5.74102, 3.24767, 0.874963, 3.92978, 8.20235, 12.7668, 17.5814, 23.905)
(8.07374, 7.10974, 10.8946, 17.3178, 17.5014, 11.8706, 7.42146, 5.65374, 3.58734, 4.6712, 5.89837, 9.46164, 7.77615, 8.00468, 9.34683, 10.4069, 10.7963, 10.6582, 9.32833, 8.11794, 7.17636, 8.92661, 7.70911, 7.57835, 7.70887, 6.01975, 2.82118, 0.63765, 3.41513, 7.96677, 13.733, 19.1103, 23.2999)
(9.21479, 9.60887, 13.2451, 18.4034, 17.0629, 10.6468, 4.38626, 3.93098, 3.42081, 3.94788, 6.13221, 7.48602, 7.5124, 8.23311, 9.65895, 11.2437, 12.0633, 11.1976, 9.82165, 8.75723, 7.14753, 6.8784, 8.8964, 6.98046, 5.74394, 4.0371, 1.78519, 0.597295, 3.21423, 7.59405, 13.5912, 19.8385, 27.7216)
(6.70522, 7.07864, 10.296, 13.7663, 13.5754, 15.2677, 8.59473, 6.93456, 5.36891, 5.94955, 6.46308, 13.7293, 9.58065, 6.61976, 5.71396, 8.01804, 7.90749, 8.06489, 7.59875, 9.56187, 10.8558, 12.3495, 11.4766, 8.13946, 7.09392, 4.70392, 2.21944, 0.371701, 2.61012, 7.68441, 12.8041, 18.7088, 24.1876)
(9.16577, 8.81466, 9.97691, 16.0276, 18.0783, 13.5364, 4.98106, 3.2655, 1.96868, 3.97693, 10.2082, 7.86874, 7.67335, 8.54733, 9.4029, 10.5712, 10.9759, 10.8862, 9.88418, 9.30223, 7.4854, 7.40247, 3.43321, 3.83073, 4.046, 3.29212, 2.30013, 0.688889, 4.47936, 9.89919, 15.6637, 21.8462, 30.5204)
(7.96442, 7.09018, 11.5198, 17.2142, 16.2619, 12.5964, 7.25327, 5.36112, 4.00836, 4.56166, 6.16862, 9.21979, 8.38075, 7.95933, 9.33399, 9.97512, 10.2979, 10.0807, 9.35518, 8.33386, 7.5825, 9.48084, 7.74677, 7.68424, 7.56826, 5.55673, 2.79229, 0.772787, 3.6768, 7.70776, 13.8116, 19.1917, 23.491)
(7.70882, 11.8603, 17.5128, 19.8853, 17.5644, 9.19601, 2.67536, 2.48942, 2.77056, 3.09067, 5.24652, 5.88961, 6.61532, 8.19357, 10.4707, 11.4048, 12.4565, 12.3849, 11.4799, 9.19602, 6.72641, 5.18237, 5.83154, 4.45546, 3.67675, 2.52386, 1.16939, 0.50795, 2.917, 7.51762, 13.7043, 22.3977, 35.2984)
(10.6778, 8.29789, 9.88042, 11.9698, 17.0333, 17.3161, 3.41164, 2.22847, 2.57127, 3.29885, 13.3145, 10.9086, 11.6741, 9.44774, 8.46567, 8.12019, 6.77226, 7.48634, 7.87016, 8.2857, 10.2783, 10.691, 5.51464, 3.42037, 2.92552, 3.28529, 3.03652, 1.69897, 9.29547, 14.831, 17.4086, 18.731, 19.8526)
(8.73266, 7.15527, 7.10081, 9.15528, 12.177, 16.937, 10.6242, 6.11022, 5.67874, 6.93299, 9.39584, 13.1163, 9.80125, 8.15621, 7.88326, 7.42198, 7.59387, 8.07678, 7.90757, 8.5255, 9.99215, 11.5251, 13.5158, 10.7137, 7.85322, 5.73429, 3.56086, 0.91841, 3.88449, 7.67826, 11.3476, 14.8253, 19.968)
(8.11311, 7.94704, 10.7284, 15.2421, 18.6109, 16.2879, 6.09017, 2.12735, 2.24238, 3.84308, 8.76758, 9.71479, 8.85791, 8.30698, 8.32609, 8.69693, 9.33283, 9.57611, 9.37784, 8.94465, 9.16394, 9.70194, 2.88772, 3.25607, 3.86743, 3.92211, 3.15446, 0.887232, 5.32128, 10.8522, 17.6867, 22.3391, 25.8257)
(9.39837, 7.89015, 9.56683, 10.1675, 12.0625, 13.8908, 8.25431, 5.46293, 4.8604, 6.84575, 11.6005, 11.8746, 9.48107, 8.17223, 8.28382, 8.14645, 7.882, 7.84262, 8.123, 8.58964, 9.35721, 12.2473, 7.9029, 7.85754, 7.88311, 7.04171, 4.05102, 1.33853, 5.22833, 9.21975, 12.5229, 16.8222, 20.132)
(8.61766, 7.31071, 9.05622, 11.9122, 17.5886, 19.2383, 7.07085, 2.3201, 2.54388, 3.96948, 10.3721, 9.11026, 8.27403, 8.56414, 9.18616, 9.82317, 9.86881, 9.51547, 9.35251, 9.22908, 8.54125, 8.53512, 3.84541, 4.034, 4.4536, 4.66692, 3.40815, 1.0426, 4.86508, 9.94794, 16.2503, 20.6065, 26.8795)
(10.2541, 8.01319, 8.08229, 9.96408, 12.9258, 14.1035, 8.22459, 5.87788, 4.99622, 6.10826, 11.4501, 10.8275, 9.67895, 8.76709, 8.58117, 7.83946, 8.05457, 8.04543, 8.11254, 8.59443, 9.57572, 11.9231, 9.42578, 8.5456, 7.70777, 5.58053, 3.1426, 0.89684, 3.7629, 8.1095, 12.6052, 17.071, 23.1522)
(9.54177, 8.21863, 10.5515, 14.9905, 17.2906, 14.3297, 4.82207, 2.66903, 2.17715, 4.2897, 11.1194, 7.46159, 8.12585, 9.60332, 10.0743, 9.96065, 9.80691, 9.84134, 9.3942, 9.52829, 8.01361, 8.18991, 2.99283, 3.31708, 3.72928, 3.44119, 2.70775, 0.889694, 4.42315, 10.309, 16.1119, 22.1024, 29.9757)
(7.72202, 10.4668, 16.9687, 19.9936, 17.5682, 9.77352, 3.18877, 2.56963, 2.79013, 3.21542, 5.74315, 6.29475, 7.04376, 9.01939, 10.6684, 11.691, 12.0082, 11.205, 10.0914, 8.77869, 7.19446, 6.00497, 5.54211, 4.05281, 3.1345, 2.26906, 1.16675, 0.406132, 2.34372, 6.08478, 11.6391, 22.1255, 41.2355)
(3.61902, 6.78237, 16.0581, 27.5017, 28.3334, 10.128, 1.71527, 1.75594, 0.9449, 1.04589, 2.11539, 3.0219, 4.78313, 7.72995, 12.0619, 14.5647, 16.6731, 14.1596, 11.5736, 7.76806, 4.76813, 2.89599, 2.67681, 2.038, 1.7404, 1.22262, 0.59768, 0.268383, 3.04556, 9.89651, 18.4877, 27.6675, 32.3588)
(8.84585, 7.86248, 9.80681, 11.6859, 15.8715, 16.2588, 7.27707, 2.98869, 3.30006, 4.85182, 11.251, 10.1776, 8.74681, 8.36312, 8.47349, 8.80312, 9.10915, 9.25334, 8.86468, 9.19718, 9.16508, 9.84638, 4.55636, 4.78605, 5.03114, 4.37256, 2.88395, 0.840016, 4.54708, 9.83629, 15.6245, 20.2903, 27.2318)
(5.18512, 5.49769, 9.03814, 16.8101, 19.9022, 15.0025, 8.74729, 4.24797, 4.52758, 4.31092, 6.73052, 9.63585, 9.17404, 8.47845, 8.44421, 8.92353, 9.79117, 9.92473, 8.48178, 8.6054, 7.44942, 11.0914, 4.94348, 5.37074, 5.19374, 5.3737, 2.75001, 0.808232, 3.40826, 7.13543, 15.1863, 21.1598, 28.6703)
(9.0597, 7.0129, 8.41125, 10.6647, 12.006, 14.7819, 9.47001, 6.71723, 5.82101, 6.34337, 9.71192, 12.5111, 9.40376, 8.4583, 7.96938, 7.77418, 7.73409, 7.83934, 8.14824, 8.52438, 9.54108, 12.0961, 9.90866, 9.46073, 8.9046, 6.46788, 3.59013, 0.972833, 3.96582, 8.37026, 12.6268, 16.2911, 19.4413)
(6.31635, 6.87243, 8.33854, 11.9482, 14.6598, 18.2024, 10.4264, 5.03361, 5.5344, 5.16878, 7.49913, 12.9382, 10.2585, 8.33898, 7.82849, 7.16231, 8.0837, 7.83221, 8.59834, 8.88505, 9.18674, 10.8875, 8.25536, 8.69283, 7.38491, 5.92196, 3.63237, 0.86101, 3.95481, 7.80406, 13.2308, 16.9878, 23.274)
(7.92155, 6.98115, 9.7525, 13.8592, 14.2634, 12.8019, 8.30341, 5.92725, 5.31512, 5.66889, 9.20569, 10.3498, 9.86195, 8.89209, 8.30873, 7.95803, 8.4273, 8.05656, 8.26004, 8.3575, 9.18815, 12.3399, 7.43341, 8.0257, 7.09497, 5.31059, 3.01305, 0.998351, 4.09824, 7.86645, 13.8636, 18.6754, 23.6203)
(8.5441, 7.32919, 8.58391, 11.5701, 16.5839, 17.521, 7.72822, 3.64839, 3.02272, 4.33759, 11.1309, 8.44537, 8.27071, 8.42986, 9.13921, 9.22913, 9.22979, 10.0295, 9.25738, 9.22605, 8.80027, 9.94275, 3.91502, 4.71539, 5.41615, 5.4033, 3.29537, 1.06925, 5.17768, 10.9555, 15.8568, 19.5385, 24.657)
(8.0401, 8.39889, 11.0867, 13.7723, 17.123, 18.0978, 5.34895, 1.98813, 2.6713, 4.11796, 9.35482, 8.70659, 9.04087, 9.0783, 8.98139, 9.71022, 9.68904, 9.50471, 9.06201, 9.00592, 8.77866, 8.4423, 2.97029, 3.15951, 3.51625, 3.84102, 2.86829, 0.897057, 4.4193, 9.67726, 15.6314, 21.9457, 31.0739)
(8.58109, 8.01755, 9.92711, 12.998, 18.9882, 17.7693, 5.29594, 1.93582, 2.43125, 4.04574, 10.01, 8.21142, 8.31449, 8.0099, 8.78741, 9.10528, 10.4374, 10.7217, 10.1329, 9.66616, 8.0508, 8.56256, 2.37562, 2.62974, 3.37082, 3.88531, 2.72242, 0.964379, 5.4917, 12.3101, 17.2831, 21.5835, 27.3834)
(8.33924, 7.44403, 10.0837, 13.9744, 17.3982, 15.8016, 6.28321, 3.05514, 2.78694, 4.48101, 10.3525, 9.34232, 9.39778, 9.56981, 9.46932, 8.83986, 8.97788, 8.31143, 8.70521, 8.7007, 8.70817, 9.97754, 3.23169, 3.89357, 4.44307, 4.18844, 3.20454, 1.31992, 4.88488, 11.1936, 16.8927, 21.3208, 25.4267)
(4.75129, 8.79539, 18.0847, 23.9446, 20.9031, 11.5142, 2.35854, 1.99409, 2.38347, 1.9565, 3.31413, 5.20314, 5.69942, 8.94206, 12.3124, 13.6994, 13.7248, 11.5452, 10.0157, 7.69543, 6.3004, 4.86205, 3.15178, 2.86815, 2.22717, 1.80692, 1.45728, 0.651889, 3.46389, 8.65474, 15.4142, 26.0315, 34.2725)
(9.79153, 8.44459, 8.92193, 10.2958, 12.965, 14.3376, 7.88196, 4.68573, 4.47272, 6.45929, 11.7439, 11.2659, 9.43095, 8.73977, 8.42241, 8.01354, 8.14123, 7.93385, 8.29169, 9.05603, 9.52539, 11.1793, 8.49168, 7.74128, 6.44913, 5.43004, 2.99739, 0.904323, 3.87449, 8.68067, 12.8798, 17.7026, 24.8485)
(7.4877, 9.07268, 12.292, 14.1164, 15.3664, 15.4686, 6.18315, 2.83232, 3.00658, 5.06419, 9.10996, 9.78478, 9.33044, 8.81755, 8.68344, 8.87157, 8.69314, 9.10506, 9.21257, 9.3034, 8.87625, 9.3218, 4.18859, 4.19694, 4.21441, 3.94484, 2.43156, 0.735467, 3.66846, 8.49262, 13.8578, 21.2191, 33.0502)
(8.22151, 7.70963, 9.67764, 12.3367, 15.6787, 16.5867, 7.01983, 3.64302, 4.14654, 5.64561, 9.33417, 10.075, 8.97578, 8.70066, 8.56722, 8.77861, 9.31144, 8.56106, 8.61382, 8.68275, 9.23746, 10.4963, 6.05153, 6.44104, 5.54016, 5.23215, 3.4669, 1.02281, 4.26566, 9.00223, 14.0541, 19.3609, 25.5625)
(5.88374, 7.94715, 13.1986, 18.2024, 17.8806, 15.2378, 7.00645, 2.69688, 2.10883, 3.33981, 6.49773, 8.58919, 8.51292, 8.11194, 9.02909, 10.3503, 10.3942, 11.3879, 9.99451, 8.65893, 7.19349, 7.7775, 3.23017, 3.67825, 4.17797, 4.71172, 2.73281, 0.699962, 4.19226, 8.75071, 15.5357, 22.377, 29.9134)
(7.3545, 8.01856, 11.9037, 13.7367, 15.3599, 16.6921, 8.05393, 2.90137, 2.50346, 4.38178, 9.09396, 9.82842, 9.35576, 8.57737, 8.33439, 8.60765, 8.96471, 9.74931, 9.59749, 9.46383, 8.58834, 8.93276, 4.00271, 4.55066, 5.18604, 4.78962, 3.10382, 1.01741, 4.59772, 9.07469, 13.962, 20.8114, 28.904)
(6.23608, 6.83001, 11.9496, 17.2079, 18.8197, 15.2669, 7.06106, 3.93486, 2.64227, 3.14277, 6.90883, 8.24443, 7.94734, 8.35296, 8.83597, 10.4509, 12.0664, 11.5599, 9.53879, 8.26371, 7.15729, 7.58239, 3.82121, 4.85213, 5.08838, 4.4013, 2.68533, 0.794535, 4.30807, 8.99649, 15.3062, 21.5411, 28.2053)
(9.22294, 8.46444, 9.86645, 12.0812, 16.3252, 16.5272, 6.58807, 2.48481, 2.48275, 4.91933, 11.0376, 8.6906, 9.14915, 8.90906, 9.33272, 9.22715, 9.15637, 9.14408, 9.07204, 9.36852, 8.80078, 9.14952, 3.26298, 3.91164, 4.32675, 4.80546, 3.29991, 0.976391, 4.63398, 10.0721, 15.3764, 20.456, 28.8784)
(7.74374, 8.09779, 11.5267, 14.3144, 16.3258, 15.3844, 6.46473, 3.0502, 3.00991, 4.75115, 9.33118, 9.38076, 8.84385, 8.80892, 9.00229, 9.17323, 9.66324, 9.47187, 9.10018, 8.622, 8.6366, 9.29708, 3.92993, 4.22984, 4.40775, 4.11844, 2.6667, 0.786982, 4.11519, 8.82213, 14.1357, 20.9841, 31.8033)
(5.46719, 8.2424, 13.5554, 17.3256, 19.577, 18.8012, 6.42105, 1.38949, 1.22525, 2.6441, 5.35129, 8.30498, 8.5673, 8.66921, 8.70404, 9.45461, 10.0742, 11.1563, 11.1879, 8.87972, 7.7139, 7.28779, 2.26637, 2.79621, 3.57419, 3.72867, 2.84409, 0.973976, 4.4487, 9.6929, 15.7784, 23.5834, 30.3132)
