(8.39028, 6.88271, 8.42067, 9.55093, 12.175, 15.4043, 9.32288, 6.81684, 5.32794, 6.9569, 10.7516, 11.914, 9.91352, 8.93187, 8.20162, 7.59619, 7.90263, 7.97507, 7.89333, 8.19797, 9.72372, 11.75, 9.11147, 9.03867, 8.2167, 6.1431, 3.98716, 1.15238, 4.27294, 8.66108, 12.6365, 16.2911, 20.4889)
(3.67369, 5.4018, 14.3751, 23.8841, 25.3572, 12.7376, 3.88463, 2.75853, 1.5796, 2.2403, 4.10754, 8.22523, 8.57982, 7.24895, 10.0915, 10.5634, 10.2683, 10.6579, 10.944, 9.19364, 8.05256, 6.17473, 2.81095, 2.08073, 2.26903, 1.89555, 0.977029, 0.319703, 3.37221, 8.26868, 17.3484, 26.4578, 34.1999)
(11.274, 6.6938, 6.97131, 10.6234, 14.2625, 10.4179, 9.4282, 6.18429, 9.61142, 4.89128, 9.64195, 14.5352, 10.2564, 8.21508, 6.67646, 6.0318, 6.25523, 8.89927, 8.16298, 8.31366, 7.31711, 15.3368, 7.79351, 9.4334, 7.85192, 11.2864, 2.88803, 2.09596, 3.35716, 6.85687, 12.2323, 13.8617, 22.3427)
(5.54262, 7.62064, 14.3108, 19.1554, 19.1971, 13.6857, 5.63844, 3.64949, 2.5455, 3.15477, 5.49962, 9.97558, 9.00192, 8.73231, 9.54338, 8.72319, 8.83963, 9.36862, 9.30663, 9.30845, 8.91039, 8.28987, 3.72793, 3.7694, 4.25106, 3.28818, 2.2035, 0.513214, 3.46752, 8.03945, 14.8215, 23.7208, 32.1974)
(6.62182, 7.78193, 12.753, 16.7638, 17.4028, 14.838, 5.47006, 3.82643, 3.38534, 3.97986, 7.1769, 9.0842, 9.25143, 8.01253, 8.06668, 9.47867, 9.65893, 9.51298, 9.63177, 9.18228, 9.03133, 9.08921, 4.22385, 4.63072, 4.82275, 3.51817, 2.33887, 0.572336, 3.6297, 8.08975, 14.1218, 21.2031, 32.8489)
(8.39334, 5.86746, 6.33438, 10.0214, 25.1357, 20.3637, 0.364511, 0.177415, 3.02432, 6.15561, 14.1622, 16.1053, 8.20712, 8.98781, 6.81831, 8.81505, 5.4852, 5.57387, 8.73661, 4.81171, 8.96701, 17.492, 0.460222, 0.221242, 0.27424, 1.18887, 0.396184, 0.306248, 5.78998, 15.7127, 22.4053, 24.2014, 29.0436)
(4.05605, 5.69832, 9.16513, 8.53721, 13.3934, 23.4523, 11.762, 6.50017, 7.72968, 6.68137, 3.02438, 14.0839, 10.3655, 7.58665, 9.36831, 6.52836, 6.1574, 8.59008, 8.095, 7.42207, 8.85382, 12.949, 11.5014, 9.7459, 8.68098, 5.0779, 3.84719, 1.14818, 4.03859, 6.13353, 12.938, 18.4613, 18.4271)
(3.92858, 6.28337, 8.3989, 12.7732, 16.1343, 20.1825, 11.4897, 5.80036, 5.8986, 6.2342, 2.87628, 12.5801, 12.5056, 7.47041, 8.25874, 6.94841, 6.29602, 7.09911, 8.04534, 9.43538, 10.6406, 10.7203, 10.3354, 8.99402, 5.56866, 4.75233, 2.23357, 1.00063, 4.09673, 7.99042, 13.5619, 18.5482, 22.9182)
(5.95694, 12.243, 7.97352, 11.6455, 13.1288, 11.8681, 9.54208, 8.12638, 5.91861, 6.82904, 6.76808, 11.8671, 9.65253, 9.90905, 7.22923, 8.69189, 7.20057, 8.90601, 8.12262, 7.30494, 8.39411, 12.722, 10.4325, 7.90268, 7.67796, 7.07722, 3.04549, 1.29358, 3.10474, 7.49485, 10.5673, 18.3516, 23.0521)
(4.56172, 6.14441, 9.1966, 14.4836, 17.358, 18.7193, 9.49651, 6.05099, 4.60361, 5.14683, 4.2385, 11.7256, 10.5083, 7.74867, 8.33482, 7.90088, 6.88297, 7.51105, 9.16315, 9.30411, 9.18785, 11.7327, 8.07162, 7.79265, 5.58399, 4.42399, 2.66961, 0.768141, 3.87964, 8.17401, 15.0116, 18.1008, 25.524)
(7.08377, 6.81542, 9.67154, 15.7034, 16.6274, 14.9443, 7.81086, 4.47419, 3.32067, 4.48237, 9.06602, 12.0255, 9.40384, 7.91858, 8.44848, 7.73272, 8.0084, 7.94351, 8.14527, 8.53192, 10.1585, 11.6832, 5.16752, 5.54159, 6.17307, 4.4393, 3.11929, 0.89409, 4.45219, 9.01113, 15.2569, 20.8549, 25.0901)
(8.70613, 8.3813, 10.7979, 14.8307, 14.0155, 12.5795, 6.45265, 4.86487, 3.44191, 5.35623, 10.5734, 11.2183, 8.91539, 8.55743, 8.83255, 8.57196, 8.43526, 8.89821, 7.59734, 8.38313, 9.30925, 11.2812, 5.43048, 5.99612, 6.42389, 4.42132, 2.88855, 0.820719, 4.00652, 9.23864, 14.461, 20.6264, 25.6863)
(6.67985, 6.87915, 9.30513, 13.9531, 14.639, 17.2463, 7.32369, 5.61955, 4.32211, 7.11873, 6.91346, 12.2138, 10.1844, 9.88463, 6.82392, 6.9915, 6.96277, 10.4536, 8.19955, 8.19925, 8.37738, 11.7092, 8.39294, 5.84703, 6.52119, 3.92996, 2.55198, 0.524058, 4.08595, 7.52799, 12.9027, 18.4022, 29.3141)
(5.05572, 6.07236, 8.01237, 14.8356, 15.3726, 15.5944, 8.79234, 5.50025, 6.68822, 6.92418, 7.15193, 8.47117, 8.42269, 11.0288, 7.37402, 7.62942, 7.5559, 9.40357, 9.29587, 8.94882, 10.5613, 11.3084, 7.69671, 8.4623, 5.54056, 5.27986, 3.13054, 0.544105, 3.20293, 5.17102, 14.3497, 16.2223, 30.4)
(8.15998, 7.23409, 10.1507, 12.0298, 13.346, 12.8755, 10.3355, 6.94114, 5.95093, 6.87207, 6.10434, 11.4196, 9.44505, 9.68091, 8.3631, 8.49277, 7.80852, 7.67511, 7.04369, 8.7472, 8.90476, 12.4193, 11.7447, 10.4095, 8.54914, 5.59448, 2.18523, 0.938521, 2.9022, 6.44825, 11.9477, 15.4791, 23.8013)
(7.1611, 6.5137, 10.383, 15.6714, 15.2368, 13.2575, 7.14455, 5.98012, 5.75978, 4.74408, 8.14801, 9.57708, 10.3936, 9.86488, 9.38446, 8.49588, 6.93919, 7.88149, 7.57386, 8.67415, 9.77439, 11.4411, 7.89643, 8.81963, 6.78276, 4.69037, 3.06329, 1.10517, 3.30338, 8.20809, 13.8439, 18.9677, 23.3193)
(7.00388, 7.78148, 11.8471, 17.4075, 18.3969, 14.1799, 5.8551, 3.3953, 2.50347, 4.10794, 7.52133, 9.55107, 9.95228, 8.55371, 9.00891, 9.34152, 8.9623, 8.91278, 9.46255, 9.9703, 8.59596, 7.68861, 4.80888, 3.84482, 3.72478, 2.83251, 1.6892, 0.604168, 3.31011, 6.91909, 13.5327, 22.4641, 36.2696)
(6.91323, 9.18323, 13.4182, 17.6891, 19.5889, 13.4119, 3.58862, 1.93352, 1.95367, 3.79338, 8.52617, 6.9825, 8.76837, 8.38151, 9.09296, 10.9722, 10.9145, 10.7579, 10.1277, 9.07858, 8.16267, 6.76107, 2.24942, 2.04346, 2.28283, 2.24712, 1.47387, 0.764389, 4.06808, 8.28305, 13.7815, 23.0378, 39.7684)
(10.0651, 7.80663, 20.8114, 16.4015, 14.0312, 7.52463, 4.2274, 3.45263, 3.14284, 3.7112, 8.82545, 11.017, 9.5143, 10.3564, 9.07154, 6.41886, 6.46145, 9.50322, 5.97721, 10.0558, 9.89325, 11.7309, 3.29608, 6.02499, 2.79429, 4.05382, 1.05957, 0.528888, 2.31067, 4.28153, 10.8764, 23.8297, 40.9441)
(8.28769, 6.74872, 9.43351, 13.8031, 20.0247, 17.3606, 1.84414, 0.959124, 1.81998, 2.5519, 17.1665, 5.47483, 11.0047, 14.7624, 8.83958, 9.71413, 7.89477, 10.1029, 8.73641, 9.63276, 6.39235, 7.4452, 1.07678, 0.651484, 1.63011, 2.45602, 2.29586, 1.52483, 4.78766, 14.7678, 20.3871, 25.8922, 24.5301)
(12.0219, 8.01416, 9.97256, 11.4799, 14.2398, 17.99, 8.06387, 1.17329, 0.731618, 3.11314, 13.1998, 8.11799, 9.25651, 9.15406, 6.96605, 10.3821, 14.3993, 12.2022, 9.67583, 8.11969, 6.2421, 5.48419, 1.27265, 3.08186, 2.73159, 2.25657, 2.86606, 1.18815, 5.60432, 6.09796, 14.2089, 17.7446, 42.9474)
(7.4987, 8.12046, 12.1765, 15.5997, 15.0933, 14.0159, 6.22946, 4.30669, 3.8585, 4.97299, 8.1278, 9.7613, 9.50954, 8.70297, 8.13263, 9.03132, 8.58092, 8.74586, 8.94208, 9.09197, 9.44817, 10.0532, 5.11568, 5.5779, 5.51741, 4.32257, 2.67363, 0.666229, 3.71123, 7.56086, 13.9677, 20.9673, 29.9195)
(8.29007, 9.42338, 10.6959, 14.0245, 13.0486, 12.7206, 6.00665, 4.57442, 3.92152, 6.03139, 11.2631, 10.3218, 8.80538, 8.81721, 9.15716, 9.48393, 8.61821, 9.03275, 8.10482, 8.11018, 9.05993, 10.4886, 6.00986, 6.67539, 5.86263, 4.50748, 2.60208, 0.899897, 4.0341, 8.35412, 13.6736, 20.9705, 26.4103)
(9.50676, 8.26409, 8.8812, 11.872, 14.0353, 14.4566, 6.26661, 4.31225, 3.26546, 6.76023, 12.3795, 9.19825, 9.18033, 9.18551, 9.44189, 8.75777, 8.90711, 9.43158, 8.61533, 8.88431, 8.59893, 9.79898, 5.24682, 5.68509, 5.50134, 4.36415, 2.78733, 0.788087, 3.90056, 8.20741, 13.5862, 19.6731, 30.2599)
(10.8534, 8.71408, 8.05006, 9.23061, 11.03, 11.1175, 8.18494, 6.22014, 8.84465, 7.32301, 10.4315, 11.6211, 10.6145, 8.68518, 7.63208, 7.0913, 7.26903, 7.45564, 8.09119, 9.02578, 10.2302, 12.284, 10.9743, 12.3555, 9.02468, 6.66777, 2.9244, 1.02769, 3.35319, 6.10718, 9.99649, 14.9004, 22.6684)
(7.63313, 7.15715, 10.7698, 15.3455, 17.3963, 13.9867, 6.31931, 4.25216, 3.28632, 4.50254, 9.35119, 9.33349, 9.33635, 8.64929, 9.00515, 8.82364, 9.307, 9.05814, 9.42211, 9.48233, 8.8063, 8.7762, 5.53263, 4.7101, 4.19049, 3.35464, 2.00652, 0.700135, 3.22431, 7.42405, 12.9377, 21.1805, 34.7389)
(7.18692, 6.73473, 8.45403, 13.1365, 15.368, 16.8649, 8.49434, 5.16713, 3.72742, 5.69186, 9.17414, 12.3261, 9.77639, 8.27286, 7.82152, 7.30975, 7.6644, 7.4556, 7.83488, 8.20477, 9.37614, 13.9576, 6.90843, 6.85429, 6.43361, 4.78106, 3.13033, 0.960037, 4.52765, 9.46882, 14.7267, 18.7995, 23.4096)
(7.56203, 8.79217, 13.4044, 16.2658, 18.9861, 13.1035, 4.46637, 2.24615, 2.27718, 4.18121, 8.71495, 8.05898, 8.56297, 7.80214, 8.68102, 10.1837, 10.8615, 10.5948, 10.1125, 9.13683, 8.43375, 7.57179, 3.01355, 2.53657, 2.86844, 2.75187, 1.87371, 0.861102, 3.95064, 8.70757, 13.8347, 22.0201, 37.5817)
(7.36414, 4.66202, 5.30994, 10.6379, 9.25597, 19.7151, 11.0183, 5.6, 2.52336, 12.3824, 11.531, 15.4089, 13.0872, 6.81198, 4.35577, 3.66774, 5.66285, 7.03091, 8.33026, 7.3648, 10.0511, 18.2285, 5.10296, 7.32742, 7.84349, 6.36334, 3.98222, 0.731889, 3.89608, 7.14436, 16.2398, 21.4866, 19.8819)
(14.003, 6.75842, 6.08846, 7.26885, 14.5045, 15.2521, 5.30258, 8.47606, 3.01494, 4.1832, 15.1479, 11.5265, 5.37193, 7.51928, 10.7509, 11.4518, 10.3767, 7.86202, 6.0486, 9.65971, 7.5267, 11.9059, 7.43795, 7.81439, 9.60266, 4.14606, 4.42704, 0.0290663, 1.57366, 11.0815, 11.6305, 18.3145, 23.9427)
(14.7832, 5.67255, 6.42218, 7.17917, 10.7055, 14.6662, 7.78313, 6.23609, 4.39041, 9.87454, 12.287, 10.2566, 8.72522, 11.1646, 11.1363, 10.4178, 6.69917, 6.46804, 8.14673, 7.51622, 9.00473, 10.4646, 8.41691, 8.24147, 8.16359, 4.96616, 3.3105, 0.507441, 1.65455, 5.63275, 10.2686, 16.6714, 32.1667)
(8.43977, 9.07158, 11.6677, 14.4822, 14.593, 13.6772, 6.1975, 4.1888, 4.25263, 5.0341, 8.39537, 9.95349, 9.83446, 9.18098, 8.71089, 8.33068, 8.23435, 8.42537, 9.12901, 8.9433, 8.72084, 10.5366, 6.11379, 5.5419, 5.58164, 4.31839, 2.56982, 0.711671, 3.52071, 7.18095, 13.1374, 21.6111, 29.7127)
(8.7804, 7.33545, 8.45939, 11.3758, 12.994, 15.2103, 7.99093, 5.12954, 4.19483, 6.80402, 11.7253, 12.064, 9.8429, 8.47374, 7.99806, 7.67126, 8.22502, 8.13111, 8.51757, 8.24321, 9.35937, 11.4738, 6.86439, 6.8767, 6.84658, 5.30058, 3.44966, 0.9046, 4.16071, 8.89671, 14.3302, 19.0819, 23.288)
(8.79175, 8.37226, 10.2556, 11.7097, 11.4513, 13.8464, 7.49678, 5.52204, 4.0796, 7.15612, 11.3184, 12.1347, 9.54655, 8.08447, 8.28264, 7.86916, 8.29581, 8.09519, 8.00774, 8.63109, 9.62008, 11.4326, 8.08077, 8.12851, 7.3646, 5.28883, 2.94211, 0.791624, 3.75528, 8.0334, 13.5317, 18.4476, 23.6356)
(9.43533, 7.88658, 6.05876, 7.04599, 11.4944, 15.6551, 8.26663, 6.29828, 3.35555, 9.81424, 14.6892, 9.31602, 9.9747, 10.6718, 9.33606, 7.63539, 8.42276, 8.69433, 8.12712, 8.79596, 8.76458, 10.2613, 7.3198, 9.30019, 7.6322, 6.19293, 2.78535, 0.481624, 3.7929, 7.78851, 13.2384, 17.0849, 24.3832)
(7.80003, 8.82284, 12.3014, 13.6481, 16.0028, 14.5121, 7.10169, 4.28943, 2.80915, 3.88774, 8.82476, 8.59353, 8.85777, 8.64076, 9.5631, 9.73665, 10.0368, 9.9435, 10.4625, 8.06107, 7.62495, 8.47938, 4.59876, 3.97817, 5.47894, 4.26746, 3.08618, 0.94868, 4.04706, 8.22583, 13.6621, 19.9389, 31.768)
(17.5346, 12.4946, 15.0314, 9.40843, 18.1291, 10.7483, 3.73886, 0.150771, 0.164591, 0.325191, 12.2741, 13.74, 8.06712, 6.86288, 11.3761, 3.22548, 6.5423, 7.702, 6.74739, 5.5413, 15.0706, 15.1248, 1.54625, 0.211376, 0.204947, 2.57131, 2.58717, 1.27483, 0.861139, 21.3127, 26.3888, 21.9332, 21.1083)
(9.51173, 7.92216, 11.7058, 16.2427, 20.6918, 12.5302, 1.85215, 0.594487, 1.03879, 2.04199, 15.8681, 8.60369, 9.55052, 9.76758, 7.9658, 9.38836, 8.38691, 7.63655, 9.06787, 8.52339, 11.1344, 9.97494, 0.971463, 0.481506, 0.421488, 0.40151, 0.73429, 0.640529, 7.56879, 12.9054, 20.236, 23.1739, 32.465)
(4.62191, 6.86175, 11.332, 14.7979, 14.0013, 15.1662, 11.011, 5.24823, 4.93383, 6.13468, 5.89122, 13.7001, 9.88467, 8.03613, 4.68211, 8.06832, 7.66843, 7.96505, 7.96001, 9.03406, 10.5826, 12.4184, 10.1971, 6.33141, 5.93612, 4.63666, 2.21038, 0.288383, 3.29665, 6.47447, 13.7445, 20.9102, 25.9741)
(7.58972, 7.01373, 7.82065, 10.3477, 11.5616, 15.6499, 9.2029, 7.15953, 8.3145, 8.03908, 7.30078, 11.7853, 10.8027, 8.60819, 7.82654, 7.13584, 7.31511, 7.68276, 8.22249, 9.15835, 10.3833, 11.0794, 15.9786, 13.691, 8.4088, 5.4736, 2.45127, 0.615392, 2.68326, 5.80305, 9.54057, 14.091, 21.2634)
(9.81666, 8.22146, 7.98325, 8.90555, 10.0444, 13.2053, 9.34577, 6.92118, 5.94541, 7.60757, 12.0035, 14.0509, 10.3075, 8.23627, 7.17745, 6.88273, 7.2865, 7.41421, 7.73127, 8.31763, 9.54155, 13.054, 9.98399, 9.59, 8.89244, 6.09838, 3.02848, 0.808782, 4.21712, 8.31348, 11.9219, 17.0086, 20.1368)
(8.47207, 8.02358, 9.06914, 10.2649, 13.231, 15.3979, 8.23642, 6.09603, 4.89285, 6.41128, 9.90485, 11.694, 10.0157, 8.83188, 8.18584, 7.68611, 7.82461, 8.12774, 7.89874, 8.38472, 9.6536, 11.697, 9.14202, 8.51173, 7.55193, 5.32766, 3.5927, 0.976925, 4.06579, 8.84451, 13.5488, 16.7901, 21.6479)
(11.4316, 8.67853, 5.50149, 7.144, 12.2182, 15.2421, 8.38544, 6.46284, 3.10046, 8.94481, 12.8906, 7.95661, 11.0558, 9.95126, 10.3428, 11.3089, 7.97983, 10.1376, 8.07164, 7.02146, 7.0657, 9.10837, 5.87374, 8.23641, 8.39424, 4.896, 3.91149, 0.988801, 3.12534, 7.82597, 10.1106, 16.7428, 29.8946)
(9.80543, 8.56647, 4.45478, 5.31644, 12.521, 16.3771, 7.58331, 6.07802, 4.70092, 8.53565, 16.0609, 10.3073, 10.2763, 8.61198, 9.93422, 8.47109, 10.5266, 8.50993, 5.9233, 7.09416, 10.2046, 10.1404, 7.73341, 9.01381, 7.93826, 5.83894, 3.05373, 0.768659, 3.75196, 7.85221, 12.8333, 18.7658, 22.4499)
(8.53642, 8.20023, 9.31825, 12.5186, 16.5117, 17.0502, 7.59994, 2.94828, 3.07584, 4.68063, 9.55993, 8.37532, 8.15876, 8.36469, 9.14529, 9.23117, 9.61769, 8.76218, 9.28647, 10.1547, 8.80664, 10.0971, 6.29663, 5.42874, 5.13357, 4.85425, 3.4307, 1.1745, 5.21007, 9.30437, 15.1135, 19.7776, 24.2761)
(11.5807, 6.04557, 6.97929, 6.94942, 11.0529, 13.3591, 7.23096, 4.3026, 5.99499, 11.4131, 15.0914, 13.0749, 8.48019, 9.96483, 6.60585, 6.29114, 7.4471, 7.0604, 6.14293, 11.221, 9.30107, 14.4106, 10.004, 9.94097, 8.50191, 8.50795, 3.61458, 0.71986, 7.81757, 12.0153, 11.6195, 14.3359, 12.9225)
(11.4444, 7.80464, 9.415, 9.39314, 13.3167, 13.0011, 4.54939, 3.90942, 3.92032, 5.95467, 17.2912, 10.7513, 10.2927, 9.31601, 7.94812, 7.64027, 6.91301, 7.44682, 7.68119, 8.63724, 11.24, 12.1334, 7.6716, 5.55401, 4.87659, 5.19838, 3.98189, 1.49062, 7.8186, 13.6255, 15.812, 16.2183, 17.7526)
(9.62162, 8.03963, 6.96834, 8.41302, 10.71, 15.425, 10.2023, 6.99001, 6.56682, 8.20609, 8.85707, 12.8178, 9.98629, 9.09455, 8.13564, 7.27683, 6.33753, 7.92058, 7.78252, 8.59584, 9.74376, 12.3086, 20.6797, 14.4957, 8.9531, 5.78293, 2.85687, 0.79912, 3.16166, 6.766, 8.89575, 11.5284, 16.0808)
(9.0997, 7.51442, 7.45972, 9.21457, 10.7932, 13.6025, 10.2923, 8.16245, 7.03438, 7.16953, 9.65733, 12.455, 9.83235, 8.16597, 8.09349, 6.84466, 7.69617, 7.34048, 8.34026, 8.71222, 10.1871, 12.3323, 14.4151, 12.6496, 9.48052, 5.92867, 3.17983, 0.86272, 3.53869, 6.68791, 10.8845, 13.6357, 18.7368)
(9.70501, 7.07214, 6.37503, 8.47915, 11.8712, 16.9994, 9.81529, 8.58874, 6.49434, 5.72729, 8.87246, 10.9718, 8.83526, 8.83063, 8.72185, 8.78936, 8.3416, 7.81492, 7.9375, 8.29771, 9.42167, 12.0377, 14.6708, 13.2286, 9.36724, 5.97871, 3.1129, 0.738435, 3.53556, 6.45964, 10.1792, 14.2618, 18.4671)
(9.1529, 9.41527, 5.22624, 4.64426, 11.1277, 19.6289, 12.632, 6.05023, 4.08384, 6.21659, 11.8221, 8.74875, 10.2138, 10.2803, 7.94328, 5.86097, 7.62106, 8.60408, 11.5993, 9.75013, 7.96428, 11.4141, 8.48098, 10.5683, 6.62594, 10.1829, 4.1004, 1.98402, 5.19515, 10.674, 10.0343, 13.7183, 18.4357)
(8.71441, 8.02438, 10.4504, 11.4093, 12.4409, 14.981, 8.0918, 4.85002, 4.71418, 6.66413, 9.65954, 11.4261, 9.80826, 8.57748, 8.11617, 7.66868, 7.7815, 8.14252, 8.11549, 8.78983, 9.4761, 12.0979, 8.38569, 7.16311, 6.92505, 5.29728, 3.46561, 1.01502, 4.23569, 8.35284, 13.3796, 18.4439, 23.3362)
(7.50107, 8.51405, 11.1722, 14.2441, 18.6382, 17.8564, 4.80725, 2.25464, 3.19064, 4.10331, 7.71816, 10.4333, 8.60496, 7.69527, 8.66147, 8.39542, 8.5722, 9.65544, 10.0143, 10.1643, 9.16393, 8.6394, 2.87477, 3.40028, 3.18609, 3.80145, 2.64725, 1.0626, 5.14034, 11.246, 16.7597, 23.0013, 26.8803)
(9.18822, 6.81244, 7.31694, 7.77917, 11.4323, 14.5607, 10.2879, 7.22261, 5.82706, 7.40664, 12.1662, 12.5778, 9.35368, 8.1621, 8.39215, 7.86592, 7.59447, 6.96542, 7.85959, 8.2238, 9.39845, 13.6066, 8.12702, 8.84116, 9.34896, 7.66772, 4.64691, 1.23415, 4.83178, 9.46984, 13.1899, 15.6232, 17.0194)
(5.55505, 5.99192, 7.38309, 11.8153, 15.1562, 19.5934, 10.9388, 5.22883, 5.44313, 5.20421, 7.6901, 14.6625, 10.0962, 8.62943, 7.78029, 6.61281, 7.57295, 7.11724, 8.27864, 9.19873, 9.03654, 11.0147, 7.86708, 8.44575, 7.5424, 5.84824, 4.21057, 0.852034, 3.85557, 8.11816, 13.5039, 16.8016, 22.9547)
(7.57307, 7.31526, 7.66699, 10.2617, 13.2925, 16.6154, 10.642, 6.57898, 5.86321, 5.80883, 8.38214, 13.6857, 10.3096, 8.59899, 8.02367, 7.20968, 7.68328, 7.34065, 7.40357, 8.30028, 9.59562, 11.8489, 10.8711, 9.2158, 8.05518, 6.24675, 3.42988, 0.832893, 3.99772, 7.91737, 12.0657, 16.024, 21.3436)
(10.0279, 8.07086, 7.38444, 9.61628, 11.6839, 13.5988, 9.7319, 6.74106, 6.38748, 6.48363, 10.2738, 13.5156, 10.396, 8.57674, 7.8919, 7.2067, 7.32238, 7.3342, 7.37528, 8.00448, 9.885, 12.4918, 11.4955, 10.4411, 8.79347, 6.31869, 3.24938, 0.883479, 3.69912, 7.71866, 11.3544, 15.861, 20.1853)
(10.1209, 7.63825, 7.6395, 9.27875, 11.2779, 13.3313, 9.1606, 6.82054, 6.33071, 7.26367, 11.1379, 13.2804, 10.082, 8.35125, 7.77236, 7.23523, 7.17763, 7.21946, 7.62567, 8.17457, 9.93848, 13.1429, 11.3852, 10.3792, 8.39871, 6.05479, 3.11403, 0.847743, 3.59785, 7.72666, 12.0216, 16.0668, 20.4074)
(7.76846, 8.9926, 11.91, 13.5772, 14.9216, 15.7511, 5.95838, 3.04025, 3.41479, 5.28443, 9.38122, 9.51943, 9.50148, 9.04363, 8.63552, 8.83274, 8.65283, 9.02388, 9.08198, 9.20761, 9.20544, 9.29546, 4.16412, 3.98748, 4.01681, 3.6829, 2.22725, 0.680473, 3.56069, 8.18978, 13.782, 21.4511, 34.2574)
(9.46053, 6.92777, 6.92842, 9.31608, 11.1569, 14.0746, 10.1963, 7.91862, 7.04948, 7.02351, 9.94782, 13.6446, 9.99617, 8.7445, 7.71733, 7.28949, 6.79501, 7.1821, 7.05879, 8.0504, 10.1002, 13.4214, 13.871, 12.031, 9.52103, 6.32888, 3.28478, 0.857968, 3.57521, 6.94559, 10.9207, 14.3739, 18.2899)
(9.55821, 8.6158, 8.98573, 9.7495, 11.1776, 12.7273, 8.6221, 6.26715, 5.52137, 7.06559, 11.7097, 12.5716, 9.9229, 8.23425, 7.47697, 7.58419, 7.37403, 7.55497, 8.09901, 8.89798, 9.96248, 12.3216, 9.88851, 9.43718, 7.67203, 5.41546, 3.03658, 0.714238, 3.52851, 7.71296, 12.2499, 17.7373, 22.6073)
(8.89438, 7.42055, 6.72234, 9.40604, 13.5646, 17.8992, 6.25323, 4.16784, 4.58538, 6.04393, 15.0426, 12.5527, 9.0329, 10.2819, 7.70468, 7.36977, 8.40078, 6.28608, 8.19413, 10.4022, 9.37978, 10.395, 12.1496, 7.31317, 6.17873, 3.98866, 1.8298, 2.01816, 4.03379, 11.1136, 12.9197, 15.2725, 23.1823)
(12.3833, 10.8978, 6.99525, 7.54895, 14.8522, 16.4447, 8.11637, 3.98133, 2.0435, 4.36121, 12.3754, 12.423, 8.53089, 7.49561, 8.09159, 8.77269, 9.09047, 7.97918, 9.14287, 9.03924, 9.98831, 9.44608, 12.0574, 8.56269, 6.13155, 4.75922, 3.53111, 1.32261, 3.98306, 10.789, 10.669, 15.4138, 22.7805)
(4.90206, 5.81402, 9.40808, 16.4937, 25.2125, 19.2447, 3.8042, 1.53166, 3.25649, 3.95962, 6.37303, 9.79738, 9.0546, 8.49376, 8.25112, 9.62441, 9.15373, 9.96786, 9.23582, 8.92995, 8.43398, 9.05737, 1.8845, 2.17993, 2.14801, 2.79799, 2.4502, 1.08923, 5.49527, 12.3108, 18.2237, 22.9564, 28.4639)
(8.21655, 5.93607, 8.06585, 11.3745, 15.5899, 17.0842, 8.3086, 5.40176, 5.28742, 6.18728, 8.5478, 11.874, 9.0461, 8.69974, 8.35529, 7.99249, 7.75937, 8.68033, 8.15601, 9.204, 8.9282, 11.3045, 10.9906, 9.17237, 7.88353, 6.09691, 3.61657, 1.02746, 4.53264, 8.08943, 12.2436, 16.2339, 20.1131)
(8.81461, 9.55721, 15.5673, 17.3566, 13.7687, 10.0691, 4.9261, 3.88304, 4.51726, 4.60364, 6.93652, 8.26336, 7.69664, 8.72198, 9.42373, 10.3343, 10.4627, 10.3558, 9.96983, 9.33592, 7.82843, 7.60735, 8.84444, 7.21662, 5.85241, 4.09765, 1.84835, 0.532606, 2.69859, 5.80012, 10.7704, 19.5619, 32.7769)
(8.48443, 6.62669, 7.3111, 9.82343, 11.7778, 16.5079, 10.663, 7.43365, 5.61423, 6.17336, 9.58443, 13.3478, 9.39023, 8.92694, 7.91879, 7.31335, 7.09315, 7.94379, 7.34366, 8.46746, 9.88202, 12.3728, 12.7202, 11.3774, 8.75808, 6.28382, 3.84249, 1.01234, 3.75207, 7.04357, 11.0737, 14.7636, 19.3728)
(7.92757, 6.26916, 8.29587, 10.9636, 13.2624, 16.7615, 10.1502, 6.92096, 5.23603, 5.39981, 8.81305, 12.8814, 9.83475, 8.46995, 8.0771, 7.32152, 7.06876, 7.33872, 7.35677, 8.34037, 10.1407, 13.17, 9.11967, 8.67729, 8.32713, 6.36428, 4.00274, 1.10917, 4.61006, 8.64565, 12.7828, 15.9415, 20.4196)
(11.3411, 5.55224, 7.68368, 9.50055, 9.97272, 9.93928, 8.1735, 7.74957, 5.55685, 10.8757, 13.6548, 11.9684, 7.64124, 7.33666, 8.60386, 9.62135, 8.22222, 8.12756, 8.50691, 8.77495, 8.90153, 12.2953, 10.5526, 8.84515, 6.59708, 5.94111, 3.22519, 0.511521, 4.01703, 7.91824, 13.718, 20.3158, 18.3582)
(11.6956, 7.34604, 7.45421, 9.64405, 10.6837, 12.777, 9.02217, 6.56005, 6.71654, 7.25103, 10.8496, 12.8687, 9.76017, 8.48655, 7.37613, 7.3719, 7.43839, 7.50734, 7.48422, 8.3968, 9.9085, 13.4012, 14.4317, 11.0647, 8.91914, 6.3691, 3.57132, 0.878607, 3.52269, 7.30328, 11.4483, 14.3961, 18.0951)
(8.16419, 5.61607, 7.60247, 10.685, 12.8514, 13.9654, 11.2477, 7.88781, 6.9932, 6.74825, 8.23851, 13.4342, 12.7444, 9.14014, 9.63078, 4.73734, 7.30604, 9.03124, 6.48085, 5.69521, 8.16262, 13.6371, 12.1315, 12.8361, 8.91209, 6.94855, 3.20479, 0.375412, 3.512, 7.64661, 12.6246, 13.5717, 18.2368)
(11.3885, 8.67273, 9.2698, 9.87395, 10.4026, 12.8359, 8.06246, 5.36848, 5.57251, 7.36602, 11.1871, 11.8731, 10.1153, 8.59673, 9.15998, 8.03281, 7.32299, 7.44009, 7.82186, 8.76737, 9.05958, 11.8102, 10.2982, 8.64703, 6.96456, 5.18205, 2.73002, 0.946469, 3.34884, 8.15928, 12.0048, 17.7015, 24.0173)
(10.1906, 5.73866, 5.42162, 10.8232, 14.3184, 14.646, 10.1885, 7.95816, 5.73523, 8.27629, 6.70345, 15.5975, 9.55486, 10.5008, 7.00932, 7.95927, 6.37287, 8.9123, 6.05746, 8.28032, 7.9686, 11.7867, 15.5928, 10.8273, 8.28247, 6.68776, 4.77261, 0.637992, 4.4559, 8.91278, 8.92691, 14.0166, 16.887)
(8.86331, 7.86596, 8.79641, 10.4752, 13.8967, 15.5161, 7.62306, 4.26219, 4.26317, 6.77202, 11.666, 10.7193, 9.37609, 8.83736, 8.58459, 8.02603, 8.39952, 8.5587, 8.47302, 8.92112, 9.64003, 10.4642, 7.87228, 7.31064, 5.85077, 5.19863, 2.88197, 0.906035, 4.02446, 8.63275, 13.1811, 18.3994, 25.742)
(4.90466, 9.17221, 9.63057, 14.7698, 9.99435, 7.5607, 7.98372, 6.30225, 10.2497, 11.8419, 7.59014, 9.97941, 7.80326, 6.70248, 10.2828, 6.69132, 5.9887, 9.91061, 10.6108, 9.5682, 14.5946, 7.86777, 9.64079, 7.53233, 5.7088, 2.11823, 0.559727, 0.0638227, 1.36319, 3.12931, 12.4325, 22.1692, 35.2822)
(8.67177, 8.86685, 11.3359, 13.4643, 17.156, 17.6032, 4.51217, 2.23381, 2.41134, 4.22934, 9.51537, 9.15364, 9.7053, 8.85024, 8.6592, 8.90147, 8.92203, 9.15807, 9.44203, 8.58271, 8.97012, 9.65518, 2.89186, 3.45238, 3.26774, 3.46161, 2.42801, 1.02198, 4.68047, 10.2499, 15.6204, 22.0314, 30.8943)
(10.89, 8.93527, 12.6942, 13.7535, 13.0163, 10.7481, 5.03193, 4.31285, 5.39187, 6.01336, 9.21269, 10.1692, 8.63865, 8.72284, 9.51561, 9.14102, 8.94093, 9.0844, 8.67863, 8.55759, 8.64387, 9.90729, 10.8993, 8.15096, 6.65989, 5.13104, 2.3938, 0.943275, 3.57113, 7.61629, 12.3698, 18.1476, 24.1169)
(9.11422, 10.7742, 15.1588, 15.6653, 13.7665, 10.7857, 4.95539, 3.55283, 3.50077, 4.722, 8.00427, 8.31252, 7.83192, 8.54103, 9.56884, 10.005, 10.1486, 10.0636, 9.55545, 9.70317, 8.72378, 7.54599, 7.15226, 6.16694, 5.69297, 4.40619, 2.28693, 0.652994, 3.10941, 7.04217, 12.0548, 20.422, 31.0134)
(6.51816, 10.6491, 17.5357, 21.6762, 19.0306, 10.3784, 2.7566, 1.7451, 2.26679, 2.89614, 4.54722, 4.8124, 5.85711, 9.60179, 12.5001, 13.6095, 13.7304, 12.0236, 9.80329, 7.61998, 5.96578, 4.47599, 4.5007, 2.93924, 2.57066, 2.38052, 1.81734, 0.480302, 2.93494, 7.88557, 14.368, 24.0946, 36.0281)
(7.848, 12.0188, 17.5136, 18.5864, 15.0728, 9.54929, 3.52437, 2.87746, 2.70724, 4.1269, 6.17503, 7.01913, 7.40545, 8.05616, 11.0863, 10.1258, 10.7233, 11.0838, 11.123, 9.76676, 7.84402, 5.76633, 5.95376, 4.88339, 4.21166, 3.1936, 1.76953, 0.498709, 2.96117, 6.9471, 12.732, 23.1542, 33.6949)
(5.36661, 12.1904, 19.5489, 21.5781, 19.0057, 9.23825, 2.30824, 2.01746, 2.03703, 2.29579, 4.41345, 4.00272, 6.01872, 8.5812, 12.5684, 13.9265, 14.1209, 11.4741, 9.71877, 8.61807, 6.73567, 4.23497, 3.58593, 2.95588, 2.5618, 1.78808, 1.45409, 0.497392, 2.96684, 7.76131, 14.3242, 24.801, 37.3035)
(6.61935, 5.17947, 6.07133, 8.81395, 12.6748, 19.954, 13.8145, 6.09697, 5.51502, 6.69005, 8.57053, 11.8657, 9.79995, 9.93264, 8.26542, 8.71076, 7.8972, 8.96423, 6.55734, 8.21179, 8.70302, 11.0919, 12.575, 9.51691, 9.44256, 5.67627, 4.0721, 1.04669, 3.95768, 7.27306, 11.4911, 14.877, 20.0716)
(9.35754, 7.41533, 7.12963, 9.62096, 11.6049, 14.1855, 9.60466, 7.03765, 7.44302, 6.88845, 9.71237, 15.3515, 9.79166, 7.96785, 7.0893, 7.00539, 6.7447, 6.90978, 7.13379, 7.98171, 10.1222, 13.9021, 12.1944, 10.7265, 8.87673, 6.21383, 3.17568, 0.885138, 3.67875, 7.67819, 11.8899, 15.4706, 19.2102)
(6.98463, 8.28832, 13.9576, 16.984, 17.9324, 14.1112, 6.78493, 3.30305, 1.85793, 2.95191, 6.84394, 7.51599, 8.67072, 8.46262, 10.1118, 9.90334, 9.9835, 9.0664, 9.91227, 9.8242, 8.40941, 8.13971, 3.3313, 3.73096, 4.79705, 4.07484, 2.65411, 0.672238, 3.42488, 7.77135, 13.2632, 22.5699, 33.7102)
(6.99208, 6.29538, 8.5223, 6.67251, 12.4402, 19.8324, 13.3379, 5.7432, 2.31508, 4.76007, 13.089, 13.8955, 11.1093, 11.3839, 9.36241, 4.95263, 4.27469, 6.30555, 8.64494, 5.02717, 7.43023, 17.6137, 4.2187, 2.8352, 7.87419, 7.43886, 4.94515, 2.41325, 5.66351, 9.68866, 15.7502, 17.5176, 21.6547)
(10.2861, 8.03503, 10.2677, 12.5555, 12.6871, 12.473, 7.66212, 5.56579, 4.42562, 6.00817, 10.0338, 10.865, 9.19108, 8.70594, 8.93018, 8.71043, 8.21644, 8.72468, 8.4534, 8.83991, 8.7988, 10.5641, 9.25422, 7.96768, 7.34539, 5.30924, 3.00001, 0.701145, 3.17066, 6.9605, 12.062, 18.2467, 25.9824)
(12.2233, 7.98473, 7.80228, 8.87876, 10.2794, 12.4778, 9.15087, 6.85487, 6.5005, 6.55381, 11.2937, 12.4688, 9.85028, 8.35785, 7.66067, 7.20742, 7.34395, 7.98017, 7.71894, 8.77453, 10.358, 12.2793, 17.2108, 11.9773, 9.09622, 6.38111, 3.13612, 0.916431, 3.37951, 6.2866, 10.4195, 13.6393, 17.5571)
(8.2258, 7.03362, 9.49153, 11.8142, 15.0142, 16.7877, 7.54115, 4.15192, 4.65966, 5.6772, 9.603, 10.4599, 9.22359, 8.77935, 8.71774, 8.31939, 9.05331, 8.46662, 8.60292, 8.32424, 9.21085, 10.8421, 6.56927, 7.16718, 6.37293, 5.64814, 3.6353, 0.924583, 4.41464, 8.61004, 13.3743, 18.2431, 25.0405)
(4.79446, 5.96098, 9.96603, 18.9997, 25.4864, 17.5244, 4.20061, 1.28818, 2.21387, 3.29565, 6.26972, 8.36639, 9.12154, 9.70658, 9.03673, 9.36117, 10.2804, 10.1862, 9.63839, 8.23484, 7.91092, 8.15686, 1.70882, 1.96653, 2.35521, 3.08346, 2.67317, 0.995411, 5.07903, 10.8539, 18.1036, 23.6515, 29.5293)
(5.64798, 8.81993, 12.8067, 18.9737, 21.8595, 14.7394, 6.25084, 2.14624, 2.55469, 2.31604, 3.88491, 7.81152, 10.3135, 7.82991, 9.24641, 8.02267, 10.1085, 9.99307, 11.4753, 9.54427, 8.79203, 6.86279, 4.19948, 3.92947, 3.70181, 2.43745, 1.5552, 0.502192, 3.66484, 7.88343, 13.5702, 22.9045, 35.6515)
(8.6163, 11.9677, 15.943, 17.5722, 11.9247, 11.2631, 3.53061, 2.02305, 3.66885, 4.8581, 8.63242, 6.42603, 6.54051, 11.2834, 11.7798, 14.0397, 9.68006, 10.707, 7.55133, 10.1196, 5.83438, 6.03813, 3.3208, 3.45954, 3.00115, 2.80439, 0.951141, 0.13035, 1.20637, 4.09439, 9.71972, 22.4695, 48.8426)
(12.5139, 14.1696, 16.7093, 17.2842, 16.0959, 8.59117, 2.70932, 1.07342, 0.807077, 4.27162, 5.77445, 5.17119, 8.18362, 10.0632, 14.2541, 10.2053, 12.0857, 8.47614, 9.29177, 10.1819, 6.39146, 5.69571, 1.81676, 1.30859, 1.48601, 2.87547, 1.80046, 0.0918198, 1.17823, 5.20282, 9.039, 19.3784, 55.8225)
(3.97681, 10.3036, 22.7399, 26.7712, 23.1411, 7.42357, 0.877535, 0.706507, 0.769232, 0.938905, 2.35169, 2.43505, 5.57754, 8.80754, 12.3391, 15.2186, 16.3562, 14.3147, 10.3159, 7.83735, 4.61921, 2.17884, 1.42156, 0.988498, 0.766609, 0.644914, 0.481718, 0.308937, 2.60492, 7.84741, 16.3535, 28.4473, 40.1346)
(3.45025, 8.04318, 20.6872, 31.0982, 25.4534, 5.66226, 0.778068, 0.772373, 0.785323, 1.05872, 2.211, 2.79012, 3.86599, 6.97872, 11.8056, 15.0824, 18.5044, 15.5994, 10.9593, 7.32384, 4.74512, 2.34505, 1.63525, 0.950234, 0.741289, 0.481867, 0.263532, 0.156069, 1.71006, 8.42229, 17.2934, 29.9298, 38.4163)
(5.13357, 6.776, 11.3002, 19.7547, 24.3346, 17.7121, 2.53027, 1.01993, 2.2297, 3.19463, 6.01433, 7.3984, 9.05517, 10.4958, 9.03912, 10.0043, 9.16677, 10.5092, 9.75745, 8.85121, 8.45372, 7.26894, 1.4079, 1.20665, 1.54594, 2.31317, 1.98727, 0.909857, 5.16476, 12.0175, 18.7744, 24.1851, 30.4875)
(9.51428, 7.40066, 8.96507, 10.533, 12.5201, 15.0379, 8.50655, 4.75745, 4.7049, 5.87067, 12.1894, 11.249, 9.49859, 8.45434, 8.06864, 7.90218, 7.7932, 8.10136, 8.65586, 9.2134, 9.6595, 11.4039, 7.24373, 7.04256, 6.70267, 5.10355, 2.90035, 0.821782, 3.86635, 8.28945, 13.6275, 19.0056, 25.3965)
(7.23419, 8.45509, 13.2604, 15.0725, 15.4694, 13.2077, 6.61748, 4.24552, 3.40071, 4.77737, 8.25969, 10.2417, 9.20424, 8.64849, 9.03727, 8.36234, 8.66782, 8.48776, 8.88731, 9.15677, 8.99222, 10.314, 5.90654, 5.30595, 5.55358, 4.32142, 2.69975, 0.713077, 3.38347, 7.78996, 14.1094, 21.1442, 29.0727)
(6.9964, 6.36843, 8.13507, 9.89847, 11.8934, 18.4768, 8.48045, 9.75497, 6.81094, 5.24783, 7.9372, 14.2067, 9.31919, 8.73073, 7.57673, 7.31282, 7.29148, 6.14394, 8.50612, 8.74117, 9.42777, 12.7434, 8.3617, 10.1083, 8.84679, 6.53056, 4.7004, 1.19939, 4.37867, 9.6819, 12.3345, 15.5496, 18.3082)
(8.71272, 6.58924, 8.14933, 10.2676, 11.3241, 14.6134, 10.1108, 7.19985, 5.99384, 6.70204, 10.3371, 12.6605, 9.26011, 8.3712, 7.7208, 7.70087, 7.74372, 7.15389, 7.90798, 8.16667, 10.5886, 12.7256, 8.22289, 9.96198, 8.90958, 7.43129, 4.24898, 1.07779, 4.55005, 8.13332, 11.9739, 15.5759, 19.9143)
(4.76571, 7.50195, 15.5035, 23.3137, 23.8089, 11.1785, 3.31241, 1.97722, 1.33335, 2.35733, 4.94733, 6.28448, 7.73901, 8.84304, 10.4093, 10.5324, 10.7024, 11.5192, 10.5634, 10.2869, 7.55005, 5.56982, 2.54391, 2.20287, 2.17308, 1.71106, 1.25871, 0.352349, 2.89194, 7.91818, 15.3576, 27.5721, 36.0182)
(5.59197, 7.89379, 12.4921, 18.7332, 21.1502, 13.6393, 5.60246, 3.59124, 2.40152, 3.24139, 5.66287, 8.07075, 9.05427, 8.68534, 9.15086, 9.46991, 9.81398, 10.6789, 9.82315, 9.96305, 8.20622, 7.08363, 4.83269, 4.2678, 3.62756, 2.94129, 1.67762, 0.544825, 3.41561, 7.68288, 14.1252, 23.7043, 33.1802)
(8.86777, 10.8565, 16.9419, 19.5133, 17.3225, 9.24817, 2.79099, 2.3911, 2.5356, 3.11007, 6.42211, 5.6344, 6.82154, 8.93055, 10.2211, 11.3462, 11.8861, 11.3815, 11.2203, 9.60719, 7.38126, 5.56978, 5.98223, 3.98444, 3.19427, 2.20015, 1.03538, 0.364803, 2.17611, 5.90446, 11.8726, 22.1632, 41.1224)
(6.80387, 13.4849, 17.9561, 22.0716, 20.832, 8.30859, 1.53018, 1.56203, 1.64194, 1.93243, 3.87632, 3.77144, 5.30023, 7.95558, 11.5653, 12.6493, 13.4375, 13.2705, 12.3765, 9.33063, 6.50826, 3.83472, 3.88561, 2.64311, 1.97711, 1.23957, 0.581295, 0.286204, 2.46382, 7.2986, 14.1703, 23.6586, 41.7957)
(4.90989, 11.5237, 20.7971, 25.4078, 21.4217, 7.67826, 1.26392, 1.07286, 1.16896, 1.44009, 3.31573, 3.33046, 5.58041, 8.94951, 12.7004, 13.9863, 15.1236, 12.9658, 10.2827, 8.29388, 5.52331, 3.26365, 2.09654, 1.49328, 1.1739, 0.878098, 0.588476, 0.260331, 2.12738, 6.94925, 14.2521, 26.2207, 43.96)
(12.5621, 4.39722, 3.94998, 6.7225, 10.3267, 16.6529, 12.2384, 7.50666, 7.76965, 9.09518, 8.77865, 17.1632, 9.73764, 8.96529, 7.95551, 6.36719, 6.36701, 6.9938, 7.04532, 8.33723, 8.48545, 12.5824, 14.7177, 11.4377, 10.0038, 7.47564, 2.98171, 2.01956, 5.22474, 9.86402, 11.6292, 13.3886, 11.2573)
(7.38013, 6.52512, 10.5845, 13.8038, 16.1229, 15.0197, 8.68269, 5.48821, 4.33142, 4.9137, 7.14787, 11.5538, 9.34742, 9.46973, 8.16784, 8.19504, 8.07536, 8.14024, 8.20548, 9.0895, 8.95914, 10.7964, 7.88146, 7.13896, 7.0071, 5.59007, 2.85214, 0.78639, 3.68857, 7.70596, 13.1882, 20.2549, 23.9063)
(10.3351, 7.96729, 9.24821, 12.0952, 12.6859, 13.8193, 7.37524, 5.25454, 4.88283, 5.85447, 10.4819, 10.5075, 9.21584, 8.70322, 8.58053, 8.27647, 7.66838, 7.86265, 8.12621, 9.03798, 10.0434, 11.9778, 8.7732, 7.51396, 7.21977, 5.83256, 3.29503, 0.78049, 3.99975, 8.00618, 13.9103, 18.3586, 22.3102)
(4.1995, 6.59775, 14.8809, 24.3196, 22.3701, 11.6456, 4.05956, 3.02182, 2.03471, 2.52125, 4.34922, 8.03029, 7.96064, 8.1395, 10.0208, 10.5666, 11.1936, 10.0762, 10.0563, 9.25733, 7.81405, 6.88467, 2.78402, 2.9128, 2.86806, 2.44423, 1.80154, 0.443384, 3.10907, 7.67418, 16.5201, 26.5286, 32.914)
(4.94714, 6.88466, 14.7533, 21.1708, 16.853, 11.9183, 6.90149, 4.74027, 2.36065, 3.48691, 5.98348, 9.94638, 7.42523, 10.0923, 9.44316, 9.43087, 8.99898, 8.83055, 9.67136, 9.45234, 8.0978, 8.61103, 3.75892, 4.73569, 4.75456, 4.7042, 2.24219, 0.557348, 3.38444, 8.45653, 13.9532, 24.2879, 29.165)
(4.12185, 7.34685, 17.4392, 23.1913, 23.1432, 12.4024, 2.8213, 2.62704, 2.06918, 1.78366, 3.05398, 6.35979, 5.97723, 9.381, 10.3457, 11.4116, 14.4479, 11.8724, 10.5382, 7.26994, 6.5921, 5.80421, 2.95558, 3.15731, 2.35419, 2.13118, 1.22663, 0.742571, 4.31537, 9.59585, 16.4015, 26.0318, 31.088)
(8.57663, 10.1726, 14.7092, 20.7286, 19.7938, 11.0897, 3.12389, 1.43147, 1.62395, 2.10412, 6.64604, 4.57599, 8.50545, 10.4283, 9.1609, 12.7737, 10.3107, 10.1764, 11.037, 9.15006, 7.5805, 6.30098, 2.70924, 1.83764, 1.76033, 1.22226, 0.384497, 0.154905, 1.61441, 4.95935, 8.14001, 19.8062, 57.4112)
(4.77287, 9.26271, 18.7881, 24.5657, 21.1859, 11.0475, 2.0199, 1.82191, 1.75165, 1.6043, 3.17947, 4.54267, 5.83293, 9.57121, 12.0138, 13.9815, 13.9443, 11.5862, 9.72594, 7.7276, 6.4511, 4.62281, 2.81258, 2.3937, 1.95246, 1.59698, 1.04325, 0.521602, 3.19297, 8.12854, 15.3303, 27.1465, 35.8811)
(5.08139, 9.80556, 21.4979, 26.071, 20.3527, 10.2955, 1.1159, 1.06786, 0.930584, 0.985468, 2.79616, 2.72557, 5.48561, 9.26927, 14.4113, 14.9478, 14.2494, 11.7296, 9.9324, 8.53813, 5.71239, 2.99856, 1.89277, 1.4665, 1.1838, 0.982332, 0.714646, 0.688853, 2.87435, 6.92097, 14.7542, 30.1278, 38.3938)
(4.08179, 10.143, 18.5576, 25.991, 25.1838, 9.7064, 1.13917, 1.16045, 0.874398, 0.924453, 2.23793, 2.5193, 5.00471, 8.68471, 12.4322, 14.2999, 15.6851, 13.3961, 11.2259, 8.6307, 5.47886, 2.64248, 2.16741, 1.43973, 1.16877, 1.00173, 0.377466, 0.249612, 2.61767, 9.43554, 17.756, 28.2104, 35.5757)
(7.1171, 7.78524, 11.9501, 17.2232, 22.4391, 15.6542, 4.08212, 1.45086, 1.96105, 3.06609, 7.27092, 8.98107, 7.62353, 7.3896, 9.01524, 9.89173, 10.6913, 10.662, 9.40635, 9.03084, 8.98392, 8.3244, 1.98821, 2.02034, 2.4105, 2.69655, 2.73163, 0.961609, 4.97926, 11.8669, 18.5045, 24.0015, 27.839)
(8.81842, 7.85224, 9.79719, 13.4194, 19.7444, 16.6708, 5.19218, 2.07163, 2.36635, 4.29969, 9.76766, 9.4255, 8.01084, 7.29284, 8.08294, 9.4313, 10.4571, 10.9291, 9.61444, 9.17995, 8.23145, 9.34462, 2.53521, 2.74294, 3.42185, 3.58915, 2.69726, 0.881059, 5.53258, 11.9586, 17.9135, 21.7404, 26.9875)
(3.64284, 6.15351, 10.4204, 14.4577, 18.2712, 29.8322, 9.98351, 0.22881, 2.26183, 2.49765, 2.25031, 10.281, 11.0007, 6.90038, 9.64228, 4.27621, 12.6149, 7.98553, 13.5031, 14.4866, 5.37772, 3.93147, 3.11575, 3.19847, 8.13046, 2.67361, 1.84296, 0.157832, 1.40907, 6.39111, 16.3001, 23.7173, 33.0633)
(8.74708, 7.30413, 8.49124, 11.7727, 17.0188, 17.2436, 7.58604, 3.34229, 2.91121, 4.42083, 11.1621, 8.31705, 8.1942, 8.31727, 9.32071, 9.72934, 9.33257, 9.85663, 8.99093, 8.86167, 8.97941, 10.1002, 3.60566, 4.6815, 5.27485, 5.09931, 3.20146, 1.04321, 5.18426, 11.1143, 15.9157, 19.9516, 24.9281)
(8.28238, 9.0285, 11.0479, 17.7979, 18.9452, 12.4348, 4.15931, 2.22311, 1.29704, 4.85749, 9.9264, 10.0608, 7.32686, 7.31426, 9.50957, 9.13451, 6.52002, 10.7859, 8.25365, 12.458, 10.3133, 8.3231, 4.18345, 2.46019, 3.2567, 2.64514, 2.83876, 0.0857554, 2.90292, 6.3579, 13.7929, 24.3967, 37.0796)
(6.74739, 7.51708, 14.058, 22.5789, 22.1275, 9.63765, 4.18792, 3.70753, 2.53436, 2.54446, 4.35925, 5.56856, 6.1682, 7.90313, 10.0755, 13.2793, 15.4727, 13.0492, 10.1209, 7.57326, 5.34907, 5.44013, 5.84902, 4.85547, 5.23652, 3.598, 1.54745, 0.424329, 2.68594, 8.15941, 15.4272, 23.0821, 29.1345)
(4.38408, 5.22704, 12.3261, 22.2201, 23.6796, 13.004, 5.07916, 3.95344, 3.70575, 2.69715, 3.72343, 6.8561, 6.34883, 8.21262, 10.6118, 12.5077, 12.0764, 11.4925, 10.0821, 7.88914, 7.04007, 6.88288, 5.27695, 4.9438, 4.28931, 3.87329, 2.33326, 0.588243, 3.24513, 9.26019, 15.3976, 22.9599, 27.8323)
(4.94225, 5.88826, 15.3529, 25.6794, 21.0083, 11.0385, 4.39652, 3.04428, 2.72351, 2.38807, 3.53802, 5.0111, 5.6027, 8.05396, 11.7907, 13.6778, 13.9462, 12.2461, 9.84211, 7.67977, 6.64964, 5.49989, 4.31784, 3.99409, 4.5119, 3.38516, 1.79415, 0.409753, 3.27486, 7.29399, 14.9781, 25.9951, 30.0451)
(10.1382, 9.32077, 9.98019, 19.6305, 19.7809, 12.7733, 5.45416, 2.6079, 2.36696, 2.73153, 5.2156, 8.38111, 6.08743, 7.74271, 10.07, 10.624, 10.2313, 11.3505, 12.6161, 9.69754, 7.43559, 5.76372, 3.58082, 4.07866, 3.76018, 3.4607, 1.93107, 0.901579, 2.77582, 9.11736, 17.9376, 22.7747, 29.6815)
(1.45055, 2.72024, 16.0266, 33.0268, 35.9098, 7.62006, 1.29578, 0.756647, 0.197227, 0.185712, 0.810538, 0.974614, 1.0676, 6.32288, 16.6346, 17.3214, 14.025, 17.7362, 11.1029, 8.25435, 4.59044, 1.97, 1.3608, 0.819335, 0.307081, 0.728827, 0.12552, 0.0426829, 3.798, 10.8688, 24.0921, 30.1104, 27.7465)
