(2.30764, 4.33553, 11.4334, 23.6507, 26.6839, 15.1611, 4.19006, 3.77825, 3.97974, 1.95514, 2.52454, 5.04781, 6.62609, 9.38101, 9.09679, 10.4057, 11.7981, 14.2034, 8.73212, 10.7461, 7.19053, 6.77235, 7.84567, 3.12859, 1.7358, 1.46105, 1.13764, 0.384803, 3.81637, 11.328, 17.0367, 23.608, 28.5173)
(5.32567, 5.54879, 12.1376, 17.7748, 19.8375, 16.1387, 5.50715, 4.26296, 3.03738, 3.76201, 6.66754, 8.56702, 9.09909, 9.95839, 8.23833, 9.75362, 9.44648, 9.70829, 8.69067, 9.08597, 8.70746, 8.74468, 6.3194, 4.2945, 2.7832, 1.98789, 1.69721, 0.451041, 3.79767, 7.16429, 16.1268, 24.1286, 31.2494)
(5.51411, 7.01804, 12.4547, 16.55, 18.6762, 13.1816, 6.49978, 4.47901, 5.24049, 4.5928, 5.7933, 9.36948, 8.24079, 8.86341, 9.18757, 9.06609, 8.48364, 10.3204, 8.76985, 9.26415, 8.86461, 9.57002, 7.13977, 4.19586, 3.28443, 2.22722, 1.72185, 0.604963, 4.11829, 9.07282, 13.1369, 21.6773, 32.8205)
(3.62827, 4.75234, 11.5537, 21.0541, 23.7469, 15.2646, 6.22588, 3.37746, 3.19863, 2.90972, 4.28843, 7.55431, 7.66852, 11.1127, 9.30376, 11.2723, 9.79376, 10.0037, 7.4889, 8.90072, 8.69287, 8.20843, 5.08126, 3.73683, 2.79504, 2.02823, 1.61937, 0.931346, 4.29588, 7.46117, 18.4516, 25.5503, 28.049)
(5.43306, 6.75233, 12.3376, 17.3934, 18.2779, 14.049, 6.72011, 4.59101, 5.20279, 4.17889, 5.06395, 9.54746, 8.66924, 8.90067, 9.2242, 8.66481, 8.64652, 10.5925, 8.89572, 8.92442, 8.46407, 9.47036, 7.8309, 4.62972, 3.37351, 2.16512, 1.65313, 0.623309, 3.96303, 8.77116, 12.9947, 21.1377, 32.8577)
(5.31635, 5.9406, 12.2466, 18.3888, 15.9833, 13.4169, 5.79244, 4.9547, 4.94908, 4.73026, 8.28094, 9.71199, 9.27013, 10.0981, 8.97121, 8.36827, 9.43775, 8.49222, 7.75138, 8.73759, 9.30627, 9.85509, 6.4555, 4.17073, 4.01412, 2.78874, 1.40718, 0.81921, 3.7852, 6.63493, 15.6915, 23.6551, 30.5778)
(7.47458, 7.93812, 11.237, 17.1767, 18.4139, 14.1956, 5.73396, 3.40579, 3.61566, 4.20298, 6.60567, 9.9565, 9.24794, 8.88576, 8.75615, 8.99191, 7.88401, 9.26143, 9.03189, 8.28299, 9.42914, 10.2723, 6.80904, 5.65902, 4.27198, 2.56175, 1.99905, 0.742863, 4.5535, 9.14552, 15.6424, 21.3064, 27.3085)
(4.49113, 5.28073, 12.0438, 18.785, 20.3815, 15.3971, 6.58882, 4.04395, 3.79982, 3.45254, 5.73567, 8.91626, 8.39173, 10.7968, 8.34286, 9.31441, 9.14703, 9.84031, 7.77534, 9.08703, 8.78207, 9.60616, 5.41086, 4.44619, 3.50045, 2.48462, 2.08492, 0.886813, 4.14044, 7.77866, 16.8606, 23.7331, 28.6734)
(6.55033, 6.9095, 10.9386, 16.2841, 16.0702, 14.0877, 6.38008, 5.29658, 5.11836, 5.67025, 6.69428, 11.4356, 8.99574, 7.94225, 9.97388, 7.7158, 7.96454, 9.55755, 9.22226, 7.65533, 8.09637, 11.4407, 4.17878, 4.72804, 4.28295, 3.09415, 2.95069, 0.623115, 4.07357, 9.03332, 13.5658, 21.5433, 31.9263)
(4.28182, 4.88909, 9.68977, 19.3888, 21.0612, 16.5194, 5.89549, 5.0718, 5.75807, 3.46788, 3.97672, 7.11846, 8.29075, 8.23448, 9.65294, 9.90347, 10.8292, 10.7608, 7.93886, 9.79638, 8.37324, 9.10144, 8.77234, 5.34627, 4.12556, 2.3175, 1.64359, 0.610981, 3.86009, 10.4192, 15.8376, 21.3673, 25.6996)
(6.90186, 7.84873, 11.2183, 16.0635, 16.6378, 12.487, 5.55025, 5.12528, 4.90297, 4.65975, 8.6046, 9.88647, 9.23768, 9.18707, 8.26039, 8.1144, 9.02773, 9.01799, 8.40856, 9.22623, 9.22513, 10.4084, 7.37134, 6.1255, 4.54096, 3.26661, 2.05681, 0.602841, 3.48078, 7.75754, 14.9602, 21.8366, 28.0009)
(6.75782, 6.78643, 9.4941, 14.8162, 15.271, 14.1823, 7.52857, 5.59284, 6.47995, 5.89181, 7.19901, 10.7875, 8.95656, 8.46478, 9.22242, 7.68265, 7.86939, 9.31143, 8.65905, 8.079, 9.17709, 11.7901, 8.60357, 6.60114, 5.09568, 2.90588, 1.9867, 0.557885, 3.49757, 8.41784, 12.6049, 19.5194, 30.2094)
(5.61663, 6.56492, 11.0835, 16.3753, 15.4305, 14.904, 7.27686, 5.35206, 5.41507, 5.26547, 6.71567, 10.7159, 9.35786, 8.09065, 10.1336, 7.49458, 8.3342, 8.65574, 8.76301, 7.9316, 9.17534, 11.3475, 6.36737, 5.57758, 4.90533, 3.46143, 2.2891, 0.532915, 3.88859, 8.8859, 14.3584, 20.2122, 29.5211)
(4.12287, 5.26806, 9.98161, 18.6582, 20.5365, 16.4034, 6.61997, 5.00211, 4.86897, 3.58064, 4.95758, 8.02065, 9.05548, 8.61784, 9.94466, 8.87046, 9.96834, 10.9641, 7.91735, 8.85077, 8.34394, 9.44639, 7.51049, 5.74293, 3.56884, 3.00352, 2.00263, 0.639529, 3.66303, 10.4259, 16.0197, 21.1459, 26.2776)
(6.24816, 5.77804, 10.6853, 15.5095, 20.6693, 17.4431, 6.58952, 3.26844, 3.26133, 3.94028, 6.60699, 9.83556, 9.36756, 8.53158, 8.73014, 7.81491, 8.36593, 10.0569, 8.77274, 9.3365, 8.9931, 10.1951, 6.28464, 4.93942, 3.98314, 2.31136, 2.25345, 0.943949, 5.14889, 8.43876, 16.8273, 21.8864, 26.9827)
(5.8516, 6.96316, 11.7122, 16.728, 15.1868, 14.5362, 7.06562, 5.21148, 4.59697, 5.20697, 6.94103, 10.835, 9.73298, 8.19861, 9.9094, 7.37865, 7.89867, 8.94159, 9.62352, 7.61673, 9.07616, 10.7887, 4.93319, 5.34335, 5.48979, 3.54832, 2.23851, 0.548003, 4.38173, 8.69016, 14.5662, 20.5469, 29.7138)
(4.80991, 6.13747, 11.4216, 20.5719, 26.609, 15.4985, 3.89083, 2.03567, 2.0624, 2.49839, 4.46426, 7.79232, 8.57225, 8.20451, 9.43935, 11.2288, 10.5143, 11.3147, 10.2057, 8.98986, 7.61292, 6.1252, 3.10033, 2.9751, 1.93853, 1.60081, 1.19801, 0.594147, 4.03291, 10.3798, 18.3253, 26.4796, 29.3754)
(6.68457, 7.09604, 11.4512, 15.1328, 14.4122, 13.9107, 6.0188, 4.82985, 4.63836, 5.57055, 10.2549, 11.0435, 9.13973, 10.1386, 8.38646, 7.79153, 8.55713, 7.85021, 7.50878, 9.24075, 9.24866, 11.0947, 5.6129, 5.67249, 4.24981, 3.7517, 2.48659, 0.984644, 4.33919, 7.49971, 14.0929, 21.7206, 29.5894)
(7.29741, 7.25305, 10.7589, 13.7314, 14.5037, 13.6889, 6.37323, 5.44204, 5.30493, 5.85757, 9.78885, 11.1064, 8.95675, 9.81967, 8.3136, 7.8904, 8.58507, 8.25973, 7.39879, 8.60489, 9.33471, 11.73, 7.59822, 6.44038, 4.67917, 3.63726, 2.40316, 0.709915, 3.77661, 6.95645, 13.1435, 20.309, 30.3464)
(7.55865, 8.92612, 14.9762, 16.4594, 16.8728, 11.6738, 6.64909, 3.48013, 2.33454, 3.66758, 7.40166, 10.3331, 8.01268, 8.11715, 10.1818, 9.15298, 9.5134, 9.60965, 9.28207, 9.03947, 8.29284, 8.46477, 7.40108, 5.4363, 5.14923, 3.72828, 2.2219, 0.67763, 3.78489, 7.22431, 14.8949, 21.8398, 27.6417)
(5.53925, 6.6232, 12.3438, 19.9522, 23.4659, 14.2883, 4.47444, 2.69031, 2.61008, 2.64311, 5.36929, 8.39034, 8.86328, 8.32716, 8.5636, 10.0608, 10.574, 10.1702, 9.92632, 9.15084, 8.51416, 7.45936, 3.30523, 3.06291, 2.35411, 1.93191, 1.85018, 0.586687, 3.86471, 10.1706, 17.0012, 25.5188, 30.3536)
(7.46511, 7.79641, 11.5538, 16.6043, 18.6058, 13.6529, 5.55039, 3.80111, 3.29727, 4.26429, 7.40855, 10.0204, 9.37116, 8.77028, 8.36852, 8.47586, 8.43726, 8.65691, 9.16172, 9.61471, 9.20441, 9.91877, 4.70546, 4.48217, 3.37234, 2.43843, 2.24643, 0.6802, 3.4939, 9.20203, 14.652, 23.6161, 31.111)
(9.25422, 9.00565, 11.0588, 14.2136, 14.9484, 13.511, 6.01843, 4.19367, 3.86964, 5.34401, 8.58254, 11.4563, 9.76276, 8.68153, 8.11749, 7.19759, 7.32983, 8.33085, 8.53529, 8.66882, 10.0272, 11.8923, 6.21927, 5.35072, 4.5179, 3.21438, 2.23463, 0.59179, 3.4974, 8.45931, 13.8671, 21.1066, 30.9409)
(8.51556, 7.96772, 10.3544, 12.3993, 14.1595, 13.1174, 6.54727, 5.31345, 5.22635, 5.9204, 10.4787, 12.1534, 9.38563, 8.91866, 8.09683, 7.50101, 7.71028, 8.04106, 7.67811, 8.49904, 9.5521, 12.4638, 8.03804, 7.26711, 5.65326, 4.26489, 2.79022, 0.791354, 3.61346, 7.05559, 13.1341, 19.2634, 28.1287)
(4.33652, 4.28995, 10.1501, 19.5465, 24.0647, 18.3824, 7.41252, 2.95915, 1.86534, 2.59793, 4.39495, 7.55997, 7.08725, 10.8828, 9.54333, 10.4663, 12.1459, 10.4277, 9.42225, 8.37796, 6.83747, 7.24905, 7.40462, 3.30853, 2.49435, 1.97795, 1.92289, 0.70707, 3.78727, 8.22674, 17.8011, 24.1065, 28.263)
(6.67394, 8.02938, 13.9189, 16.4867, 15.7112, 13.9405, 5.70757, 3.91422, 2.98925, 4.3721, 8.25612, 10.2989, 8.92876, 9.3796, 9.64925, 8.34646, 8.72538, 9.11656, 8.25947, 9.71262, 8.99911, 8.58391, 4.89808, 4.41644, 4.25195, 3.77973, 2.12864, 0.908162, 3.34216, 8.15604, 14.4429, 21.9214, 31.7545)
(5.92466, 7.58549, 13.8328, 17.6291, 15.7232, 14.1956, 6.80433, 3.78375, 2.98579, 4.12298, 7.41224, 9.80286, 9.13617, 8.98295, 9.24767, 9.3851, 9.25923, 8.47963, 8.11681, 10.3667, 9.22371, 7.99918, 4.89234, 3.95706, 4.48422, 3.35529, 2.37519, 0.67486, 3.29645, 8.02524, 13.9685, 22.6135, 32.3573)
(9.10691, 9.31514, 12.4964, 13.8846, 13.3899, 12.898, 6.93408, 3.90377, 3.61318, 5.58015, 8.87786, 11.0047, 9.61989, 9.27163, 8.34869, 8.40382, 8.05573, 8.01431, 7.96428, 8.57287, 9.27853, 11.4656, 9.02781, 7.06296, 5.74287, 3.7664, 2.40434, 0.540069, 3.22454, 7.1402, 12.9941, 19.3503, 28.7465)
(9.06692, 9.06024, 13.373, 15.6289, 14.1278, 13.0003, 6.82332, 3.83501, 2.82057, 4.17237, 8.09153, 10.4964, 9.18419, 8.29738, 9.34693, 8.68239, 8.9185, 8.46461, 8.85957, 9.37928, 8.6167, 9.7541, 8.37281, 6.04027, 5.01644, 4.33946, 2.66738, 0.86454, 3.73287, 7.4759, 14.1313, 20.0071, 27.3519)
(9.90743, 9.85236, 11.5186, 12.9202, 12.4271, 12.7547, 6.90867, 4.13838, 4.06403, 5.98401, 9.52451, 11.2788, 9.606, 9.01114, 8.52914, 7.93528, 7.67209, 8.04033, 7.77718, 8.40301, 9.59869, 12.1483, 9.46387, 7.567, 6.18013, 3.79317, 2.63975, 0.608539, 3.41176, 7.25924, 12.5194, 18.6324, 27.9247)
(10.0994, 9.79533, 10.9983, 12.5393, 12.4014, 10.7331, 6.11977, 5.26235, 5.14545, 6.20247, 10.7031, 10.7571, 8.84758, 8.7707, 8.23819, 8.41211, 7.85843, 8.88248, 8.13033, 8.64572, 10.0677, 11.3896, 10.6956, 8.95768, 6.27267, 4.47138, 2.60294, 0.704673, 3.00963, 6.66122, 12.1183, 18.1789, 26.3269)
(9.36937, 7.97165, 9.97457, 12.3781, 12.8947, 13.4049, 7.39993, 4.77507, 4.96029, 6.52431, 10.3471, 12.2874, 9.67629, 8.30801, 9.59123, 6.82805, 7.32609, 7.73594, 7.94539, 7.63182, 9.98693, 12.6829, 7.32219, 7.66853, 7.00773, 4.44102, 2.49593, 0.718986, 3.68599, 7.9981, 13.4574, 18.9523, 26.2518)
(8.52062, 7.83064, 10.29, 13.1448, 13.0642, 13.3454, 7.98293, 4.85366, 4.44915, 6.17454, 10.3441, 11.4473, 9.66512, 8.43658, 9.56204, 7.27166, 7.41818, 7.92135, 8.17913, 7.6477, 10.1203, 12.3307, 6.76227, 6.68075, 6.43593, 4.22642, 2.16639, 0.603229, 3.56403, 7.90012, 13.664, 19.6237, 28.3732)
(5.81315, 7.10289, 12.3446, 18.957, 20.1555, 13.1508, 4.7087, 3.5552, 3.732, 4.02952, 6.45059, 8.64517, 9.25543, 8.88456, 8.67559, 9.28632, 9.97595, 9.55577, 9.24172, 9.61516, 8.78254, 8.0818, 4.79436, 4.73675, 2.88947, 2.15054, 1.78631, 0.467401, 3.35517, 9.23427, 15.0903, 24.0176, 31.4779)
(10.2843, 9.04066, 9.53431, 10.4663, 12.8144, 14.6091, 7.78165, 5.16032, 4.16734, 5.3902, 10.7515, 13.3955, 9.38263, 8.04707, 7.95168, 7.11409, 6.65903, 8.31245, 7.36681, 8.73844, 10.3091, 12.7231, 9.37859, 7.51856, 5.94061, 5.53992, 3.59301, 1.02355, 4.1141, 8.31373, 14.0937, 17.9777, 22.5065)
(8.00993, 8.08368, 10.2286, 12.8832, 14.959, 14.1574, 7.20452, 4.99924, 4.75297, 5.90935, 8.81209, 11.7641, 9.45996, 9.17924, 8.65106, 7.67164, 7.23621, 8.92142, 7.90566, 8.59265, 9.85998, 10.7581, 9.19947, 7.46037, 6.17234, 4.51726, 2.53122, 0.681912, 3.35438, 7.1387, 12.3715, 19.6062, 26.9666)
(7.74372, 7.15465, 10.6598, 13.2807, 15.9998, 14.0099, 7.03583, 4.47756, 4.97313, 5.9164, 8.74852, 10.6892, 8.50951, 9.35151, 8.69421, 7.90828, 8.10304, 8.83769, 8.38781, 9.19624, 9.75156, 10.571, 9.26351, 6.04084, 5.20537, 3.35256, 2.26028, 0.773159, 3.22046, 6.55969, 13.5429, 19.5935, 30.1877)
(7.99267, 8.88035, 13.7316, 16.3789, 14.6761, 10.9323, 5.90313, 4.13251, 4.22009, 5.15123, 8.00117, 8.93865, 9.16008, 8.60959, 10.2601, 9.07877, 8.36085, 9.35791, 9.02909, 8.45147, 8.99152, 9.762, 5.4517, 5.21936, 4.8591, 3.07789, 1.60461, 0.488623, 2.50567, 6.18993, 13.4928, 21.8891, 35.2211)
(4.70807, 5.81312, 11.3082, 19.176, 21.0056, 14.0739, 6.35829, 3.80209, 3.10642, 4.48673, 6.16159, 7.71689, 7.41618, 9.11601, 9.23038, 8.96269, 9.66273, 10.528, 9.88581, 9.9964, 8.74822, 8.73665, 7.48654, 4.33414, 3.58157, 2.04111, 1.65037, 0.65248, 2.97544, 7.32204, 16.5225, 23.5365, 29.8974)
(5.29334, 5.07634, 10.1519, 15.7372, 19.4229, 18.5402, 7.64098, 4.31065, 4.10274, 4.49455, 5.22918, 10.6652, 10.072, 9.12687, 9.55057, 7.95223, 8.56022, 9.4355, 8.74402, 7.95817, 8.53103, 9.40427, 6.12238, 5.01147, 5.82353, 4.9702, 2.63464, 0.915844, 4.49307, 8.53808, 15.3758, 21.0395, 25.0756)
(4.60317, 5.36465, 10.1851, 18.1808, 22.4341, 17.127, 6.77218, 3.1748, 3.00961, 4.00755, 5.14099, 8.78001, 7.89757, 8.55469, 8.58264, 9.81663, 9.48359, 10.2307, 8.82707, 10.2378, 8.5438, 9.04549, 7.32089, 3.76614, 3.36509, 2.16829, 1.79746, 0.663936, 3.64671, 8.21173, 15.4736, 23.2454, 30.3408)
(5.05016, 5.11702, 9.95442, 15.6979, 19.5962, 18.4447, 8.75752, 4.98151, 3.59222, 3.89806, 4.91021, 10.7727, 9.19064, 8.97354, 9.46616, 8.05048, 8.51041, 9.74022, 8.15893, 8.99453, 8.81745, 9.32492, 6.01864, 5.04586, 5.66345, 4.26818, 2.04408, 0.860109, 4.27595, 7.51994, 15.1746, 22.7077, 26.4215)
(4.80048, 6.06929, 13.5836, 19.3926, 21.4342, 15.0855, 6.56929, 2.26293, 1.98756, 3.6978, 5.11668, 7.29458, 7.50173, 9.71844, 10.142, 10.6688, 10.4499, 9.45467, 9.48577, 10.0096, 8.04456, 7.23004, 3.87831, 3.70297, 3.31146, 3.23423, 2.09299, 0.727638, 3.72294, 8.32093, 16.8108, 24.8068, 29.3909)
(7.48682, 8.60444, 14.5114, 16.8766, 14.4764, 12.6947, 7.20113, 3.21437, 2.69786, 4.30636, 7.93003, 9.8347, 8.62176, 9.24686, 8.65973, 9.42758, 8.79499, 9.50628, 8.9524, 9.16069, 8.38414, 9.41087, 7.18474, 5.62562, 4.6629, 4.05638, 2.37943, 0.798061, 3.42117, 7.1256, 14.8978, 19.6272, 30.2211)
(6.55974, 8.35024, 13.7812, 16.4641, 15.9746, 13.4067, 5.5604, 4.05811, 3.80212, 4.48228, 7.56054, 8.54448, 9.00988, 9.38559, 9.86586, 9.53, 9.62771, 9.20798, 8.44018, 9.87473, 9.24404, 7.26955, 6.13126, 4.67816, 3.58926, 3.12079, 1.68378, 0.503025, 2.5141, 7.03051, 12.594, 21.8694, 36.2857)
(8.80215, 8.89044, 11.7713, 13.6151, 14.3233, 13.1553, 6.21599, 4.00247, 4.37986, 5.68606, 9.15799, 10.8775, 10.222, 9.46977, 8.9938, 7.90665, 8.12319, 7.75416, 7.47807, 8.66896, 9.81271, 10.6931, 7.27556, 6.7247, 5.14199, 3.91056, 2.2106, 0.846898, 3.67183, 8.30858, 13.3829, 19.6966, 28.8298)
(5.29457, 7.8348, 16.4795, 22.3865, 18.2335, 11.0649, 4.45229, 3.60464, 3.27424, 2.69787, 4.67719, 7.34376, 7.95003, 8.83126, 10.9767, 10.9388, 10.2305, 10.9415, 10.753, 7.79941, 8.37086, 5.8643, 4.3941, 4.028, 3.36841, 2.0211, 0.883667, 0.364804, 1.74306, 5.57879, 13.7806, 29.1527, 34.6847)
(7.04853, 7.2597, 10.7571, 16.6795, 16.0103, 13.922, 7.34425, 4.84535, 4.39006, 4.84039, 6.90274, 10.6311, 9.51181, 9.10423, 9.44308, 8.80104, 9.24531, 10.4849, 8.25283, 7.67724, 8.15846, 8.69003, 9.08498, 7.59113, 6.36785, 4.93891, 2.85106, 0.79429, 2.93522, 6.79243, 12.9886, 20.7656, 24.8899)
(4.65202, 6.63785, 13.6273, 18.8197, 20.1516, 14.3118, 6.6074, 2.9452, 2.44134, 3.8819, 5.92391, 7.81214, 8.11481, 9.36111, 9.99065, 9.9616, 10.2887, 9.45443, 9.15469, 9.50372, 8.15848, 8.19963, 4.45577, 4.15125, 3.56163, 4.20952, 1.78198, 1.27712, 3.24277, 8.68641, 16.087, 23.3257, 29.2209)
(10.1961, 9.96335, 11.3141, 13.1718, 13.4617, 11.9758, 6.47046, 4.73533, 4.31143, 5.20604, 9.19382, 10.7403, 8.96863, 8.1236, 8.36844, 8.7294, 8.16433, 8.47205, 8.97605, 9.49608, 8.8436, 11.1176, 10.3531, 7.73037, 5.55502, 4.45444, 3.1712, 0.996635, 3.5655, 7.08315, 12.1479, 17.3607, 27.582)
(9.78759, 10.5725, 11.9964, 12.1004, 12.5317, 12.495, 6.31821, 4.78103, 4.43855, 5.91037, 9.06836, 11.6125, 8.80539, 8.72434, 8.74102, 8.12026, 8.20741, 7.85173, 6.93645, 9.15252, 9.8496, 11.9988, 11.2221, 8.84198, 6.83276, 4.57402, 2.70517, 0.708326, 4.40565, 7.83227, 10.6602, 16.8137, 25.4039)
(9.87059, 10.1071, 12.1354, 12.3362, 12.9033, 12.4872, 6.21578, 5.2245, 4.67934, 5.14694, 8.89362, 11.5737, 8.52973, 8.16909, 8.48703, 8.00829, 8.54584, 8.27292, 7.56109, 8.93972, 9.75767, 12.1549, 10.5659, 8.30585, 6.29691, 4.72606, 3.26532, 0.857029, 4.20781, 8.10818, 11.5404, 16.4049, 25.7217)
(10.8587, 9.74971, 11.0128, 12.2901, 12.3413, 11.3451, 6.10426, 5.52382, 5.35037, 6.0172, 9.40657, 11.4228, 9.51461, 8.02874, 9.00558, 8.69721, 7.79153, 8.76101, 8.55482, 8.67552, 9.57579, 9.97238, 12.3302, 8.71527, 6.78039, 4.58832, 2.61431, 0.709124, 2.701, 6.65612, 11.2987, 16.6094, 26.9971)
(9.44022, 10.3364, 10.7087, 12.5345, 12.4002, 11.0267, 6.57176, 5.48034, 5.57086, 6.89905, 9.0312, 10.7587, 9.55917, 9.0442, 8.33769, 8.63073, 7.46426, 9.54246, 8.1229, 8.20633, 9.84855, 10.485, 12.5798, 10.1539, 7.70296, 5.02761, 2.34148, 0.577055, 2.90531, 6.35678, 11.5672, 17.0073, 23.7806)
(5.75969, 6.62437, 11.2892, 17.5428, 19.1351, 15.2554, 6.72194, 3.87715, 3.69705, 4.80351, 5.29378, 9.32053, 8.40102, 8.66532, 8.72463, 9.46288, 8.74627, 9.75219, 8.39625, 9.88503, 9.81466, 8.83122, 7.27904, 4.71807, 4.46931, 3.11411, 1.75867, 0.479994, 3.64734, 7.72558, 13.4998, 23.2742, 30.0338)
(6.41102, 8.49912, 14.2915, 20.5375, 18.2513, 10.7959, 4.25973, 2.91379, 4.1675, 3.73138, 6.14119, 6.73697, 7.92482, 9.13784, 11.6097, 10.4776, 10.3998, 10.0226, 9.70213, 8.74564, 7.91055, 7.33235, 6.45494, 4.65451, 2.75873, 2.42865, 1.5515, 0.505078, 2.67486, 8.1918, 16.2626, 23.507, 31.0103)
(6.45404, 9.09335, 14.696, 19.4896, 17.8718, 10.7103, 4.64861, 2.85679, 3.94645, 3.66858, 6.56446, 7.18004, 7.99191, 9.20283, 11.4922, 10.129, 9.87085, 10.2093, 9.44395, 8.80769, 8.23045, 7.4418, 6.96597, 5.10803, 3.05301, 2.68343, 1.57219, 0.572947, 2.72959, 7.8822, 15.7841, 23.4258, 30.2228)
(4.78435, 7.16092, 16.6855, 23.4504, 19.9487, 12.1375, 4.01348, 2.57643, 2.80852, 2.45948, 3.97478, 6.09549, 7.70213, 9.06841, 12.1637, 11.4376, 10.9243, 11.185, 9.56154, 8.54955, 7.05462, 6.25768, 3.36102, 2.97738, 2.60465, 1.96987, 1.10158, 0.796791, 2.14047, 6.7413, 16.7454, 27.0996, 34.4619)
(6.75501, 10.457, 17.7989, 18.4122, 16.8259, 10.0437, 3.91164, 3.35053, 2.6184, 3.86437, 5.96225, 7.16288, 8.27364, 9.66114, 10.8271, 10.8218, 10.9141, 9.26461, 8.70109, 9.62814, 8.44426, 6.30122, 4.78892, 4.36753, 2.92637, 2.49814, 1.50783, 0.378326, 2.0433, 8.30173, 15.5571, 22.4198, 35.211)
(10.343, 8.28602, 10.0216, 12.3189, 14.2039, 13.4933, 6.46075, 5.31059, 5.28192, 5.89236, 8.38774, 10.3899, 10.2035, 7.75241, 7.92297, 8.00658, 7.5648, 8.74379, 8.9135, 9.76536, 10.1912, 10.546, 11.6789, 9.26858, 5.87838, 4.03975, 3.21824, 0.704146, 3.50795, 7.64646, 12.4233, 17.2394, 24.3948)
(10.6983, 10.0868, 10.9178, 12.185, 12.0453, 11.0342, 5.86844, 5.62102, 5.66855, 6.52494, 9.34961, 11.2974, 9.55965, 8.36311, 8.62994, 8.89928, 7.50824, 9.0081, 8.80871, 8.82308, 9.33135, 9.7711, 13.6186, 9.74864, 7.54632, 4.89726, 2.73562, 0.648985, 2.57252, 6.57178, 11.3685, 16.0101, 24.2817)
(5.86869, 5.84651, 10.8573, 18.6837, 19.6871, 14.5717, 6.707, 4.32927, 3.70644, 4.54248, 5.19975, 9.63999, 7.94255, 8.33369, 8.08386, 8.6153, 9.23113, 11.0862, 9.04906, 9.70706, 9.88773, 8.42345, 7.27939, 4.99028, 4.39713, 3.35809, 1.99122, 0.507337, 3.60785, 6.8546, 14.3911, 22.332, 30.291)
(5.24567, 9.20261, 19.5506, 18.9884, 18.0146, 10.8669, 4.32465, 3.41069, 2.72819, 3.02727, 4.64043, 6.84616, 7.80409, 9.36973, 10.5485, 11.1753, 12.3113, 9.86387, 8.63241, 9.37061, 7.95948, 6.11853, 5.04122, 4.28758, 3.13883, 2.44279, 1.12149, 0.433397, 2.18417, 8.24859, 15.2217, 22.5033, 35.3769)
(8.97901, 7.3869, 9.99656, 12.0287, 15.3545, 13.9908, 6.62425, 4.78411, 5.03754, 6.36625, 9.45135, 9.58194, 9.94948, 9.33713, 8.67935, 8.46512, 7.92134, 8.40468, 8.97243, 8.87821, 9.53598, 10.2743, 12.3084, 9.62315, 5.08776, 3.54604, 2.80324, 0.680048, 3.91259, 8.57204, 12.4195, 18.398, 22.6492)
(4.18423, 7.35548, 17.7971, 20.6256, 19.9973, 12.743, 4.75941, 3.33316, 2.75708, 2.55032, 3.89735, 6.70361, 7.74494, 8.7456, 10.6124, 11.8906, 13.1405, 10.189, 8.18537, 9.24211, 7.79237, 5.75359, 6.4948, 3.97356, 2.93324, 2.11851, 0.905941, 0.304908, 2.44745, 8.24482, 14.8272, 24.9561, 32.7934)
(7.6801, 8.04193, 13.9705, 17.1079, 15.8301, 11.7171, 5.03273, 3.8386, 4.21047, 5.45613, 7.11446, 7.65091, 8.51488, 8.58471, 9.44659, 10.0887, 10.2185, 9.04771, 8.72607, 9.70404, 9.04887, 8.96902, 9.9217, 7.16524, 5.13146, 3.36997, 2.12294, 0.55641, 2.80853, 7.0514, 12.2639, 20.9034, 28.7051)
(5.35587, 7.36534, 14.8858, 20.7634, 19.7732, 11.6608, 4.69553, 4.01158, 3.35145, 3.51681, 4.6202, 6.71994, 7.37908, 8.6292, 10.1595, 11.8634, 12.1389, 10.0107, 8.56754, 9.11875, 8.07677, 7.33627, 8.53214, 5.6285, 3.73423, 2.55339, 1.27372, 0.368065, 2.57962, 7.38605, 14.2979, 23.1867, 30.4598)
(9.02864, 8.06668, 10.6902, 14.4892, 14.8325, 12.1213, 6.52099, 4.9675, 5.50328, 5.84544, 7.9344, 10.1119, 9.67319, 8.9336, 8.92557, 8.5555, 7.84592, 9.31079, 8.70297, 8.6999, 8.26967, 10.971, 10.9781, 7.63483, 5.91416, 4.29442, 2.6113, 0.750385, 2.32505, 7.44178, 13.6822, 19.0299, 25.3379)
(7.1417, 7.68371, 10.868, 16.3642, 16.297, 13.1765, 6.7672, 5.03046, 5.31635, 4.88552, 6.46941, 9.59227, 9.38999, 9.16175, 8.97201, 8.61161, 7.8661, 9.59187, 8.79667, 8.4946, 7.9904, 11.5327, 9.30034, 6.98304, 5.19702, 3.58684, 2.19147, 0.700513, 2.4857, 7.83281, 14.3337, 20.5125, 26.8761)
(9.69726, 8.90114, 9.68005, 10.8345, 12.4591, 13.3197, 7.25096, 5.79677, 5.57527, 6.85515, 9.63011, 12.292, 10.2716, 7.83891, 7.85041, 7.35364, 6.92194, 7.86913, 8.22031, 9.26886, 10.1848, 11.9283, 10.0746, 7.78494, 6.653, 5.24474, 2.9715, 0.665077, 3.68002, 7.98981, 12.3555, 18.2122, 24.3685)
(8.89979, 7.25935, 9.40103, 12.7772, 13.798, 14.0039, 6.69928, 5.30051, 5.7799, 7.42595, 8.65507, 10.5339, 10.2962, 8.55457, 8.14904, 8.36838, 7.77419, 7.89698, 7.64607, 8.51413, 10.3801, 11.8865, 12.0712, 8.88732, 7.14794, 4.75346, 2.73641, 0.781234, 3.63279, 7.61648, 12.3649, 18.5422, 21.466)
(10.0699, 8.33643, 10.0559, 12.6187, 13.1587, 12.0599, 6.41289, 5.57491, 6.01498, 6.47447, 9.22329, 10.356, 9.91463, 8.79536, 8.52752, 8.12266, 7.69006, 8.82861, 8.62359, 8.82275, 9.11604, 11.2028, 11.4564, 9.22112, 6.1965, 4.47831, 3.01732, 0.828487, 2.65712, 7.52944, 12.1081, 18.0006, 24.5066)
(8.40508, 8.5264, 10.5046, 15.6372, 16.331, 12.4223, 5.95426, 4.20046, 4.71879, 4.89791, 8.40196, 8.44386, 10.6032, 9.78415, 8.13925, 9.53056, 8.37293, 8.51043, 9.35434, 8.34925, 8.67793, 10.2341, 8.81429, 5.77759, 4.29263, 3.26024, 2.0482, 0.84362, 3.1607, 8.25777, 15.5127, 21.6345, 26.3977)
(7.8786, 8.31056, 8.8435, 10.9839, 12.8304, 15.1721, 8.49362, 6.43879, 5.34742, 6.73464, 8.96652, 12.8516, 9.66291, 7.78182, 7.79711, 7.14509, 6.82392, 7.57377, 7.76016, 9.40536, 10.3132, 12.885, 8.41593, 7.66519, 7.05395, 5.60837, 3.20948, 0.711865, 3.82637, 8.47851, 12.8886, 17.8949, 24.2468)
(9.4639, 7.63515, 9.37439, 11.0015, 13.2015, 12.5236, 7.08244, 5.71643, 6.19664, 7.21654, 10.5879, 11.6565, 10.5512, 8.72185, 7.84062, 7.67245, 7.06887, 8.29543, 7.85668, 8.74185, 9.81574, 11.7788, 11.9846, 9.34075, 5.94267, 4.26421, 2.56998, 0.586322, 3.3306, 7.67512, 12.1476, 17.9014, 24.2568)
(9.56557, 8.42696, 8.70846, 10.3715, 11.3553, 12.7405, 7.87778, 6.49444, 6.03418, 6.9358, 11.4895, 13.2897, 10.1394, 8.80469, 7.53272, 7.08893, 6.95384, 7.30299, 7.85733, 8.36766, 9.30676, 13.356, 11.3319, 9.57576, 7.95196, 5.88366, 3.01351, 0.863596, 4.02877, 8.53229, 12.143, 16.6842, 19.9913)
(7.93378, 6.9743, 9.00885, 12.2559, 14.2908, 14.3496, 7.99554, 5.8427, 5.68317, 6.93003, 8.73537, 11.3201, 10.7664, 8.46122, 7.90579, 7.76042, 7.66291, 7.74785, 7.37977, 8.87846, 9.73747, 12.3796, 11.0327, 8.40931, 7.78307, 5.05355, 2.82806, 0.761987, 3.98287, 7.82955, 12.4906, 18.1566, 21.6718)
(8.86691, 7.56853, 10.9553, 13.804, 13.1831, 12.8076, 7.02009, 5.24915, 5.38347, 6.07422, 9.08759, 10.2048, 9.59389, 8.82183, 8.60098, 8.02145, 7.70558, 8.06669, 8.35404, 8.75414, 10.0028, 11.8737, 9.08505, 7.89676, 5.92277, 4.52955, 2.46761, 0.661583, 3.16671, 7.39423, 13.0005, 20.3059, 25.5694)
(8.65231, 7.77342, 9.68773, 11.8635, 13.5418, 12.8191, 6.90059, 6.09845, 5.67238, 6.73949, 10.2513, 11.1202, 9.78443, 9.11633, 8.54732, 7.98308, 7.27732, 7.78621, 7.80279, 8.95087, 9.77233, 11.8591, 9.70907, 8.2961, 6.66345, 5.11572, 2.39272, 0.643897, 3.10375, 7.60322, 12.7381, 18.6745, 25.0596)
(11.1362, 8.45022, 8.89873, 11.3038, 11.5952, 11.4589, 7.02318, 6.44587, 6.54789, 7.06647, 10.0735, 12.7372, 10.5191, 8.50765, 7.89416, 8.02216, 7.04191, 7.35538, 7.45667, 8.43865, 9.44767, 12.5795, 12.4966, 10.2918, 8.62826, 5.50395, 3.25097, 0.620949, 3.12769, 7.85671, 12.3329, 15.8805, 20.0097)
(8.49301, 7.34549, 8.53, 12.8684, 14.0563, 13.7565, 8.76989, 6.29702, 5.96205, 6.13613, 7.78516, 13.0275, 9.88049, 8.5482, 9.39535, 7.35544, 8.23094, 8.36127, 7.26171, 8.09973, 8.30489, 11.5345, 11.5091, 9.75009, 8.96034, 5.3143, 3.28531, 0.737847, 2.59907, 7.35492, 12.4616, 16.8495, 21.1779)
(6.5624, 7.78837, 10.0936, 14.3062, 15.1961, 14.2844, 8.53364, 5.91774, 5.21473, 5.13596, 6.96692, 10.2039, 10.0004, 9.06657, 8.7854, 8.18511, 7.33431, 8.66676, 8.2549, 8.80342, 8.69437, 12.0048, 9.18415, 7.6788, 5.66544, 3.76077, 2.02797, 0.653947, 2.82226, 7.60622, 13.3429, 19.7557, 27.5019)
(7.27019, 7.02583, 9.44426, 14.1574, 15.5239, 13.3046, 7.11327, 5.15002, 5.56385, 6.31531, 9.13129, 11.1409, 9.71001, 9.19525, 8.38442, 8.2975, 8.38997, 8.241, 7.83592, 9.40631, 8.65828, 10.7405, 8.39968, 7.4114, 5.17214, 4.15337, 2.6417, 0.646936, 4.00473, 8.49209, 13.9176, 19.8703, 25.29)
(7.92829, 7.57757, 9.2923, 11.9911, 13.811, 13.2881, 7.45217, 5.65535, 5.66581, 7.03949, 10.2988, 12.0507, 10.4291, 8.87491, 8.17365, 7.76901, 7.25151, 7.8341, 7.42776, 9.24933, 9.15367, 11.7862, 9.94345, 8.25661, 5.52659, 4.16253, 2.30605, 0.621257, 3.38838, 7.56831, 12.6758, 19.1832, 26.3678)
(9.05691, 8.83762, 8.87222, 10.8852, 11.2478, 12.2746, 7.95287, 6.47942, 6.1489, 6.95852, 11.2859, 13.4053, 10.3735, 8.61203, 7.49862, 7.04748, 6.98883, 7.38439, 7.99366, 8.16547, 9.52841, 13.0023, 11.451, 10.1349, 8.39816, 5.99533, 3.03915, 0.690478, 3.50157, 8.42789, 12.1273, 16.3532, 19.8811)
(9.57092, 7.71927, 9.00058, 11.9835, 12.9016, 13.4922, 8.52386, 6.4662, 5.85117, 6.0344, 8.45636, 12.2387, 10.1444, 8.4699, 8.46066, 7.51046, 7.57695, 7.96479, 8.17785, 8.67843, 8.89542, 11.8824, 11.1028, 10.2172, 7.26614, 5.03428, 3.06779, 0.737405, 2.89948, 7.36537, 12.2766, 16.767, 23.2659)
(7.27213, 6.98439, 13.0848, 19.1589, 17.2086, 13.9157, 4.8127, 3.45997, 3.53733, 3.57797, 6.98753, 8.47705, 8.35504, 8.62616, 8.47596, 10.5065, 9.20299, 9.36788, 8.87331, 9.17962, 10.0602, 8.87536, 6.38413, 5.24737, 4.40851, 3.76597, 2.07755, 0.606009, 3.53094, 8.75042, 14.6231, 21.3863, 29.2197)
(8.19545, 7.78818, 9.60262, 11.6319, 13.2522, 13.0203, 7.70478, 5.72202, 6.09044, 6.85982, 10.1322, 12.5052, 10.6724, 8.90929, 7.82018, 7.67642, 7.22712, 7.34161, 7.41679, 8.82536, 9.55426, 12.0513, 10.3595, 8.11306, 5.65456, 4.29368, 2.21282, 0.609007, 3.04299, 7.0056, 11.6872, 19.3723, 27.6494)
(8.10203, 8.42573, 9.85275, 11.8158, 12.6035, 13.1889, 8.35968, 6.35735, 5.20522, 5.66665, 10.4224, 11.4004, 9.55168, 8.38962, 8.63419, 7.29727, 8.3201, 8.34277, 8.48385, 8.4091, 9.31529, 11.8557, 7.78981, 8.38873, 8.4032, 5.61144, 2.77071, 0.565723, 3.35536, 7.42017, 12.1541, 17.624, 25.9168)
(5.59313, 7.13255, 13.0609, 14.7846, 17.1763, 14.2313, 6.8264, 5.12244, 4.58226, 4.45091, 7.03928, 11.3849, 9.1608, 9.05496, 7.257, 8.28689, 7.91854, 7.6495, 8.11262, 9.82699, 9.92894, 11.4188, 5.70959, 5.60667, 4.79513, 3.44626, 1.6302, 0.301413, 2.8459, 7.82917, 14.085, 21.337, 32.4136)
(8.5037, 8.16212, 10.1123, 12.7479, 13.7467, 13.7905, 8.3046, 5.73115, 5.27376, 5.45799, 8.16923, 11.3504, 10.3124, 8.53928, 8.00239, 8.56548, 7.96514, 7.62752, 7.93787, 8.23745, 9.4613, 12.0008, 10.1602, 8.44603, 7.03252, 4.86793, 2.8165, 0.715477, 3.21783, 7.41983, 12.1452, 17.987, 25.1915)
(10.4166, 8.07046, 9.08862, 11.3157, 12.0571, 12.1733, 7.58885, 6.36274, 6.5827, 6.64075, 9.70308, 12.8225, 10.5056, 8.35938, 8.07691, 7.58296, 7.27786, 6.94685, 7.86307, 8.66876, 9.21274, 12.6833, 12.1111, 10.3922, 7.07735, 5.22479, 3.01791, 0.818604, 2.87338, 7.33212, 11.9531, 16.3288, 22.8705)
(6.665, 7.03724, 12.1303, 17.5068, 18.0757, 15.1547, 5.34516, 3.33235, 3.67096, 3.78999, 7.29184, 8.51317, 8.91496, 8.75597, 8.43522, 10.311, 9.69123, 9.09663, 8.5308, 9.03093, 9.77882, 8.94121, 5.70154, 4.71758, 4.77253, 3.52753, 2.20151, 0.611407, 3.55664, 8.33792, 14.6231, 21.9864, 29.9637)
(5.58636, 6.32228, 8.79724, 15.1627, 18.1165, 17.1537, 8.81822, 5.17073, 4.23843, 4.0342, 6.59971, 9.89678, 9.64058, 9.14048, 8.37326, 9.38347, 7.67147, 8.42135, 7.88681, 9.26016, 9.14934, 11.1763, 6.34151, 6.36922, 5.41219, 3.92946, 2.5341, 0.724703, 4.01798, 8.42235, 14.8375, 20.7805, 26.6305)
(8.50878, 7.89724, 9.39741, 10.8053, 12.6387, 12.8087, 7.60977, 5.90393, 5.8875, 7.67903, 10.8637, 12.4253, 10.2935, 8.81126, 7.50295, 7.25389, 7.04258, 7.36461, 7.62344, 8.91489, 10.1285, 12.6391, 10.4419, 8.58552, 6.18442, 4.70465, 2.54027, 0.634491, 3.03659, 7.64834, 11.6426, 18.0501, 26.5311)
(9.60123, 8.47069, 9.88225, 11.5198, 11.582, 12.3908, 7.45045, 5.7844, 6.16109, 7.10165, 10.0556, 12.8766, 10.7751, 8.4441, 7.64321, 7.70246, 7.45087, 7.12925, 7.64123, 8.55407, 9.69886, 12.0842, 11.6807, 9.27581, 6.87391, 4.86278, 2.39719, 0.642617, 2.97488, 6.92197, 10.9732, 17.3535, 26.0435)
(6.3924, 8.02398, 11.7942, 14.8371, 16.9122, 15.0357, 7.78636, 4.41172, 3.89198, 4.09067, 6.82355, 11.3333, 10.5286, 8.4629, 8.26135, 8.12088, 8.04184, 8.56877, 8.48807, 8.49909, 9.02272, 10.6724, 7.71545, 6.93688, 5.31948, 4.12407, 2.25659, 0.707359, 3.03042, 7.29426, 12.8352, 21.92, 27.8603)
(5.72527, 7.44765, 12.0749, 13.9721, 16.1108, 14.4406, 8.05961, 6.16322, 5.0676, 4.08787, 6.85032, 12.5457, 9.95015, 9.05429, 8.02008, 7.30893, 7.68686, 6.7954, 7.30496, 9.54833, 9.8117, 11.9736, 6.15071, 5.85001, 5.48565, 4.07029, 1.90702, 0.206772, 3.10939, 7.59982, 13.5891, 20.4332, 31.5981)
(8.50842, 8.11837, 9.6534, 11.9334, 13.234, 13.2233, 7.7888, 6.16378, 5.65885, 5.8302, 9.88745, 12.058, 10.2061, 8.93277, 7.85564, 6.98818, 7.41166, 8.33734, 8.45728, 8.30055, 10.3154, 11.137, 11.0535, 8.26799, 7.18614, 4.78973, 2.14561, 0.417712, 2.97232, 6.62404, 12.0603, 17.6363, 26.8464)
(8.57602, 7.4105, 9.74381, 11.6744, 13.2504, 13.5641, 7.8897, 5.63724, 5.60099, 6.20189, 10.451, 12.212, 10.0245, 8.73906, 8.03279, 7.22199, 7.46292, 7.68129, 8.62989, 8.56848, 9.66361, 11.7634, 10.1584, 7.88872, 6.2707, 4.36991, 2.29944, 0.497764, 3.10437, 7.10614, 12.7489, 18.334, 27.2216)
(5.72411, 7.68278, 12.1488, 15.6391, 16.8728, 15.5494, 6.50875, 4.15728, 4.23182, 3.85825, 7.62684, 10.7854, 9.11058, 9.1436, 8.64749, 8.54368, 8.6527, 7.97938, 8.15004, 9.28892, 10.1677, 9.53055, 4.66918, 4.91835, 4.4486, 3.38394, 1.78105, 0.498397, 2.99026, 7.49406, 13.8779, 21.9817, 33.9565)
(8.16914, 7.56815, 9.77129, 12.933, 13.5657, 14.2075, 8.02633, 5.33211, 5.10261, 5.73108, 9.59317, 11.5066, 10.2037, 8.89704, 8.03675, 7.70525, 7.49591, 7.30911, 8.39508, 8.43674, 9.35197, 12.6619, 8.17078, 7.30163, 6.18389, 4.26188, 2.69898, 0.585575, 3.31853, 7.60405, 13.2457, 19.0849, 27.5442)
(6.16393, 6.74245, 10.8203, 15.1553, 16.6107, 15.5663, 7.96568, 4.43613, 3.92422, 4.71755, 7.89735, 9.61463, 9.14772, 8.56593, 7.91653, 8.23591, 8.92208, 8.62925, 8.64103, 9.67519, 8.6409, 12.0108, 5.72189, 5.75122, 5.20772, 4.25531, 2.83571, 0.54589, 3.80359, 8.60681, 14.7693, 22.0755, 26.427)
(5.12838, 6.56456, 12.3847, 16.9803, 20.8437, 15.9755, 7.40013, 4.08191, 2.80634, 2.86121, 4.97326, 10.6367, 9.7999, 9.00169, 8.40952, 8.99677, 8.5499, 9.86265, 8.67227, 8.40121, 8.40487, 9.26451, 6.42777, 4.91752, 5.06847, 3.73868, 2.24997, 0.80389, 2.82399, 8.37423, 13.9842, 22.5496, 29.0617)
(9.39586, 8.26507, 9.7038, 11.8176, 12.3647, 12.5312, 7.52689, 5.9432, 6.65655, 7.114, 8.68117, 13.1044, 10.1927, 8.87733, 7.74108, 7.8089, 7.85384, 7.26615, 7.72764, 8.31865, 9.52384, 11.5855, 14.0501, 9.73484, 7.63273, 5.33875, 3.12287, 0.68641, 3.35655, 6.70776, 11.4661, 16.2172, 21.6868)
(4.10562, 7.33342, 12.8772, 18.3754, 23.3221, 15.17, 4.41445, 4.13296, 2.74188, 2.5358, 4.99117, 10.4354, 8.5709, 7.92619, 8.55783, 10.1822, 10.6337, 7.23442, 8.23052, 10.6584, 10.2444, 7.32606, 3.28968, 3.52063, 3.03596, 2.49409, 1.37751, 0.272634, 3.74407, 8.72822, 13.9993, 23.1928, 36.3452)
(5.15295, 7.76473, 12.4444, 16.1235, 16.6451, 16.2007, 6.89942, 4.37117, 4.14176, 3.37244, 6.88383, 11.755, 8.71778, 9.15236, 8.65002, 8.29365, 9.19725, 7.67433, 8.21857, 9.40859, 9.3933, 9.53914, 4.55456, 4.89209, 4.84225, 3.51664, 1.74699, 0.408935, 3.00514, 7.79386, 13.3112, 21.6954, 34.233)
(10.3089, 7.6567, 8.77164, 10.9224, 12.3329, 11.9536, 7.93019, 6.32511, 6.52504, 7.12074, 10.1528, 12.7905, 10.2603, 8.51523, 7.83033, 7.26537, 7.62611, 6.81519, 8.0043, 7.92829, 9.68221, 13.2822, 13.9392, 10.6617, 8.42842, 5.50326, 3.03253, 0.64985, 2.78831, 7.43295, 12.3278, 15.4422, 19.7938)
(7.48989, 8.74107, 10.9872, 15.0358, 15.9389, 13.0165, 7.83502, 4.95655, 4.60753, 4.37683, 7.01476, 11.6737, 9.88388, 8.40035, 7.8232, 8.37311, 9.30789, 8.80445, 8.81835, 8.48451, 8.52914, 9.90144, 9.4834, 8.24633, 6.90301, 4.93011, 2.79229, 1.09143, 3.17058, 8.20243, 13.8525, 18.0276, 23.3003)
(9.31828, 7.73361, 8.96326, 11.6073, 13.0373, 12.3924, 8.18459, 6.36659, 6.37388, 6.49744, 9.52535, 12.4089, 10.7966, 8.98209, 7.98633, 7.65898, 7.60047, 6.69305, 8.10231, 7.8864, 9.13433, 12.7505, 12.0978, 10.0958, 7.62897, 5.61348, 3.16035, 0.795867, 2.98508, 7.75157, 12.8425, 16.8465, 20.1822)
(7.28391, 8.04369, 12.6299, 15.6318, 14.5199, 12.5751, 5.84535, 5.2525, 5.02832, 5.43756, 7.75198, 10.1392, 7.71366, 9.15741, 7.68448, 8.13018, 8.78482, 9.10975, 8.28239, 9.56019, 10.2735, 11.1644, 7.91328, 8.2179, 5.96304, 3.67216, 2.36521, 0.567062, 2.77077, 7.08646, 11.7651, 20.6345, 29.0446)
(7.23337, 7.47575, 10.0279, 13.6805, 14.7203, 15.6869, 8.23356, 4.68772, 4.92762, 4.86357, 8.46269, 12.013, 9.48921, 8.78963, 8.19037, 7.80785, 8.02448, 7.88735, 8.79889, 8.60812, 9.72288, 10.6683, 9.75702, 7.76487, 6.17885, 4.16259, 2.55808, 0.643498, 3.22988, 7.76895, 13.0062, 18.4834, 26.4466)
(8.71261, 7.9045, 9.92868, 12.8599, 13.6702, 12.8359, 8.0705, 5.32384, 5.43013, 5.98181, 9.28199, 11.5411, 9.98942, 8.93759, 8.27361, 7.87338, 7.76444, 7.12367, 8.66083, 8.9435, 9.05528, 11.8372, 10.6062, 8.47179, 6.87802, 4.89489, 2.72386, 0.566073, 2.9018, 7.77349, 12.6669, 17.9575, 24.5596)
(5.80398, 7.15946, 11.489, 17.9538, 19.1844, 14.4463, 6.65204, 4.30205, 3.70184, 3.35813, 5.949, 8.10163, 8.89732, 8.34933, 9.9379, 8.68911, 10.0334, 9.5065, 9.83248, 9.37099, 8.2668, 9.01452, 5.78127, 5.98052, 4.95207, 3.35771, 2.46836, 0.60297, 3.54871, 8.65022, 15.0271, 22.4812, 27.1499)
(5.62185, 6.52716, 11.0415, 17.4574, 17.7263, 14.869, 6.64259, 5.7635, 4.52898, 3.86637, 5.95531, 10.4569, 7.63768, 9.42559, 8.10941, 8.2811, 11.5393, 8.08774, 8.87298, 9.78209, 8.71697, 9.09015, 6.58233, 7.06037, 6.38779, 3.91269, 2.43115, 0.688555, 2.34873, 7.74545, 13.786, 20.7478, 28.3091)
(4.24252, 5.28425, 8.56255, 15.8746, 25.0516, 16.863, 8.95055, 4.51309, 3.55614, 2.43677, 4.66491, 10.2225, 9.02681, 9.41394, 6.32665, 8.71436, 8.36022, 11.244, 7.27687, 8.33822, 7.93673, 13.1397, 6.28454, 4.90126, 4.93114, 4.76745, 2.33734, 0.874728, 2.20433, 8.65292, 15.019, 21.988, 28.0393)
(8.12815, 7.29944, 10.5647, 13.322, 14.3401, 13.5053, 8.73797, 5.45295, 5.18886, 5.1719, 8.2887, 11.1417, 10.2128, 8.80504, 8.04862, 7.91237, 8.42803, 7.56886, 8.36559, 9.06019, 9.03295, 11.4239, 9.62528, 8.5162, 7.37255, 4.97729, 3.07673, 0.72005, 3.23115, 8.09793, 12.1219, 18.9007, 23.3602)
(9.46512, 7.13332, 8.96656, 13.0186, 15.0017, 12.7823, 7.02504, 5.39681, 6.07701, 6.86379, 8.26987, 12.146, 8.60699, 9.05166, 8.24799, 7.73873, 7.96261, 8.02818, 8.72591, 9.20991, 9.11413, 11.1678, 13.0585, 9.34708, 7.55382, 5.05212, 3.18029, 0.779431, 3.79737, 7.85288, 13.6881, 16.2512, 19.4393)
(8.85222, 7.34767, 8.85854, 12.3937, 14.7048, 13.044, 7.42763, 5.31312, 6.22706, 7.39384, 8.43752, 11.7236, 8.93278, 9.13243, 8.70932, 7.64101, 8.0314, 8.031, 7.91871, 9.41612, 9.02685, 11.4368, 12.6706, 8.90669, 7.8295, 5.97627, 3.10683, 0.768197, 3.98915, 8.18858, 12.9784, 16.6357, 18.9501)
(9.48321, 7.69713, 9.1348, 13.024, 14.3112, 12.4474, 6.99315, 5.16556, 5.5086, 7.16036, 9.07462, 10.9911, 8.86813, 9.30148, 7.74145, 7.9418, 7.92411, 8.73727, 9.1766, 8.83385, 9.18077, 11.3035, 11.3157, 8.79851, 6.33001, 4.91994, 2.84132, 0.680266, 3.48689, 7.90109, 13.221, 17.9827, 22.5226)
(7.53016, 5.95495, 6.7696, 11.7533, 15.1246, 17.3606, 9.47212, 3.8763, 5.92239, 7.00307, 9.23291, 10.3068, 8.31418, 9.15413, 8.31702, 9.01785, 9.19165, 9.08824, 9.25284, 7.86411, 9.94896, 9.54425, 12.1931, 9.31497, 7.65706, 4.37167, 3.27179, 1.08017, 3.68154, 8.69497, 14.7123, 16.2415, 18.7808)
(7.54361, 6.59825, 9.32805, 12.6603, 15.3675, 15.2535, 9.32938, 4.73806, 5.14412, 5.79006, 8.24708, 11.658, 9.16796, 9.42574, 7.82489, 7.78179, 8.41907, 8.21122, 8.05396, 8.65452, 9.78551, 11.0173, 10.5776, 8.73433, 7.66862, 5.27385, 2.99647, 0.72906, 3.30177, 8.23384, 13.5721, 17.8942, 21.0182)
(7.80098, 6.61601, 9.61225, 12.1415, 15.4237, 16.1285, 8.53769, 5.2431, 4.88603, 5.80228, 7.80796, 11.6211, 8.38416, 9.14747, 8.4818, 7.53099, 7.61846, 7.62715, 8.73049, 9.88886, 9.87124, 11.0983, 8.84882, 8.03049, 6.19636, 4.58164, 3.24192, 0.820922, 3.74273, 7.99519, 12.6757, 18.937, 24.9293)
(10.7774, 6.48445, 6.40843, 11.7159, 14.0573, 18.5715, 9.02141, 4.66983, 5.1878, 5.23524, 7.87077, 10.78, 8.47339, 9.58792, 10.9404, 9.32423, 6.94436, 7.95968, 6.97654, 9.57184, 9.80515, 9.63647, 14.8438, 10.8653, 8.0647, 5.18257, 3.32451, 0.96137, 3.63644, 6.30477, 13.3986, 13.1982, 20.2198)
(6.94547, 5.42208, 9.03495, 13.567, 17.7224, 16.6447, 9.11912, 5.23641, 5.30462, 4.79865, 6.20458, 10.9916, 9.39608, 9.65973, 8.38303, 7.66944, 8.04339, 6.94763, 8.20841, 10.6641, 9.62528, 10.4113, 9.09972, 7.35654, 6.40163, 4.56724, 3.05546, 0.721826, 3.81001, 8.49146, 13.654, 18.9977, 23.8444)
(6.27039, 5.52381, 9.7109, 15.2689, 18.2617, 15.0156, 7.95094, 4.98552, 5.05347, 5.62644, 6.33232, 9.72457, 8.39928, 9.20119, 9.19869, 8.86673, 9.75043, 8.57358, 8.26557, 8.75144, 8.31056, 10.958, 8.48812, 7.22683, 6.05838, 4.58196, 2.67938, 0.778422, 3.25508, 8.70195, 14.921, 20.1403, 23.1686)
(8.22031, 7.1798, 10.4891, 12.3868, 14.9464, 15.3696, 8.03078, 5.57883, 4.88293, 5.39296, 7.52256, 12.4073, 9.01428, 9.1303, 7.45565, 8.49858, 7.66152, 7.65535, 8.33491, 8.86055, 8.90125, 12.0804, 8.49237, 7.30296, 5.93001, 4.42665, 2.93399, 0.686576, 3.75095, 7.56161, 12.9955, 19.8418, 26.0776)
(6.77557, 7.05849, 10.4042, 14.1295, 15.7125, 15.6609, 7.80363, 4.57607, 4.67355, 5.8513, 7.35434, 11.3686, 9.53174, 8.80289, 7.83808, 9.30185, 8.24215, 8.38674, 8.6797, 7.65974, 9.26856, 10.9199, 8.25972, 6.23419, 4.97225, 4.30526, 2.57838, 1.23364, 3.64615, 6.97903, 14.3623, 20.3859, 27.0432)
(6.5722, 6.03056, 9.33946, 13.8573, 16.3771, 16.4047, 8.2762, 3.92973, 5.40251, 6.00975, 7.80055, 11.446, 9.67673, 8.99947, 8.79692, 8.23786, 7.69982, 8.36904, 8.21255, 8.51586, 9.65048, 10.3952, 9.58726, 7.56154, 5.87508, 4.16377, 2.846, 0.874481, 3.30056, 8.36174, 13.6759, 19.4017, 24.3519)
(5.78192, 5.75675, 9.12052, 15.435, 17.9643, 15.511, 8.41955, 5.25982, 5.28877, 5.24263, 6.21975, 10.1652, 8.34924, 9.28851, 8.9952, 9.45557, 9.28271, 8.20755, 8.60914, 8.84449, 7.74414, 11.0582, 7.50134, 6.54651, 6.38475, 4.40684, 2.5762, 1.10963, 3.65699, 8.56654, 15.088, 19.4233, 24.7399)
(13.6462, 8.99932, 10.8652, 7.28093, 10.2838, 13.0507, 8.04115, 5.64202, 6.69562, 6.66299, 8.83204, 13.2863, 7.28522, 13.4645, 4.78135, 8.78398, 6.38957, 9.58528, 6.0038, 11.6732, 7.72287, 11.0239, 21.8501, 9.66562, 7.34962, 3.72999, 3.42393, 1.14706, 2.73823, 4.98675, 11.6374, 14.892, 18.5794)
(6.35422, 7.17107, 10.2251, 14.2285, 15.548, 16.4936, 8.15094, 4.36005, 5.04152, 5.47101, 6.956, 11.6936, 10.3209, 8.58572, 7.57862, 9.20767, 7.84415, 7.95327, 8.9071, 7.75365, 9.48896, 10.6663, 8.38397, 6.04071, 5.52107, 4.42658, 2.8671, 1.37746, 3.57661, 7.08451, 14.1207, 19.9257, 26.6756)
(6.43542, 5.88112, 9.37601, 14.0139, 16.352, 16.8956, 9.03953, 4.50102, 4.68009, 5.64473, 7.18058, 11.387, 9.28865, 9.17688, 9.11316, 8.7117, 8.21978, 7.9487, 7.80833, 8.89902, 9.60266, 9.84415, 8.25629, 6.67138, 6.15457, 4.5644, 2.66407, 0.909568, 3.57764, 7.77766, 13.5387, 20.3516, 25.5341)
(7.54987, 6.9363, 10.2878, 12.4733, 13.7384, 14.9735, 8.8468, 5.00287, 5.14945, 6.33243, 8.70925, 11.6036, 9.88243, 9.5298, 8.18277, 8.06065, 7.04052, 7.62949, 8.13389, 8.55737, 10.0863, 11.2932, 6.75713, 6.653, 5.26344, 3.94966, 2.74748, 0.603919, 3.05907, 6.54483, 13.2395, 21.138, 30.0439)
(7.51868, 6.8724, 10.2097, 12.3223, 13.1117, 14.493, 9.25111, 5.27872, 5.18592, 6.826, 8.93054, 11.7079, 9.57234, 9.14739, 8.27298, 7.79191, 7.39618, 7.56781, 7.80911, 9.13096, 9.97086, 11.6326, 6.42208, 6.80255, 5.40267, 3.96141, 2.71827, 0.665504, 3.00398, 6.63121, 13.0931, 20.745, 30.5542)
(7.13825, 5.69912, 9.05844, 13.3886, 15.8395, 16.5005, 9.48922, 4.74554, 4.75978, 6.21262, 7.16847, 11.3838, 9.66492, 9.00574, 8.70863, 8.56952, 7.84634, 8.67905, 7.66895, 8.7139, 9.96859, 9.79056, 8.3073, 6.93946, 6.03419, 5.20747, 3.07678, 1.01398, 3.73113, 7.64162, 13.0455, 20.2127, 24.7899)
(8.09084, 7.15331, 9.12944, 11.3933, 14.1353, 14.0374, 9.34308, 6.10712, 4.97125, 6.41714, 9.22186, 10.9538, 9.09486, 9.28347, 7.68466, 7.84857, 8.45899, 7.43326, 7.54458, 9.41744, 9.34976, 12.9307, 7.66709, 6.70189, 6.91995, 5.27855, 3.11622, 0.819247, 3.11442, 7.76092, 12.9086, 19.2127, 26.5005)
(6.67949, 7.02422, 9.60163, 11.6503, 14.0815, 15.7539, 10.5023, 5.25627, 4.78028, 5.94471, 8.72546, 12.3485, 9.63813, 9.10093, 8.76304, 7.85647, 7.10887, 7.0975, 7.54943, 8.84974, 9.54775, 12.1396, 6.52295, 6.63679, 6.33677, 4.72865, 3.0578, 0.775412, 3.18807, 6.97293, 13.4629, 20.7338, 27.5839)
(4.53022, 5.73842, 9.6564, 14.6423, 16.6729, 16.9874, 10.4524, 6.80115, 4.17453, 4.65318, 5.69117, 10.267, 8.9146, 7.78001, 8.84314, 8.33106, 8.84081, 7.8196, 9.37501, 9.69398, 8.28658, 11.8482, 7.21206, 6.75137, 6.59268, 4.22004, 2.69027, 0.652635, 3.71445, 7.0894, 12.9014, 19.2713, 28.9044)
(4.72017, 4.65781, 7.85297, 12.964, 23.2608, 18.8146, 5.378, 2.56563, 3.93159, 7.59678, 8.25755, 8.24184, 6.23985, 7.47553, 7.90255, 11.6938, 11.7191, 14.1298, 10.6429, 6.87861, 8.38257, 6.6935, 7.46868, 6.65824, 3.5795, 4.26473, 2.68494, 1.15117, 6.90607, 10.1623, 19.4633, 19.2565, 18.4045)
(5.77163, 6.56095, 9.70318, 14.4882, 19.3038, 15.5477, 7.96945, 5.16211, 4.31753, 5.12718, 6.04833, 11.037, 9.85618, 8.12318, 9.78274, 7.15641, 7.40544, 7.21242, 7.74403, 11.3818, 10.1559, 10.1448, 8.35116, 5.24562, 6.3768, 4.58083, 1.64241, 0.606077, 2.44045, 8.19778, 15.7261, 19.6174, 27.2153)
(6.12525, 6.01889, 9.35988, 13.1057, 15.0811, 16.7248, 11.0967, 5.86274, 3.90448, 5.47017, 7.25028, 10.8151, 9.62176, 9.19209, 9.02429, 8.5216, 7.79984, 8.13999, 7.70772, 8.18637, 9.5396, 11.4517, 5.16942, 6.70469, 6.45238, 4.71592, 3.46362, 0.750222, 3.38415, 7.48558, 13.4846, 20.8211, 27.5683)
(4.53536, 5.27246, 11.3751, 16.5427, 16.494, 15.7711, 8.84334, 6.48832, 3.55226, 5.72157, 5.40376, 12.3744, 7.90387, 9.081, 8.69213, 8.84117, 8.66298, 7.28943, 9.73163, 9.08431, 8.24839, 10.0907, 5.60164, 6.55228, 6.12376, 3.85318, 2.99254, 0.473708, 2.72285, 7.63455, 14.078, 21.0189, 28.9486)
(5.11743, 6.02801, 9.01259, 15.7361, 18.857, 17.1377, 7.67929, 5.10118, 4.8873, 5.13447, 5.3089, 10.5904, 8.67607, 10.1964, 9.04389, 8.15284, 6.08014, 9.15284, 7.48227, 9.68322, 10.3876, 10.5543, 6.60655, 5.70586, 5.50161, 4.495, 1.57195, 0.882113, 3.05219, 7.42555, 14.8776, 20.8432, 29.0383)
(3.07573, 4.6742, 6.41431, 15.8338, 20.2535, 18.8112, 9.80685, 5.91151, 4.87156, 5.11534, 5.23206, 9.86102, 5.71131, 8.60781, 8.4278, 10.0235, 11.2066, 8.49445, 9.61325, 9.00552, 8.98129, 10.0675, 6.95876, 7.23363, 6.23629, 4.49466, 3.84263, 0.721617, 5.131, 6.77873, 13.5398, 20.6985, 24.3644)
(4.16996, 6.26781, 7.98139, 13.4352, 15.3923, 17.382, 12.8908, 8.73938, 3.58662, 4.58147, 5.57307, 9.84076, 9.7132, 8.89501, 9.82916, 9.22532, 6.64042, 8.18901, 7.20376, 8.89384, 10.6029, 10.9666, 7.9276, 9.65608, 6.24787, 4.54814, 3.00611, 0.975081, 2.80796, 7.24447, 11.9256, 19.1515, 26.5096)
(3.44378, 4.73509, 9.67045, 19.7409, 25.0401, 16.4571, 4.81634, 4.57016, 5.56678, 3.0481, 2.91126, 6.18876, 6.75709, 8.44549, 9.97459, 9.66452, 11.6171, 12.3507, 9.17025, 10.3011, 7.70527, 7.82519, 8.62697, 4.86029, 3.04986, 1.7177, 1.19645, 0.553366, 3.67746, 10.5296, 17.392, 22.8159, 25.5803)
(3.93298, 6.02066, 12.129, 20.7773, 18.363, 14.8604, 6.54771, 4.66302, 4.37169, 3.58156, 4.75279, 8.07255, 9.06912, 8.76433, 10.5056, 9.48439, 9.87967, 10.3764, 8.60886, 8.00367, 7.96624, 9.26913, 5.51371, 4.41395, 3.48389, 2.93974, 1.88367, 0.432057, 4.18848, 9.04159, 14.8486, 23.1336, 30.1207)
(6.53293, 6.23984, 10.3038, 15.9259, 16.6794, 13.6153, 7.35729, 5.36224, 6.21874, 5.14648, 6.61806, 10.4739, 8.85767, 8.56714, 9.11842, 8.11241, 8.01507, 9.29128, 8.56567, 8.63125, 9.57467, 10.7925, 8.53851, 5.72995, 4.59815, 2.75173, 1.75375, 0.608517, 3.54709, 8.54678, 12.9635, 20.1324, 30.8296)
(6.06962, 6.03169, 12.5555, 17.9851, 15.7931, 14.2394, 5.54448, 4.41161, 4.08277, 4.55893, 8.7278, 9.99935, 9.05107, 10.0261, 8.59597, 7.62069, 9.47418, 8.39309, 7.60672, 8.95526, 9.39291, 10.8847, 4.52536, 4.0149, 3.89269, 3.3846, 2.15305, 1.17663, 4.65319, 7.36918, 15.6844, 22.856, 30.2899)
(4.58086, 6.3094, 11.7594, 19.0745, 23.1746, 16.9697, 6.0411, 2.72296, 2.01025, 2.83334, 4.52389, 8.4118, 9.40642, 9.14277, 9.05242, 10.2071, 9.76586, 10.0662, 10.4032, 8.72427, 7.37758, 7.44239, 5.02847, 4.39671, 3.14543, 2.24365, 1.63904, 0.676507, 4.4767, 8.6971, 17.847, 23.9427, 27.9067)
(4.80991, 6.13747, 11.4216, 20.5719, 26.609, 15.4985, 3.89083, 2.03567, 2.0624, 2.49839, 4.46426, 7.79232, 8.57225, 8.20451, 9.43935, 11.2288, 10.5143, 11.3147, 10.2057, 8.98986, 7.61292, 6.1252, 3.10033, 2.9751, 1.93853, 1.60081, 1.19801, 0.594147, 4.03291, 10.3798, 18.3253, 26.4796, 29.3754)
(4.80991, 6.13747, 11.4216, 20.5719, 26.609, 15.4985, 3.89083, 2.03567, 2.0624, 2.49839, 4.46426, 7.79232, 8.57225, 8.20451, 9.43935, 11.2288, 10.5143, 11.3147, 10.2057, 8.98986, 7.61292, 6.1252, 3.10033, 2.9751, 1.93853, 1.60081, 1.19801, 0.594147, 4.03291, 10.3798, 18.3253, 26.4796, 29.3754)
(7.84175, 8.33112, 10.3058, 14.8192, 14.5107, 11.2676, 6.83055, 5.62384, 5.2079, 5.45439, 9.80715, 9.67142, 9.09728, 8.01653, 8.91832, 8.44949, 9.18507, 9.00191, 7.54275, 8.79227, 9.3666, 11.9584, 7.9667, 7.36508, 6.22398, 3.63741, 2.51219, 0.82442, 4.06836, 7.19315, 15.2545, 19.908, 25.0461)
(8.5068, 8.14635, 11.1715, 14.2232, 13.8116, 12.968, 6.76425, 4.8425, 5.29714, 6.26579, 8.00301, 11.6177, 9.50068, 8.18568, 9.69662, 7.3693, 7.18797, 8.71218, 8.71387, 8.56656, 8.6529, 11.7966, 5.21849, 5.42183, 5.61064, 3.98182, 2.70138, 0.737242, 3.89167, 8.56426, 12.7355, 20.5037, 30.6335)
(7.48727, 6.9431, 10.1827, 12.9794, 17.0437, 15.181, 6.53371, 4.58201, 4.76459, 5.24625, 9.05629, 11.3727, 9.01318, 8.62275, 8.71239, 7.69352, 7.68261, 8.95923, 7.83154, 9.17745, 9.10955, 11.8251, 7.40477, 6.15768, 4.76898, 3.27343, 2.48436, 0.798968, 3.87248, 7.30667, 14.4987, 20.7569, 28.6771)
(5.18857, 4.92053, 9.21855, 15.4778, 23.4411, 18.7463, 7.79077, 3.32639, 2.90137, 3.45091, 5.53772, 9.26617, 8.62456, 8.72725, 9.18614, 8.72072, 9.3637, 10.6402, 8.81951, 10.1598, 7.68954, 8.80237, 6.41997, 4.722, 4.63874, 2.61744, 1.89874, 1.00523, 4.42196, 8.00962, 16.545, 23.0094, 26.7119)
(7.55865, 8.92612, 14.9762, 16.4594, 16.8728, 11.6738, 6.64909, 3.48013, 2.33454, 3.66758, 7.40166, 10.3331, 8.01268, 8.11715, 10.1818, 9.15298, 9.5134, 9.60965, 9.28207, 9.03947, 8.29284, 8.46477, 7.40108, 5.4363, 5.14923, 3.72828, 2.2219, 0.67763, 3.78489, 7.22431, 14.8949, 21.8398, 27.6417)
(5.516, 6.35561, 11.5376, 14.9726, 16.7955, 15.9156, 7.46769, 5.38375, 4.8301, 4.71334, 6.51234, 9.83117, 8.44546, 9.35615, 9.08577, 9.01068, 8.62838, 9.00544, 7.38572, 8.84877, 9.08607, 11.3164, 6.64327, 6.17418, 5.84357, 4.43391, 2.6046, 0.941117, 3.5304, 7.33366, 14.6814, 20.5836, 27.2303)
(4.60004, 5.69234, 11.1141, 17.8547, 21.4751, 15.2217, 7.80896, 3.52482, 3.49932, 4.05073, 5.15827, 8.88277, 8.07143, 8.22176, 10.312, 8.18355, 9.02515, 9.36313, 9.81222, 9.43531, 8.08419, 10.6084, 6.18197, 4.13361, 4.97717, 2.58862, 2.51588, 1.26581, 3.63989, 7.8559, 17.1068, 21.349, 28.3854)
(6.46535, 7.8245, 11.7713, 16.4474, 14.9972, 14.0904, 7.06442, 4.53644, 3.82816, 4.89176, 8.08313, 10.5333, 9.24789, 8.37334, 9.9987, 7.82625, 7.75491, 8.64007, 9.1343, 8.07821, 9.27876, 11.1343, 4.33838, 5.01589, 5.52761, 3.90265, 2.23638, 0.553902, 3.84193, 8.0243, 15.2846, 21.1904, 30.084)
(8.28321, 8.3575, 13.7068, 14.9599, 15.0342, 12.6283, 4.9988, 3.74036, 3.03675, 4.97695, 10.2772, 10.7655, 8.42973, 10.2703, 8.84996, 7.71995, 8.90364, 8.80734, 8.96731, 9.96116, 8.53042, 8.79472, 4.60681, 5.16391, 3.93154, 3.4472, 2.09103, 0.906422, 3.60163, 8.27767, 13.888, 21.5484, 32.5373)
(6.06472, 7.40839, 12.0666, 16.6135, 19.8239, 15.2011, 5.40124, 3.34775, 3.08491, 4.00995, 6.97799, 9.17636, 9.4036, 9.45706, 8.87275, 8.59538, 9.1088, 8.90485, 9.15873, 9.3749, 8.8627, 9.08485, 4.95475, 4.2316, 3.04426, 2.70181, 1.72581, 0.562142, 3.23236, 8.09502, 14.5907, 23.4222, 33.4394)
(6.42978, 6.37253, 10.6805, 14.7112, 17.7353, 15.0758, 7.01979, 4.09081, 4.42864, 5.35412, 8.10148, 10.0129, 8.64557, 8.90071, 9.4912, 7.90283, 8.38385, 8.77714, 8.50301, 9.39361, 8.90333, 11.0858, 7.87509, 5.14424, 4.74648, 3.20868, 2.32517, 0.894997, 3.51243, 6.95465, 14.7007, 20.7299, 29.9076)
(5.76426, 6.56006, 11.7629, 18.4839, 16.4007, 13.8001, 7.14278, 4.76223, 3.9721, 4.51682, 6.83424, 10.0572, 8.32782, 7.82706, 8.92162, 9.51751, 9.31405, 11.6902, 8.41667, 8.16563, 9.1169, 8.6453, 7.64925, 5.86844, 5.71805, 5.02362, 2.51489, 0.769565, 3.2323, 7.28215, 13.7603, 22.6172, 25.5643)
(5.32717, 8.46299, 16.1712, 19.6437, 17.5331, 12.613, 5.4273, 2.89559, 2.37656, 3.34716, 6.20223, 8.05287, 8.5255, 8.24044, 10.3114, 10.3616, 11.4116, 9.8327, 9.53372, 10.0943, 8.14573, 5.49012, 3.26723, 2.72643, 3.46353, 2.33786, 1.88896, 0.679477, 2.4243, 7.63074, 14.8785, 24.4421, 36.2608)
(5.30138, 8.3726, 16.4923, 21.7578, 17.9446, 11.0034, 4.58498, 3.65799, 3.19606, 2.83813, 4.85071, 7.18621, 8.49815, 7.88379, 10.544, 11.6287, 10.6541, 10.692, 10.2298, 8.29187, 7.92047, 6.47087, 3.37455, 4.17734, 3.70794, 2.02123, 0.96709, 0.470104, 2.29689, 5.88684, 14.6065, 27.2494, 35.2421)
(5.07193, 5.30032, 10.3927, 18.2025, 19.8119, 16.5132, 7.81899, 4.50345, 3.6859, 4.23455, 4.46463, 10.1649, 9.16108, 9.07306, 9.8297, 8.83019, 9.85297, 10.7034, 9.28511, 7.92123, 6.95907, 8.21932, 6.30022, 5.35765, 6.20107, 5.12527, 3.16307, 0.785287, 4.27305, 7.90286, 15.544, 21.5012, 23.8463)
(3.73091, 7.23827, 16.1705, 22.4775, 19.9407, 14.4107, 4.71554, 2.97394, 2.44444, 1.8817, 4.01576, 6.42492, 8.54059, 9.06478, 10.885, 11.4459, 12.2608, 9.62931, 8.34354, 9.37518, 9.321, 4.70893, 4.04411, 3.10534, 2.71242, 2.18325, 0.967414, 0.483983, 2.73688, 9.37805, 15.1321, 24.4106, 34.8459)
(9.74202, 9.97544, 12.7483, 13.9787, 13.2536, 12.3084, 5.98758, 4.06832, 3.6274, 4.85651, 9.45386, 10.385, 8.73842, 8.71689, 8.24789, 8.91037, 8.62337, 8.62951, 8.80395, 9.58783, 8.72127, 10.6355, 9.8841, 6.76163, 5.10954, 3.60107, 2.61395, 0.688986, 3.33819, 6.52703, 12.035, 17.687, 31.7535)
(10.0856, 11.4008, 11.6663, 11.4681, 11.7167, 10.3955, 6.30973, 5.46806, 5.35543, 6.74102, 9.39276, 9.68146, 8.90211, 7.82097, 8.77537, 9.01266, 8.40811, 9.0864, 8.30271, 9.07363, 10.0902, 10.8464, 12.1318, 9.68127, 6.93956, 4.53093, 2.44382, 0.807046, 2.84436, 6.52883, 10.8126, 16.6453, 26.6345)
(8.81038, 8.91152, 10.9546, 13.2086, 12.9995, 11.8207, 6.80441, 5.64823, 5.25894, 6.43528, 9.14786, 11.0726, 9.37891, 8.43112, 9.0017, 8.44918, 8.11178, 9.38635, 8.51128, 8.27253, 9.49057, 9.89402, 10.9328, 8.10593, 6.13538, 4.39535, 2.50382, 0.609438, 2.54419, 6.00059, 11.2938, 17.8146, 29.6642)
(7.47324, 8.04231, 10.7653, 14.2126, 14.92, 13.7248, 7.37176, 6.14516, 5.66172, 5.48405, 6.19902, 10.558, 9.09467, 8.08058, 9.51928, 8.51549, 8.30501, 9.74822, 8.06138, 8.68143, 8.73438, 10.7016, 11.1256, 8.87059, 6.22244, 4.62393, 3.01008, 0.66773, 2.86628, 8.44928, 13.0971, 18.4752, 22.5916)
(5.99348, 8.04499, 15.6386, 20.1334, 17.8187, 11.9837, 5.01876, 3.2866, 2.90708, 3.24564, 5.92905, 7.35563, 8.6668, 9.08064, 11.5419, 10.0676, 9.55057, 9.76315, 9.73274, 8.41265, 8.20457, 7.62369, 3.86551, 3.91093, 3.15566, 2.36676, 1.28628, 0.679304, 2.40955, 6.40792, 15.379, 24.5657, 35.9734)
(10.4696, 9.25019, 13.4151, 13.9983, 13.8711, 10.4497, 4.94792, 3.61894, 4.06401, 6.52467, 9.39038, 8.03181, 8.70463, 9.49664, 9.47415, 9.14427, 9.42803, 8.47806, 9.36845, 9.36725, 9.87982, 8.62688, 10.3021, 8.17268, 5.12318, 3.57168, 2.75397, 0.594581, 2.92397, 7.38693, 11.7827, 19.3365, 28.0517)
(7.15527, 8.42159, 14.1248, 16.0531, 15.9193, 12.5719, 5.47331, 4.02533, 4.10879, 4.92153, 7.22509, 8.10636, 8.96315, 9.43195, 9.84834, 9.71612, 9.56845, 9.05212, 8.52653, 9.5825, 9.2275, 7.97697, 7.87378, 5.69676, 4.04109, 2.88932, 1.65312, 0.442937, 2.22553, 6.61452, 11.8424, 20.6538, 36.0667)
(5.97339, 6.14404, 11.6054, 18.3972, 19.3146, 13.9647, 6.22837, 3.38488, 3.78109, 5.3693, 5.83711, 8.69742, 8.2279, 8.76504, 7.63887, 9.06499, 9.60404, 9.87316, 9.18105, 10.3953, 9.66661, 8.8856, 7.99434, 4.77701, 3.81594, 2.06706, 1.52567, 0.468157, 3.20875, 6.56947, 14.2326, 23.7063, 31.6347)
(4.22994, 5.35314, 11.4557, 18.6833, 21.5045, 15.9612, 7.85278, 3.98482, 2.95246, 4.03119, 3.99093, 8.59107, 8.3253, 8.57786, 9.2554, 9.56728, 9.32487, 11.1851, 8.88953, 9.84231, 8.50639, 7.93492, 5.88551, 4.57235, 4.5782, 3.56556, 2.02162, 0.53668, 4.10027, 8.02291, 13.7598, 24.1425, 28.8146)
(4.02816, 6.10284, 14.0679, 19.5449, 21.1775, 12.8611, 6.306, 3.4398, 3.35036, 3.87105, 5.25034, 7.56324, 7.87756, 9.6966, 10.1931, 9.80934, 11.0936, 9.02424, 9.35652, 9.50907, 8.06543, 7.81135, 4.29786, 3.58022, 3.54529, 3.89824, 1.6528, 0.995063, 3.55583, 8.45594, 17.5482, 23.7984, 28.6722)
(9.26231, 7.67294, 10.2303, 11.8492, 12.3952, 13.2081, 8.86362, 5.83438, 5.06212, 7.05279, 8.56897, 11.2759, 10.021, 9.04463, 9.20569, 7.77383, 7.54549, 7.69531, 7.84362, 8.26328, 9.00616, 12.3251, 10.0568, 9.19418, 7.66734, 6.11234, 2.70097, 1.18424, 4.38426, 8.34411, 11.9195, 18.2422, 20.194)
(4.84007, 6.48681, 11.6865, 18.8425, 19.2425, 15.6552, 6.95358, 4.0693, 3.41571, 4.30811, 4.49979, 8.96413, 8.19725, 8.51334, 8.62015, 9.59059, 9.5302, 9.59536, 8.27952, 8.75047, 11.0892, 8.86977, 6.67321, 4.90192, 4.73574, 3.53072, 1.73819, 0.402528, 3.64568, 8.0839, 13.3493, 23.0166, 29.9222)
(7.41215, 7.17522, 8.93146, 12.4699, 16.5375, 14.7982, 7.22744, 5.29759, 4.93383, 6.47302, 8.74366, 10.5426, 10.4797, 8.93938, 7.8172, 8.05357, 8.22291, 8.26901, 7.36889, 9.98639, 9.32735, 10.9929, 7.15958, 7.07813, 5.29623, 4.16765, 2.54918, 0.925867, 3.94647, 8.97586, 13.879, 19.9887, 26.0333)
(9.65859, 9.91955, 9.00925, 10.7928, 12.3149, 12.9244, 6.96727, 5.80396, 5.86841, 7.02527, 9.71558, 11.6113, 10.4166, 8.22544, 7.67334, 7.49975, 6.83715, 8.09754, 8.16106, 9.44071, 9.9945, 12.0426, 10.9971, 8.37971, 6.88885, 5.51678, 2.82699, 0.762028, 3.45377, 8.12418, 12.1303, 17.4508, 23.4695)
(10.9292, 9.75242, 9.22774, 10.7284, 12.3374, 11.5537, 6.29193, 5.77333, 6.42091, 6.87259, 10.1124, 11.4891, 10.7517, 8.15576, 7.8161, 7.70333, 7.21984, 8.07998, 8.6504, 8.80314, 9.67515, 11.6554, 13.4444, 9.61874, 7.27421, 4.74804, 2.96897, 0.645166, 3.23575, 7.14857, 11.7061, 16.5619, 22.6483)
(4.21986, 6.0267, 14.27, 26.0153, 22.558, 9.11476, 4.58871, 3.71904, 2.74364, 2.59799, 4.14605, 7.07234, 7.69255, 6.61868, 10.3727, 13.5078, 12.9315, 11.6443, 10.4225, 7.36094, 7.30261, 5.074, 6.84524, 4.6041, 2.78549, 1.69837, 0.962144, 0.246799, 1.90775, 6.06512, 13.175, 25.9461, 35.7639)
(6.31949, 6.36168, 8.73704, 12.7018, 14.652, 16.4028, 9.59482, 6.40167, 5.37474, 6.08665, 7.36734, 12.1093, 10.4588, 8.08279, 8.11625, 7.83982, 7.82977, 8.39093, 7.23886, 8.18799, 10.0533, 11.6921, 10.8181, 9.55073, 8.90144, 5.48975, 2.84577, 0.890419, 3.65378, 7.77157, 12.2411, 17.489, 20.3484)
(10.0699, 8.33643, 10.0559, 12.6187, 13.1587, 12.0599, 6.41289, 5.57491, 6.01498, 6.47447, 9.22329, 10.356, 9.91463, 8.79536, 8.52752, 8.12266, 7.69006, 8.82861, 8.62359, 8.82275, 9.11604, 11.2028, 11.4564, 9.22112, 6.1965, 4.47831, 3.01732, 0.828487, 2.65712, 7.52944, 12.1081, 18.0006, 24.5066)
(8.52883, 8.29436, 12.0626, 17.5517, 16.0174, 11.5169, 4.77522, 3.91003, 4.21887, 5.2669, 7.85711, 8.1913, 9.19729, 9.39349, 9.34379, 9.61201, 9.55233, 9.00291, 8.77493, 8.6099, 8.6918, 9.63027, 9.85156, 6.77905, 4.51079, 3.60608, 2.45638, 0.676761, 3.62962, 7.52709, 14.5949, 20.7059, 25.6618)
(4.7355, 6.65053, 9.99972, 18.2402, 20.5773, 15.646, 7.16077, 4.21281, 4.45236, 3.31679, 5.00813, 7.97803, 9.0557, 10.4079, 8.37833, 10.7678, 8.54437, 8.01869, 8.1586, 8.75196, 8.45388, 11.4848, 6.66603, 4.90645, 3.90372, 3.16391, 1.96146, 0.624968, 3.13311, 9.4758, 16.1733, 22.7086, 27.2827)
(5.57418, 6.35935, 8.29192, 10.9396, 16.2266, 16.3433, 10.5988, 7.77653, 4.39556, 6.21788, 7.27632, 11.8702, 8.99163, 11.6868, 7.59835, 6.52048, 8.95353, 7.83953, 7.38438, 8.73943, 8.0277, 12.388, 8.06582, 5.91698, 7.43621, 6.47704, 2.77832, 0.777138, 2.83195, 6.87939, 12.4907, 20.7359, 25.6106)
(10.5626, 8.35804, 9.59118, 11.371, 11.8142, 11.4304, 7.41213, 6.46103, 6.27339, 6.99798, 9.72802, 12.6849, 10.5756, 8.29129, 7.90284, 8.45431, 7.0361, 6.8712, 7.52861, 8.47352, 9.59997, 12.5816, 11.7552, 9.90037, 8.44732, 5.51596, 3.06262, 0.659274, 3.00598, 7.78209, 12.0748, 16.4517, 21.3447)
(8.58511, 7.75567, 11.391, 14.7854, 14.4728, 12.788, 5.94411, 4.49498, 5.31372, 5.48854, 8.9807, 9.88317, 9.99641, 9.72425, 8.20933, 8.50809, 8.46921, 8.04938, 8.41083, 8.42391, 9.53843, 10.787, 8.5042, 6.82788, 4.93296, 3.78706, 2.28503, 0.660766, 3.34235, 7.29673, 13.5519, 19.6957, 29.1154)
(9.01033, 7.72831, 9.32445, 11.9019, 13.2564, 12.6797, 7.14482, 5.70018, 6.07966, 6.77433, 10.3998, 11.4174, 10.5349, 9.1232, 7.88778, 7.93773, 7.3283, 7.57735, 8.26236, 8.39281, 8.98186, 12.5564, 9.56312, 7.54967, 5.63087, 4.27461, 2.27579, 0.610185, 2.99882, 7.21425, 12.8826, 18.9739, 28.0261)
(7.28067, 7.31877, 9.10508, 13.7238, 14.3386, 14.6423, 9.33467, 6.70676, 5.4605, 5.37826, 6.71058, 12.1546, 9.67046, 8.73696, 8.73675, 7.43816, 7.85616, 8.21532, 7.80444, 8.71809, 8.76102, 11.9081, 10.3476, 9.9796, 7.36342, 5.20911, 2.97871, 0.770912, 2.77191, 7.44658, 12.3097, 17.0252, 23.7972)
(3.28901, 5.13274, 8.64443, 13.0415, 17.899, 21.4526, 11.6843, 6.77686, 4.43359, 3.05624, 4.58977, 12.1464, 9.50353, 9.47769, 8.27721, 7.4939, 6.8093, 7.93128, 9.05863, 9.50077, 8.54095, 11.2603, 8.7553, 7.10168, 6.20724, 4.21411, 2.69062, 0.509428, 3.4508, 7.25408, 13.6292, 19.9428, 26.2448)
(7.68741, 7.92209, 10.3805, 13.5479, 14.5327, 13.2037, 7.13716, 4.91435, 5.68179, 5.92469, 9.06781, 11.0817, 10.6074, 8.82689, 8.30807, 8.34234, 7.57401, 8.03916, 8.02979, 8.70378, 9.0574, 11.4294, 9.30784, 7.71417, 5.2458, 3.86162, 2.21251, 0.637314, 3.11286, 7.02794, 12.7235, 20.4501, 27.7063)
(8.01829, 8.04855, 9.78548, 12.1903, 13.4895, 13.1734, 7.82167, 5.66711, 5.85518, 6.40753, 9.54289, 12.2663, 10.8775, 8.61682, 8.04265, 7.86979, 7.43276, 7.57396, 7.78535, 8.44821, 9.09628, 11.9904, 10.1927, 7.92808, 5.69967, 4.16554, 2.17768, 0.626171, 3.03664, 6.71126, 12.0239, 19.8197, 27.6186)
(7.79011, 8.38713, 10.2919, 12.4667, 13.0002, 13.1615, 7.85044, 6.33069, 4.94244, 5.22311, 10.5557, 11.2789, 9.14837, 8.83257, 8.52503, 7.46169, 8.34484, 8.17096, 8.33714, 9.0089, 9.27051, 11.6211, 7.87246, 7.67619, 7.32247, 5.15438, 2.81696, 0.507659, 3.18715, 7.08786, 12.4484, 18.376, 27.5505)
(10.4044, 8.36824, 8.96333, 9.69151, 10.9719, 12.0332, 7.81207, 6.47207, 6.75151, 7.58549, 10.9462, 13.5843, 10.7131, 8.46009, 7.36571, 7.39622, 7.04036, 6.78094, 7.62117, 8.2437, 9.73805, 13.0564, 13.1895, 10.5176, 8.14366, 6.01217, 2.72819, 0.580325, 3.37739, 7.67978, 11.3763, 15.6421, 20.7531)
(8.27761, 7.34829, 9.26323, 12.3593, 13.7709, 13.7937, 8.04913, 5.69686, 5.57454, 6.17316, 9.69329, 11.5005, 10.3581, 9.00808, 7.98483, 8.27358, 7.06862, 7.41136, 8.32834, 8.6511, 8.70462, 12.7109, 8.4626, 7.63654, 5.58623, 4.0034, 2.27903, 0.611627, 3.11645, 6.99532, 12.9402, 18.9, 29.4686)
(5.8038, 6.41013, 9.79265, 16.3719, 19.4135, 14.1104, 7.51975, 4.37198, 4.07531, 4.56782, 7.56274, 10.2974, 9.20808, 9.19917, 8.76541, 9.03075, 9.2898, 10.4412, 7.65082, 8.0033, 7.91987, 10.1942, 4.96206, 5.41019, 5.05646, 4.10839, 2.57499, 0.739023, 3.76631, 9.38215, 13.5624, 22.4923, 27.9458)
(8.13759, 7.91876, 10.7609, 13.1482, 13.0731, 13.472, 6.94878, 5.30755, 5.28645, 5.61997, 10.3268, 11.3607, 10.0613, 8.92155, 8.46443, 7.5924, 7.63146, 7.58549, 8.45002, 9.21299, 9.86478, 10.8549, 7.85429, 6.71634, 5.64216, 3.8414, 2.0464, 0.408816, 2.77333, 6.60536, 12.6273, 20.1036, 31.381)
(8.13759, 7.91876, 10.7609, 13.1482, 13.0731, 13.472, 6.94878, 5.30755, 5.28645, 5.61997, 10.3268, 11.3607, 10.0613, 8.92155, 8.46443, 7.5924, 7.63146, 7.58549, 8.45002, 9.21299, 9.86478, 10.8549, 7.85429, 6.71634, 5.64216, 3.8414, 2.0464, 0.408816, 2.77333, 6.60536, 12.6273, 20.1036, 31.381)
(7.49354, 8.09021, 10.0692, 12.6925, 13.3626, 13.8386, 8.15092, 6.26806, 5.92869, 5.27381, 8.83192, 11.2706, 9.66944, 9.16892, 8.08214, 7.34727, 7.74178, 8.94647, 8.79032, 8.62862, 9.91173, 10.4427, 10.19, 8.59037, 7.71794, 5.06235, 2.0229, 0.39458, 2.85673, 6.34011, 12.2823, 18.1693, 26.3734)
(3.99204, 5.55041, 12.4265, 19.181, 21.9247, 18.3841, 8.18807, 3.4275, 1.52391, 1.66116, 3.74067, 8.17654, 10.123, 8.45341, 9.90425, 10.9717, 9.34537, 9.53236, 9.27286, 7.53161, 7.78269, 8.90616, 6.1639, 5.30604, 5.81772, 4.30142, 2.34464, 0.521266, 2.12052, 6.16843, 11.8889, 25.283, 30.0842)
(5.13961, 6.61367, 10.2238, 16.6812, 18.6843, 16.8121, 8.23677, 4.24538, 3.38686, 3.42708, 6.54924, 8.62571, 8.68474, 8.45987, 8.81278, 8.89699, 9.03342, 8.82921, 9.08558, 10.1326, 8.80436, 10.6347, 5.08804, 5.49173, 4.82428, 3.79276, 2.85208, 0.722323, 3.88461, 8.91858, 15.3641, 21.4383, 27.6232)
(6.749, 8.19429, 11.8693, 16.9191, 15.7447, 12.6679, 6.14402, 4.34759, 4.07572, 5.61568, 7.67268, 9.75803, 7.26443, 11.3555, 7.25938, 8.12253, 8.81682, 8.40727, 9.39049, 10.0127, 9.68604, 9.92674, 5.23838, 5.8006, 5.08575, 3.6718, 2.23791, 0.525182, 2.44854, 7.38035, 13.845, 22.126, 31.6405)
(7.65197, 7.30359, 10.225, 14.1541, 14.5169, 13.443, 7.24406, 5.2165, 5.07765, 6.36643, 8.80086, 11.6291, 8.53966, 10.0825, 8.06672, 7.35147, 7.50376, 7.65218, 8.51324, 9.27342, 10.3262, 11.0617, 7.88027, 7.86001, 5.91501, 4.50254, 2.48242, 0.520037, 2.7184, 7.54758, 12.402, 19.2872, 28.8845)
(5.66047, 7.65744, 12.0816, 14.4541, 15.7123, 14.688, 7.61272, 6.36761, 4.70376, 4.16493, 6.89703, 10.0935, 8.99795, 8.99532, 8.36746, 7.59195, 10.1061, 10.4154, 8.99856, 9.02612, 8.74264, 8.66503, 8.65126, 8.09321, 7.52935, 5.004, 1.94073, 0.3752, 2.93497, 6.7203, 13.9735, 19.2628, 25.5146)
(5.44984, 7.8364, 11.7779, 16.0845, 16.7852, 15.0308, 7.51216, 4.63923, 4.24972, 3.65723, 6.97705, 11.8914, 9.34152, 8.34122, 8.72799, 8.22327, 9.10953, 7.60101, 7.80335, 9.52931, 9.78663, 9.64474, 5.21678, 5.3832, 5.09586, 3.65702, 1.85668, 0.453187, 2.96342, 7.34722, 13.4537, 21.3286, 33.2443)
(4.10562, 7.33342, 12.8772, 18.3754, 23.3221, 15.17, 4.41445, 4.13296, 2.74188, 2.5358, 4.99117, 10.4354, 8.5709, 7.92619, 8.55783, 10.1822, 10.6337, 7.23442, 8.23052, 10.6584, 10.2444, 7.32606, 3.28968, 3.52063, 3.03596, 2.49409, 1.37751, 0.272634, 3.74407, 8.72822, 13.9993, 23.1928, 36.3452)
(7.03411, 6.90026, 10.3247, 13.5131, 15.3861, 15.7322, 7.98345, 4.51209, 4.79761, 4.97923, 8.83709, 12.0669, 9.60551, 8.88356, 7.89958, 7.61363, 8.56693, 7.57096, 8.82355, 7.90446, 9.30158, 11.7633, 7.3413, 6.30316, 5.42001, 4.13715, 2.85705, 0.773014, 3.58775, 7.99223, 14.3149, 19.8413, 27.4322)
(7.3522, 7.51852, 10.1438, 13.8101, 14.8637, 13.6894, 8.12435, 5.48246, 5.05135, 5.27803, 8.6861, 10.5118, 9.94348, 8.64426, 8.43618, 8.25294, 8.17915, 7.71312, 8.7497, 9.0638, 9.0443, 11.4612, 8.03293, 7.49761, 6.18237, 4.14766, 2.6207, 0.571815, 3.0784, 7.54228, 12.8078, 20.1227, 27.3957)
(4.95068, 6.385, 10.409, 18.309, 21.1453, 18.4269, 4.97844, 3.24217, 3.24011, 2.89396, 6.01942, 9.39925, 8.10041, 9.54541, 9.57268, 10.1632, 10.1962, 7.50419, 10.2183, 9.20929, 9.56217, 6.52882, 3.82098, 3.74737, 3.46731, 2.46409, 1.94651, 0.727878, 3.85611, 9.31957, 13.2608, 22.317, 35.0724)
(5.80398, 7.15946, 11.489, 17.9538, 19.1844, 14.4463, 6.65204, 4.30205, 3.70184, 3.35813, 5.949, 8.10163, 8.89732, 8.34933, 9.9379, 8.68911, 10.0334, 9.5065, 9.83248, 9.37099, 8.2668, 9.01452, 5.78127, 5.98052, 4.95207, 3.35771, 2.46836, 0.60297, 3.54871, 8.65022, 15.0271, 22.4812, 27.1499)
(7.08327, 5.99827, 8.67297, 14.1388, 17.6711, 16.2283, 8.68442, 5.42527, 4.68376, 5.00525, 6.40857, 12.2496, 9.44988, 9.18821, 8.0503, 7.3326, 7.64328, 7.97511, 9.15403, 8.80528, 9.44268, 10.709, 12.3045, 7.69135, 7.44484, 5.26489, 3.45433, 0.923616, 3.55517, 8.29833, 13.6389, 16.7548, 20.6693)
(9.15167, 7.31863, 8.95965, 12.3983, 14.1845, 12.7142, 7.75963, 5.59118, 6.57668, 7.07684, 8.26873, 12.1134, 9.70594, 9.1633, 8.03531, 7.67336, 8.28708, 7.62218, 8.34734, 8.07782, 8.95903, 12.0152, 13.3201, 9.90112, 7.53793, 5.60647, 3.52808, 0.831149, 3.42484, 7.95219, 13.5501, 16.0818, 18.2662)
(8.15474, 7.42609, 8.65975, 11.9194, 13.0541, 14.0446, 9.04038, 6.67452, 5.29479, 6.80453, 8.92707, 13.1285, 8.42142, 9.15283, 7.93165, 7.06905, 7.09058, 7.1276, 8.51896, 9.33125, 9.27364, 12.9545, 11.8223, 9.27962, 8.17478, 5.33598, 4.50189, 0.89131, 3.91323, 7.78197, 13.0736, 16.0022, 19.2231)
(8.31951, 8.09827, 9.29458, 12.7435, 15.0515, 13.3817, 7.1627, 6.31277, 5.76962, 5.7031, 8.16278, 11.0996, 9.29637, 9.27382, 7.50977, 7.84836, 8.27725, 9.57841, 8.50014, 8.07405, 9.7845, 10.7578, 12.1959, 10.2209, 7.64568, 4.94498, 2.70925, 0.70479, 3.60291, 7.40862, 13.5955, 16.5261, 20.4454)
(9.61328, 7.61027, 9.10326, 12.581, 14.1831, 12.8842, 7.45786, 5.24835, 5.47433, 6.77273, 9.07166, 11.1018, 8.986, 9.15068, 7.78288, 7.70141, 7.94785, 8.82699, 8.84918, 8.74278, 9.55365, 11.3568, 12.9682, 9.57005, 7.14922, 5.16653, 2.88416, 0.742714, 3.35417, 8.1451, 13.548, 16.5711, 19.9009)
(7.35269, 6.8762, 10.0427, 12.4848, 15.3115, 15.763, 8.33544, 5.48201, 4.51184, 5.896, 7.94385, 11.3907, 8.16522, 9.43918, 8.23478, 7.61351, 7.65274, 7.6758, 8.59014, 9.49109, 9.68207, 12.0648, 9.14838, 8.16173, 6.85295, 4.80954, 3.60233, 0.906239, 3.67891, 8.19594, 12.7617, 18.0786, 23.8037)
(10.018, 7.76141, 9.5274, 11.8794, 14.689, 14.3017, 6.78647, 4.54757, 5.48645, 6.93375, 8.06898, 11.7427, 9.51215, 10.1943, 7.20616, 8.91467, 7.44848, 8.48244, 9.20492, 8.17293, 8.51703, 10.6042, 12.3913, 8.15293, 7.00007, 4.33039, 3.02784, 1.2301, 3.24158, 7.21261, 12.397, 17.9885, 23.0277)
(7.74089, 5.69459, 9.19589, 13.1776, 16.2907, 15.6495, 8.79369, 4.93035, 5.25935, 5.53394, 7.73357, 11.2867, 8.94702, 9.43677, 8.20321, 7.95021, 9.25585, 8.66638, 7.80013, 8.7059, 9.1394, 10.6085, 9.88599, 8.25571, 7.24921, 4.95605, 2.9534, 0.813463, 3.28659, 8.23879, 13.8033, 18.9621, 21.5955)
(9.23324, 5.98679, 8.00583, 9.99028, 14.3035, 16.478, 9.06102, 7.03724, 5.75111, 7.01588, 7.13709, 9.65771, 9.09417, 8.70624, 7.35183, 7.27339, 8.82553, 8.03166, 9.45379, 9.04373, 10.4849, 12.0771, 11.8433, 8.17747, 8.57932, 5.12163, 3.3689, 1.16015, 2.82205, 7.57892, 11.8233, 17.07, 22.455)
(7.99401, 6.59219, 9.64185, 13.1955, 14.3988, 14.9895, 8.96851, 5.10748, 5.07266, 6.20356, 7.83592, 11.4763, 9.19, 9.3387, 8.18236, 7.7744, 7.77513, 7.30852, 8.08248, 9.691, 9.59671, 11.5844, 7.65755, 7.45934, 5.46083, 3.91304, 2.52001, 0.631115, 3.15677, 7.03849, 13.1935, 20.4401, 28.5293)
(6.07096, 5.09319, 7.71976, 13.4202, 16.8536, 17.4045, 9.52936, 6.69845, 5.82245, 5.40327, 5.98434, 10.3869, 9.95499, 8.54267, 8.81436, 7.50994, 7.70259, 6.78873, 8.41286, 10.358, 9.93134, 11.5976, 9.94508, 9.04867, 6.71693, 4.94539, 3.17021, 0.5418, 3.38192, 9.15067, 13.0759, 17.5828, 22.4406)
(9.8189, 5.03031, 8.01139, 9.88085, 12.2198, 13.6514, 9.89517, 4.97656, 5.67657, 9.7238, 11.1152, 11.5586, 8.83193, 8.37292, 7.71187, 8.48848, 9.3875, 10.6665, 7.57989, 8.68594, 10.3158, 8.40058, 14.4175, 11.9128, 8.30407, 5.86302, 2.49604, 0.98348, 3.30745, 7.27477, 13.1163, 16.6931, 15.6315)
(6.90401, 5.08491, 9.07433, 9.44221, 14.8809, 16.1909, 10.8863, 8.12896, 6.72627, 6.59852, 6.0827, 8.56534, 8.23735, 10.5753, 7.49925, 7.07915, 8.4303, 7.63041, 8.33998, 9.11634, 10.497, 14.0296, 12.7872, 6.19415, 7.84799, 6.59079, 3.76401, 0.723426, 2.72863, 8.62542, 13.3528, 18.3328, 19.0527)
(9.62483, 6.35354, 6.60815, 10.2617, 13.6804, 14.7128, 7.2095, 4.39741, 4.83292, 9.14072, 13.1781, 12.4569, 8.76972, 9.45082, 7.04952, 8.70811, 8.83513, 9.02747, 8.59185, 6.98982, 9.55814, 10.5625, 11.5667, 7.4074, 7.62907, 5.0348, 6.23602, 2.04606, 3.80525, 8.8479, 12.7758, 14.8129, 19.8381)
(6.67949, 7.02422, 9.60163, 11.6503, 14.0815, 15.7539, 10.5023, 5.25627, 4.78028, 5.94471, 8.72546, 12.3485, 9.63813, 9.10093, 8.76304, 7.85647, 7.10887, 7.0975, 7.54943, 8.84974, 9.54775, 12.1396, 6.52295, 6.63679, 6.33677, 4.72865, 3.0578, 0.775412, 3.18807, 6.97293, 13.4629, 20.7338, 27.5839)
(6.42384, 6.19934, 9.92358, 12.9277, 15.8425, 15.9405, 10.0832, 5.57598, 4.47802, 5.29875, 7.30649, 11.4873, 9.06308, 9.78194, 8.76212, 8.00005, 7.49552, 7.22421, 8.0864, 9.07601, 8.66386, 12.3595, 6.72209, 7.09377, 6.52853, 4.28429, 2.9875, 0.85098, 3.24864, 7.64117, 13.3763, 20.3604, 26.9063)
(10.1441, 10.3106, 8.49415, 4.71236, 7.25703, 12.6831, 7.91617, 9.74967, 8.16169, 10.6641, 9.90695, 21.4579, 10.0732, 4.5158, 11.4388, 9.45527, 4.20528, 6.68053, 4.16032, 8.02974, 11.8342, 8.14896, 17.8502, 11.0629, 8.13587, 4.11304, 4.09556, 0.349522, 3.93604, 7.3532, 14.0535, 8.57246, 20.4777)
(5.58561, 6.23868, 9.9713, 14.5852, 15.9256, 16.9355, 10.9038, 5.26431, 3.9719, 4.82414, 5.79398, 10.684, 8.76134, 8.64316, 8.94918, 8.0613, 8.57629, 7.54484, 8.79136, 9.2282, 8.89201, 11.8683, 5.28732, 6.75906, 6.38233, 4.3454, 3.22027, 0.741487, 3.57705, 7.26432, 12.7329, 20.5598, 29.1301)
(6.91494, 6.26049, 9.85497, 12.979, 14.8635, 14.9482, 10.1847, 5.85745, 4.02999, 6.44718, 7.65952, 11.6004, 8.86627, 9.85168, 8.27309, 7.95898, 8.20351, 6.9964, 8.03876, 9.53817, 8.63163, 12.0411, 7.25318, 8.22329, 7.00234, 5.15717, 3.07217, 0.694065, 3.1153, 7.6933, 12.8661, 19.7815, 25.1416)
(7.54072, 4.79067, 8.43079, 12.1976, 16.0447, 15.9698, 8.52498, 5.38508, 5.89609, 6.475, 8.74445, 11.6746, 10.1186, 9.65866, 7.27926, 7.08235, 6.60941, 9.11174, 9.07894, 7.75142, 11.5784, 10.0566, 8.64238, 7.87419, 6.73353, 4.34136, 2.70066, 1.15096, 3.50933, 7.52685, 13.5172, 19.114, 24.8895)
(4.55978, 5.29826, 9.02553, 15.7644, 18.6836, 17.0422, 10.9801, 5.11136, 3.47457, 4.54676, 5.51351, 10.7687, 7.86162, 9.10018, 8.69419, 9.2432, 9.45613, 8.00627, 9.17089, 8.50657, 8.04033, 11.1519, 5.50266, 6.77977, 6.59661, 4.90264, 3.31293, 0.685766, 3.37725, 7.22701, 12.7697, 20.6433, 28.2023)
(5.41188, 6.2414, 9.11538, 13.7596, 16.1637, 17.6813, 9.53364, 6.34786, 3.89482, 5.01971, 6.8308, 11.1898, 9.79489, 9.61036, 8.48292, 8.24837, 6.94582, 8.16591, 8.53724, 7.8167, 9.79874, 11.4092, 5.7951, 7.03101, 5.74353, 4.42761, 2.93858, 1.27098, 3.30218, 7.57365, 13.4311, 19.8361, 28.6501)
(5.26492, 6.29448, 9.44632, 14.8153, 16.2554, 17.5419, 6.98192, 6.45629, 4.10389, 5.26689, 7.57267, 11.5815, 9.16507, 7.15508, 7.38021, 9.05666, 8.65544, 10.995, 8.34673, 5.96017, 10.2292, 11.4749, 9.16013, 8.31625, 4.97595, 4.04628, 2.87587, 0.920109, 2.95436, 6.10726, 12.064, 21.2264, 27.3533)
(5.53191, 5.92622, 8.38498, 16.5914, 20.3348, 15.0332, 7.98393, 6.38629, 3.83964, 4.68833, 5.29932, 10.2856, 9.96165, 9.4023, 9.95675, 7.18838, 7.39673, 7.54078, 7.81207, 10.4392, 9.20586, 10.8107, 7.28343, 5.64469, 6.36172, 5.13449, 2.26941, 0.722844, 2.24418, 8.57299, 14.3922, 19.7944, 27.5797)
(5.85057, 5.6301, 9.14949, 12.6725, 16.0305, 17.0991, 11.5601, 9.39794, 2.84667, 4.32046, 5.44257, 9.8952, 9.16701, 8.71913, 9.20491, 8.43705, 8.40345, 9.35829, 8.80876, 8.46259, 9.51773, 10.0259, 7.4777, 10.4068, 5.80198, 4.08981, 2.72825, 0.854085, 2.60273, 7.37876, 12.4245, 19.4101, 26.8252)
