(9.20602, 8.28268, 15.1804, 16.481, 16.7395, 10.3867, 3.87003, 2.47175, 3.72474, 6.20062, 7.45653, 7.72787, 9.27646, 9.43192, 9.00963, 9.80193, 10.541, 9.86729, 10.4665, 7.86312, 8.73081, 7.28352, 8.2393, 6.02089, 4.50105, 3.0404, 1.81508, 0.42948, 2.39384, 8.69102, 13.3132, 21.633, 29.9228)
(5.55614, 9.72867, 20.6864, 22.8181, 17.8051, 7.58846, 2.56118, 2.40176, 2.85005, 3.13077, 4.87331, 6.00635, 6.60451, 7.97388, 10.4222, 14.2165, 15.5665, 10.7177, 8.8542, 7.27404, 6.55084, 5.81326, 3.70677, 3.25384, 2.29429, 1.34791, 0.596867, 0.220552, 1.80438, 6.65448, 14.9308, 27.2456, 37.9445)
(7.4432, 8.83213, 12.8, 16.7291, 17.1111, 12.8589, 5.09017, 3.84829, 3.76613, 4.29006, 7.23096, 8.45038, 8.227, 8.91671, 9.27204, 10.2586, 10.6033, 10.1629, 9.52439, 8.48074, 8.00489, 8.09903, 6.64038, 6.58916, 5.40953, 3.34069, 2.25886, 0.836425, 3.37199, 8.30292, 13.8864, 20.1801, 29.1836)
(6.43593, 7.48951, 10.7523, 14.553, 18.126, 18.7405, 6.73054, 2.34965, 2.41406, 4.06439, 8.34405, 10.6011, 9.43655, 9.52743, 8.85383, 8.72911, 8.46883, 8.5534, 8.30249, 8.54693, 8.86201, 10.1183, 3.46633, 3.43001, 3.58874, 3.94062, 2.70288, 1.10259, 4.97161, 11.0249, 16.2033, 21.5299, 28.0392)
(7.93889, 8.90086, 13.7003, 14.1771, 14.8886, 14.1522, 5.4614, 3.33739, 3.29673, 5.0459, 9.10066, 10.1666, 10.0166, 8.9613, 8.5114, 8.58854, 8.62258, 8.30337, 8.87059, 8.90287, 9.10143, 9.95477, 5.37238, 4.67331, 4.17843, 3.44895, 2.5363, 0.88221, 3.82506, 9.19975, 14.6777, 22.5286, 28.6773)
(7.50315, 8.83525, 14.7057, 17.4978, 15.3457, 11.1444, 5.23723, 3.81061, 3.4929, 4.48477, 7.94253, 8.93333, 8.87922, 8.79788, 9.50372, 10.4756, 10.7097, 9.45359, 9.26358, 7.64517, 7.49265, 8.84558, 5.54895, 5.40933, 4.13449, 3.02562, 1.47693, 0.521955, 2.53052, 6.89903, 13.3395, 23.2324, 33.8813)
(4.87316, 6.49925, 17.6274, 21.2895, 20.4503, 12.9071, 3.60274, 2.67229, 2.25787, 2.82964, 4.99085, 6.1725, 7.16808, 9.06452, 10.9468, 12.7373, 12.51, 10.92, 9.96721, 7.23085, 6.51481, 6.76792, 2.83324, 2.70124, 2.16913, 1.41822, 1.37252, 0.424305, 3.61435, 9.65793, 16.4896, 26.3307, 32.9888)
(10.1339, 7.97092, 10.2293, 12.7182, 13.5287, 13.4694, 7.58015, 5.44881, 4.83705, 5.69944, 8.38408, 11.3215, 9.6189, 9.00171, 8.27425, 8.93878, 8.18899, 8.28043, 8.50132, 8.65133, 9.1639, 10.0589, 10.9512, 9.1842, 7.3462, 5.70232, 3.26563, 0.664353, 3.65787, 7.53539, 11.9867, 17.2913, 22.4148)
(8.90716, 8.8104, 13.3969, 15.5265, 15.3455, 10.2928, 5.05356, 5.25445, 4.91571, 4.59299, 7.90412, 9.37446, 9.38456, 8.4046, 9.24966, 9.23353, 9.37236, 8.76886, 8.4487, 9.19408, 9.40094, 9.16825, 10.4759, 8.27171, 5.96797, 5.00336, 2.59921, 0.48423, 3.40162, 7.35885, 12.6557, 18.4666, 25.3148)
(6.52758, 8.26667, 15.8604, 15.7176, 19.0264, 14.3265, 3.6554, 2.74072, 3.14094, 4.21728, 6.52043, 7.26821, 8.58497, 9.48355, 10.2803, 10.2011, 10.7038, 10.1095, 9.15498, 9.33358, 8.02318, 6.85683, 3.5729, 2.55318, 2.02596, 1.7635, 1.43555, 0.829441, 4.75039, 10.0024, 15.4218, 22.9404, 34.7045)
(6.3264, 8.9521, 14.695, 15.003, 20.2199, 15.5105, 3.83898, 2.51655, 2.78642, 4.14957, 6.00163, 7.77096, 8.97565, 9.64593, 9.87288, 10.5005, 9.80837, 9.79027, 9.45178, 9.13723, 7.93278, 7.11367, 3.45581, 2.47908, 2.0305, 1.86435, 1.48838, 0.896933, 5.46941, 11.2445, 15.4597, 23.051, 32.5603)
(10.9301, 9.057, 11.2255, 13.1289, 13.0696, 10.9357, 5.70676, 5.24992, 4.99997, 5.91286, 9.78362, 11.0993, 8.73965, 8.98515, 8.51328, 9.50614, 8.71998, 8.64218, 8.84303, 8.40105, 8.33311, 10.2171, 9.77696, 8.33973, 6.88506, 5.23324, 2.91873, 0.675687, 3.69022, 7.39001, 12.8369, 18.2327, 24.0207)
(4.92492, 7.69544, 16.4234, 20.9391, 21.7324, 13.5359, 2.63048, 1.62014, 2.08287, 3.36872, 5.04666, 6.50592, 7.89545, 9.08239, 11.032, 12.6951, 12.72, 10.8486, 9.80712, 7.53372, 5.84066, 6.03912, 2.0168, 1.7949, 1.68097, 1.18888, 1.21099, 0.587913, 4.29325, 11.1264, 17.0897, 25.1233, 33.8868)
(6.54737, 8.19964, 13.9393, 15.4327, 17.2425, 15.4738, 4.79803, 2.82196, 3.14379, 4.75157, 7.64936, 9.38314, 9.77025, 9.01104, 8.61056, 9.19611, 9.1583, 8.82101, 8.87315, 8.70109, 8.71711, 9.75826, 4.3002, 3.84353, 3.70189, 3.20183, 2.42437, 0.811861, 4.06379, 9.58429, 15.3829, 23.4062, 29.2791)
(7.42787, 8.43745, 11.8412, 15.5627, 15.524, 14.7309, 6.64667, 3.02074, 2.57456, 4.27703, 9.95689, 10.155, 8.47551, 8.39357, 8.9116, 9.27031, 8.85412, 8.60379, 8.47008, 8.80201, 9.16451, 10.8995, 2.51709, 3.51279, 4.13577, 4.13829, 2.46522, 0.951804, 3.83139, 9.09593, 15.8084, 23.0214, 30.522)
(5.02807, 8.78191, 19.0882, 23.6562, 19.6544, 7.60631, 2.89146, 2.55239, 2.86571, 3.14822, 4.72724, 5.73159, 5.97222, 7.11193, 9.71891, 15.3454, 17.767, 11.3483, 8.37209, 6.66369, 5.90378, 6.06507, 3.7913, 3.3886, 2.48119, 1.69092, 0.944303, 0.252475, 2.0295, 8.45308, 15.8253, 26.6204, 34.5229)
(7.86828, 8.02282, 12.2864, 16.4859, 16.9714, 12.2401, 5.33823, 3.98874, 4.10478, 4.24382, 8.44942, 8.52309, 8.38974, 8.16222, 9.45472, 10.3162, 10.1878, 10.1205, 8.60696, 8.42226, 8.37673, 9.43969, 8.33695, 6.75555, 5.56159, 3.87141, 2.35706, 0.723233, 3.0603, 7.9586, 14.03, 20.7006, 26.6448)
(8.45918, 7.85289, 10.9532, 15.2877, 17.3952, 14.4031, 5.61343, 2.17679, 2.2959, 5.01278, 10.5499, 8.95848, 8.64707, 9.6887, 9.39908, 9.10615, 9.43636, 9.08522, 8.25046, 8.75, 9.12205, 9.55644, 2.63427, 3.15836, 3.36029, 3.66978, 2.34766, 0.683767, 3.89413, 9.27448, 16.8056, 22.8577, 31.314)
