(6.20408, 8.03831, 15.3313, 16.0316, 17.8343, 13.4411, 4.26649, 3.09481, 3.82221, 4.54966, 7.38612, 7.66639, 7.97168, 8.91661, 9.7126, 10.4131, 10.93, 10.1495, 9.14945, 9.08022, 8.37885, 7.63156, 3.49416, 2.49667, 2.02242, 1.9007, 1.37726, 0.692615, 4.12383, 8.90425, 14.4743, 23.3705, 37.1433)
(3.77349, 6.09356, 16.2503, 20.683, 19.9454, 14.3524, 4.86257, 3.2358, 2.96713, 3.16881, 4.66757, 7.31626, 7.63003, 9.16913, 9.65121, 11.3592, 12.3948, 10.9585, 9.25011, 8.46173, 7.63294, 6.17611, 3.89537, 2.41742, 1.84248, 1.82102, 1.33372, 0.498522, 3.6674, 8.92337, 16.5076, 25.9854, 33.1076)
(3.77349, 6.09356, 16.2503, 20.683, 19.9454, 14.3524, 4.86257, 3.2358, 2.96713, 3.16881, 4.66757, 7.31626, 7.63003, 9.16913, 9.65121, 11.3592, 12.3948, 10.9585, 9.25011, 8.46173, 7.63294, 6.17611, 3.89537, 2.41742, 1.84248, 1.82102, 1.33372, 0.498522, 3.6674, 8.92337, 16.5076, 25.9854, 33.1076)
(5.91842, 8.20959, 16.371, 17.2796, 20.4203, 13.038, 3.8137, 2.82306, 3.03367, 3.62614, 5.46657, 6.9769, 8.0786, 9.68129, 10.2704, 10.7421, 10.5581, 10.2822, 9.51081, 9.24203, 7.94461, 6.71294, 4.00778, 2.60869, 2.03632, 1.58375, 1.24171, 0.628945, 4.22018, 10.3159, 15.8205, 23.3028, 34.2334)
(3.68579, 6.09794, 16.431, 21.9303, 20.2078, 13.4464, 4.48696, 3.17966, 2.91577, 3.05613, 4.56229, 6.79243, 7.26068, 8.77779, 9.1594, 11.2497, 13.1465, 11.4811, 9.44907, 8.66988, 7.73543, 6.278, 2.88129, 2.36534, 1.79386, 1.85215, 1.31339, 0.480499, 3.59324, 9.224, 17.2084, 26.6915, 32.5963)
(6.12867, 7.82661, 15.3425, 17.2833, 18.2139, 13.2513, 3.67336, 3.09346, 3.74187, 4.20199, 7.24308, 6.92824, 7.79927, 8.9909, 9.64298, 10.4932, 11.9629, 10.6199, 9.11422, 9.08948, 8.19538, 7.16355, 2.97747, 2.42979, 1.95579, 1.78421, 1.44806, 0.704756, 4.29757, 9.45989, 14.9597, 24.005, 35.9777)
(7.58298, 8.24387, 13.1617, 13.9782, 17.42, 15.2415, 3.996, 2.72863, 3.22092, 5.59871, 8.82748, 9.65606, 8.77189, 9.31793, 9.24253, 9.14597, 9.48466, 9.28173, 8.69508, 8.6198, 8.61874, 9.16559, 3.1542, 2.80226, 2.57457, 2.57005, 1.96672, 1.06394, 4.82495, 10.0179, 15.5693, 22.0397, 33.4164)
(5.01238, 7.01949, 14.5733, 17.1539, 18.7202, 15.4078, 5.60148, 3.25918, 3.41676, 3.91445, 5.92113, 7.87438, 8.19661, 9.48883, 9.54304, 10.4427, 10.7686, 10.3031, 8.92159, 8.74762, 8.2727, 7.44087, 4.45188, 2.96663, 2.53394, 2.36535, 1.60019, 0.709891, 3.83727, 9.25543, 15.2098, 24.3163, 32.7533)
(5.15038, 7.23729, 14.8685, 17.7031, 18.5245, 14.729, 5.17811, 3.17891, 3.4009, 3.81407, 6.21535, 7.37752, 7.97819, 9.21657, 9.16303, 10.3313, 11.2979, 10.3383, 9.04873, 8.99325, 8.57987, 7.67524, 3.82241, 3.04276, 2.60822, 2.37137, 1.66352, 0.696326, 3.73484, 9.44879, 15.5401, 24.6711, 32.4006)
(7.07762, 8.03335, 12.0766, 15.6335, 20.552, 15.9915, 3.45984, 2.45655, 2.57327, 4.72182, 7.42404, 8.94923, 9.08152, 9.01964, 10.0376, 9.92935, 9.81131, 9.82467, 8.86191, 8.52264, 8.1159, 7.84626, 3.6105, 3.05285, 2.25769, 2.07309, 1.82451, 1.0789, 5.75688, 11.6709, 16.8225, 22.8787, 28.9734)
(7.683, 8.67499, 12.3233, 14.175, 17.9471, 14.8518, 4.82087, 3.31717, 3.28408, 5.09023, 7.83244, 9.9351, 9.26439, 9.28648, 9.13277, 9.2066, 8.85459, 8.63802, 8.81756, 8.87557, 8.71568, 9.27324, 4.85469, 3.86212, 3.07757, 2.94002, 2.04065, 0.825982, 4.93098, 10.3059, 15.4727, 21.8187, 29.8706)
(7.2051, 7.96725, 12.765, 14.191, 17.8855, 14.3118, 5.88494, 3.66183, 3.84555, 4.91252, 7.36941, 9.08216, 8.61221, 9.25412, 9.5384, 9.71948, 9.41078, 9.28606, 8.6872, 9.04184, 8.45387, 8.91385, 5.58994, 3.8569, 3.46424, 2.91842, 1.92542, 0.684261, 3.91944, 8.90628, 14.4606, 21.7445, 32.5301)
(8.0645, 9.26028, 13.2934, 14.5102, 18.2078, 13.3716, 4.99136, 3.24522, 3.12134, 4.31515, 7.61921, 9.22819, 9.4135, 9.44319, 8.87261, 9.28763, 8.82302, 8.89128, 9.22872, 9.28087, 8.76204, 8.76894, 6.00313, 4.65902, 3.68461, 2.96179, 2.11372, 0.772245, 4.28224, 10.1153, 15.7792, 21.2947, 28.3341)
(6.97743, 8.22792, 12.5284, 14.4533, 16.523, 14.4775, 5.08401, 3.67394, 3.7977, 5.2758, 8.98105, 9.07931, 8.34829, 8.97528, 9.26292, 9.01579, 10.189, 9.30577, 8.92642, 8.72555, 8.40364, 9.76804, 3.44255, 3.53323, 3.24335, 2.92743, 2.45011, 0.935751, 4.19425, 9.53989, 14.8625, 22.2209, 32.6501)
(6.1665, 8.44248, 13.2739, 16.4991, 16.6828, 14.1379, 5.80471, 3.71199, 2.99402, 4.13882, 8.14775, 8.72668, 8.36258, 8.70586, 9.00969, 9.98155, 10.5049, 9.64229, 8.63391, 8.47347, 8.70615, 9.25286, 2.3823, 3.3736, 4.00379, 3.21903, 2.163, 0.762881, 4.35416, 9.3937, 15.9399, 23.6192, 30.7884)
(7.29461, 8.30696, 11.9107, 14.8614, 19.6172, 16.3553, 3.69063, 2.43225, 2.55479, 4.81614, 8.16, 8.63713, 8.98627, 9.18869, 9.60813, 10.3116, 9.658, 9.643, 8.81353, 8.13241, 8.36165, 8.65956, 3.39115, 3.13954, 2.66089, 2.22703, 2.14122, 1.20707, 5.20071, 11.3795, 17.179, 23.1363, 28.3376)
(7.92769, 8.5437, 11.7938, 13.1563, 14.6995, 13.8086, 5.79246, 4.2443, 4.19907, 6.58648, 9.24807, 10.7804, 9.16489, 8.91776, 8.89276, 8.16804, 8.23238, 8.16053, 8.1536, 8.414, 9.51617, 11.5995, 4.25807, 4.2885, 3.85231, 3.58953, 2.15474, 0.82061, 3.94247, 9.03914, 14.6289, 21.6397, 31.7861)
(7.11713, 8.24916, 12.4176, 15.422, 18.9563, 15.0027, 4.40291, 3.15764, 3.00646, 4.85354, 7.41446, 9.59284, 9.11021, 8.86108, 9.56012, 9.61619, 9.28086, 9.23683, 8.87501, 8.75008, 8.4209, 8.69591, 4.48879, 3.8063, 2.92646, 2.62053, 2.07521, 0.842849, 5.10043, 10.4539, 16.0138, 22.6137, 29.0581)
(7.08978, 7.80869, 11.68, 13.101, 15.7845, 15.6745, 6.91358, 3.97594, 4.01364, 5.20535, 8.75298, 10.7642, 9.32209, 9.09064, 8.94961, 8.59865, 8.5421, 8.38327, 8.15944, 8.63405, 9.07273, 10.4832, 4.76181, 4.18025, 3.87418, 3.47623, 2.1586, 0.775978, 3.92541, 9, 14.1739, 21.4835, 32.1902)
(7.30656, 8.51658, 12.3175, 14.3438, 18.3631, 14.9778, 5.7624, 3.37092, 3.76126, 4.19801, 7.08204, 7.69618, 8.59677, 9.20274, 9.09013, 10.3127, 10.3983, 9.58742, 9.14446, 9.05599, 8.51608, 8.3992, 7.02459, 5.01403, 4.24937, 3.48524, 2.32435, 0.704182, 3.83259, 9.37047, 14.9999, 20.6305, 28.3648)
(8.90794, 9.17981, 12.6347, 13.2786, 17.1928, 12.9399, 5.60439, 3.74224, 3.79071, 4.83213, 7.89685, 9.1577, 8.62544, 8.73423, 8.79256, 9.50864, 9.7119, 9.14043, 9.06027, 9.04574, 9.04949, 9.17358, 7.73296, 5.54366, 4.66961, 3.50992, 2.16885, 0.701282, 3.69717, 8.8136, 14.3713, 20.0056, 28.7861)
(6.33328, 8.10167, 11.718, 15.0496, 18.029, 16.9827, 5.93522, 2.9109, 2.9966, 4.22997, 7.71312, 9.12865, 9.19261, 9.3942, 8.76213, 9.62171, 9.26395, 8.78874, 8.56506, 9.05922, 8.79427, 9.42944, 4.07373, 3.62191, 3.50179, 3.3215, 2.41867, 0.921255, 4.30672, 10.0489, 15.8265, 22.4945, 29.4645)
(8.30873, 8.85481, 11.9158, 13.3187, 16.7346, 14.8124, 4.88614, 3.3742, 3.44489, 5.22953, 9.12027, 9.98316, 9.61373, 8.99566, 8.99008, 8.62123, 8.54575, 8.56055, 9.01597, 8.77292, 9.07075, 9.83022, 5.28109, 4.50032, 3.7635, 2.99946, 2.14464, 0.84425, 4.60108, 10.1526, 15.1701, 22.0148, 28.5281)
(6.96429, 8.53859, 12.0934, 14.5843, 15.122, 14.8265, 6.04623, 4.23947, 3.57171, 5.16969, 8.84376, 9.36298, 8.42286, 8.53611, 9.17927, 9.03272, 10.2167, 8.90818, 8.49854, 8.30386, 8.60902, 10.9298, 3.35973, 4.42448, 4.40478, 3.7476, 2.71489, 0.875923, 4.16407, 9.50335, 14.7481, 21.8552, 30.2019)
(4.92492, 7.69544, 16.4234, 20.9391, 21.7324, 13.5359, 2.63048, 1.62014, 2.08287, 3.36872, 5.04666, 6.50592, 7.89545, 9.08239, 11.032, 12.6951, 12.72, 10.8486, 9.80712, 7.53372, 5.84066, 6.03912, 2.0168, 1.7949, 1.68097, 1.18888, 1.21099, 0.587913, 4.29325, 11.1264, 17.0897, 25.1233, 33.8868)
(5.63191, 7.5613, 15.0403, 20.4204, 22.2261, 14.3354, 2.48901, 1.74571, 1.84171, 2.92578, 5.7824, 6.29983, 7.56198, 7.96996, 10.4818, 12.6549, 13.2539, 11.9621, 10.7022, 7.92554, 5.82756, 5.3603, 2.47427, 1.9714, 1.72765, 1.54549, 1.35849, 0.508096, 4.16429, 10.3336, 16.9592, 24.9166, 34.0409)
(8.21287, 8.74073, 11.4398, 12.3076, 13.613, 13.2058, 6.36643, 4.77946, 4.48128, 6.78674, 10.0662, 11.0661, 9.21721, 8.80403, 8.31665, 7.95524, 8.0652, 7.92187, 8.05945, 8.76174, 9.60226, 12.2303, 4.93375, 5.2863, 4.6784, 4.006, 2.31975, 0.768011, 3.69807, 8.64266, 14.1539, 21.2037, 30.3094)
(9.22947, 10.4456, 15.609, 17.2888, 15.3817, 8.12222, 4.08354, 3.98403, 3.44731, 4.22916, 8.1792, 7.85454, 8.10554, 8.22295, 9.43582, 10.3831, 10.7321, 10.2809, 9.7747, 9.51047, 8.03516, 7.66468, 7.60597, 5.62897, 4.36196, 2.74103, 1.60763, 0.385851, 2.77102, 7.77639, 14.1887, 22.2828, 30.6497)
(10.8787, 11.4153, 15.3255, 15.1126, 13.4299, 8.56416, 4.34425, 3.77201, 3.66763, 4.29897, 9.19104, 8.55591, 9.18696, 8.65498, 9.3989, 9.15597, 10.0687, 9.51234, 9.0129, 8.93495, 9.07857, 8.43985, 8.50323, 6.35761, 4.70818, 2.95342, 1.77409, 0.473981, 2.54754, 6.77135, 12.7901, 20.5799, 32.5405)
(6.60692, 7.65765, 11.5485, 16.3908, 17.7915, 17.127, 6.26688, 2.07613, 2.26624, 3.91425, 8.35408, 10.416, 9.28056, 8.65269, 8.79178, 8.96367, 8.64308, 8.63673, 8.51677, 9.0123, 9.28105, 9.80542, 2.74938, 3.21138, 3.33906, 3.83034, 2.6995, 1.07706, 4.66415, 10.4836, 16.4215, 22.8614, 28.6626)
(8.54064, 8.42299, 10.9615, 12.0081, 14.1141, 14.8491, 6.61916, 4.62279, 4.34159, 5.69777, 9.82214, 10.8144, 9.33707, 9.02744, 8.79705, 8.58902, 8.45605, 8.02954, 8.1835, 8.64469, 9.10518, 11.0161, 6.21747, 5.48937, 4.83773, 4.19123, 2.75187, 0.800184, 3.69855, 8.42103, 13.3642, 19.891, 30.3373)
(8.31345, 8.68429, 11.2517, 12.3527, 13.8504, 13.6837, 6.38983, 4.99476, 4.30463, 6.31655, 9.85799, 10.8718, 9.21603, 8.76771, 8.40242, 8.15198, 8.42866, 8.0632, 8.10015, 8.77747, 9.29374, 11.9268, 5.1769, 5.62372, 4.97141, 4.0824, 2.59283, 0.780873, 3.73853, 8.60991, 14.0578, 21.1994, 29.1662)
(6.37668, 8.01465, 15.7184, 18.5326, 20.746, 13.378, 3.22093, 1.96731, 2.09763, 3.40433, 6.54343, 6.27862, 7.46777, 8.0705, 10.273, 12.292, 12.0966, 11.7394, 10.4952, 8.25024, 6.8005, 6.2362, 2.92319, 2.3656, 1.921, 1.62037, 1.31163, 0.528934, 3.97585, 9.89784, 16.5681, 24.2839, 34.6037)
(7.45731, 8.6123, 13.0892, 14.5761, 15.7608, 13.5741, 4.81252, 3.57703, 3.90037, 5.533, 9.1072, 9.53367, 9.03863, 8.60432, 9.22306, 9.546, 9.19627, 9.14474, 8.68325, 8.76788, 8.34, 9.92218, 4.73738, 4.10852, 3.37625, 2.79022, 1.99018, 0.684116, 3.55672, 8.63183, 13.9339, 21.9627, 34.2282)
(5.81429, 7.37638, 10.7189, 16.6017, 20.8281, 18.5738, 5.74364, 1.75643, 1.94228, 3.58197, 7.06249, 9.73337, 9.21517, 9.38168, 8.80113, 9.37716, 9.66029, 9.50076, 8.87538, 8.65829, 8.70168, 8.0951, 2.80664, 3.10725, 3.25799, 3.47947, 2.66647, 1.06379, 5.1154, 11.1031, 16.5432, 21.6492, 29.2075)
(10.6039, 10.6338, 14.0487, 13.9585, 13.5607, 9.49743, 4.67049, 3.86013, 4.3319, 5.622, 9.21243, 9.38443, 9.17093, 8.52218, 9.25869, 9.40093, 9.10185, 9.06655, 9.06716, 8.98185, 8.53151, 9.51392, 10.5943, 7.00316, 4.8155, 3.57828, 1.9496, 0.446615, 2.70168, 6.80086, 12.2832, 19.1826, 30.6442)
(10.2422, 10.5272, 13.3328, 13.7173, 13.1972, 11.044, 5.56422, 3.57687, 3.47803, 4.90679, 10.4134, 9.78477, 9.16463, 8.5888, 8.65025, 8.57923, 8.68054, 8.77382, 8.92537, 9.74323, 9.27739, 9.83197, 6.70193, 5.88981, 4.50834, 3.60391, 2.21796, 0.712149, 3.37363, 8.30307, 13.5269, 20.7524, 30.4099)
(7.6048, 8.84566, 13.9374, 15.4213, 16.2559, 13.199, 5.20029, 2.99934, 3.27623, 4.56947, 8.69058, 9.0045, 8.7572, 8.51397, 8.84541, 9.51033, 9.54754, 9.38341, 9.46127, 9.34906, 8.89539, 8.73194, 4.46886, 3.97031, 3.49258, 3.0087, 2.1205, 0.641183, 3.70338, 8.41736, 14.5852, 22.8672, 32.7246)
(7.90425, 8.90967, 13.0212, 13.8315, 15.1692, 13.1424, 5.49492, 3.95534, 3.83677, 5.45002, 9.28479, 9.28229, 8.97686, 8.6989, 9.19593, 9.37742, 9.02065, 8.94272, 9.08038, 8.82345, 8.64927, 9.95216, 5.48429, 4.7744, 3.91514, 3.079, 2.08456, 0.716129, 3.42677, 8.36281, 13.6375, 21.5169, 33.0025)
(3.47023, 6.29252, 18.1717, 26.5248, 24.6817, 11.1444, 2.12691, 1.24489, 1.36977, 1.8161, 3.15698, 4.01127, 6.17106, 7.78145, 11.6502, 15.0489, 15.6556, 12.9806, 10.828, 7.46986, 4.61372, 3.78935, 1.82428, 1.10022, 0.916832, 0.737954, 0.801996, 0.33898, 2.76239, 9.19304, 18.1895, 27.8986, 36.2362)
(5.83616, 7.44732, 17.0134, 18.9527, 18.2848, 12.9788, 3.79647, 2.68475, 2.77919, 3.70952, 6.51691, 7.2737, 7.73982, 8.93746, 10.1963, 11.4419, 11.0717, 10.4741, 9.70241, 8.33113, 7.09211, 7.73929, 3.17885, 2.92719, 2.48695, 1.82338, 1.50071, 0.587489, 3.79752, 9.11727, 15.1461, 24.832, 34.6026)
(8.1056, 10.5245, 14.5346, 16.0076, 14.75, 10.8177, 4.70402, 3.30055, 3.05747, 4.778, 9.41996, 8.9119, 8.06747, 8.71861, 9.05854, 10.2894, 9.64706, 9.56154, 9.13124, 8.84821, 8.60914, 9.15685, 3.26809, 3.37354, 3.24727, 2.59502, 1.50827, 0.585878, 2.61167, 6.62279, 13.1813, 22.6985, 40.3077)
(8.0608, 8.69659, 13.4088, 14.1685, 14.9691, 13.0902, 5.16194, 3.77875, 3.78208, 5.60266, 9.28057, 9.25276, 8.91897, 8.69822, 9.07185, 9.49791, 9.25551, 8.87507, 8.78225, 8.6944, 8.5951, 10.358, 5.68746, 4.66388, 3.8763, 3.12136, 2.04031, 0.722076, 3.64512, 8.59408, 13.556, 21.2127, 32.8807)
(6.24572, 8.15007, 13.0139, 17.8178, 19.6019, 15.6551, 4.55852, 1.83096, 2.03555, 3.75475, 7.33572, 9.50213, 8.6774, 9.12717, 8.7437, 9.56548, 10.0645, 9.86873, 8.87061, 8.94657, 8.65836, 7.97537, 2.51641, 2.9297, 2.89314, 2.83612, 2.1634, 0.789838, 4.05973, 9.6127, 16.0028, 23.1748, 33.0213)
(10.2728, 10.063, 13.0159, 12.9158, 13.254, 11.2278, 5.55377, 4.07283, 4.728, 5.78384, 9.11219, 10.0997, 9.57415, 8.77988, 8.88846, 8.90493, 8.50083, 8.92618, 8.76439, 8.7146, 8.75329, 10.0936, 10.915, 7.71876, 5.32558, 4.13974, 2.36695, 0.542569, 2.80476, 6.88783, 11.8566, 18.2411, 29.2011)
(8.35503, 10.2235, 14.1132, 17.6764, 17.0349, 9.7535, 3.97062, 3.71393, 3.24002, 4.23688, 7.682, 7.6181, 7.68071, 8.061, 8.64929, 11.0691, 11.5367, 10.5569, 10.0294, 9.49607, 7.94999, 7.35273, 5.56614, 5.11546, 3.73888, 2.55504, 1.51028, 0.405789, 3.12617, 8.62952, 15.1641, 22.7631, 31.4255)
(8.90716, 8.8104, 13.3969, 15.5265, 15.3455, 10.2928, 5.05356, 5.25445, 4.91571, 4.59299, 7.90412, 9.37446, 9.38456, 8.4046, 9.24966, 9.23353, 9.37236, 8.76886, 8.4487, 9.19408, 9.40094, 9.16825, 10.4759, 8.27171, 5.96797, 5.00336, 2.59921, 0.48423, 3.40162, 7.35885, 12.6557, 18.4666, 25.3148)
(6.6945, 8.83897, 15.7915, 21.5034, 19.9365, 10.7976, 3.61353, 1.77726, 1.56193, 2.82136, 6.6635, 6.88334, 6.57656, 7.728, 9.55262, 12.1292, 11.7879, 10.917, 10.7752, 9.78278, 7.50558, 6.36188, 1.73453, 1.85027, 2.10296, 1.87561, 1.33498, 0.518401, 2.3918, 8.47808, 17.267, 26.923, 35.5233)
(8.28065, 8.61407, 12.9317, 13.6696, 14.7032, 13.1529, 5.71218, 4.28347, 3.73836, 5.5731, 9.34079, 9.34342, 9.05226, 8.82331, 9.17548, 9.37826, 9.24194, 8.68778, 8.88282, 8.50932, 8.56165, 10.3438, 6.36854, 5.28059, 4.47935, 3.39815, 2.21326, 0.753485, 3.55426, 8.47401, 13.313, 20.9146, 31.2508)
(8.63165, 8.63483, 12.4197, 13.2422, 14.3387, 13.1748, 6.01026, 4.64863, 3.82072, 5.60107, 9.47745, 10.079, 9.10392, 8.77785, 8.98849, 8.90211, 8.95622, 8.47474, 8.67232, 8.47989, 8.60253, 10.9629, 6.53104, 5.83847, 5.00675, 3.78233, 2.39441, 0.774776, 3.56864, 8.44499, 13.281, 20.9062, 29.4714)
(7.6341, 9.9257, 14.0799, 16.8344, 15.1131, 10.8305, 5.18197, 3.70515, 3.05256, 4.67707, 8.96547, 8.75351, 7.80905, 8.54019, 9.1004, 10.8476, 10.3525, 9.54717, 8.96817, 8.54298, 8.37355, 9.16489, 3.62247, 3.65525, 3.71673, 2.81261, 1.64882, 0.583498, 2.55961, 6.79536, 13.5614, 22.8868, 38.1574)
(6.15715, 7.81692, 16.9951, 18.711, 18.6968, 12.8406, 3.91437, 2.37987, 2.3591, 3.36575, 6.76335, 6.71757, 8.22863, 8.54796, 10.1192, 11.6471, 11.5026, 10.4971, 9.95382, 8.20499, 7.22561, 7.35544, 3.34956, 2.71812, 2.17193, 1.85976, 1.50049, 0.55266, 3.14763, 8.20757, 15.2347, 24.7603, 36.4973)
(6.27003, 7.4251, 16.5147, 18.049, 18.133, 12.874, 4.32146, 3.26434, 2.71109, 3.67749, 6.75986, 6.98321, 7.69255, 9.01721, 10.4396, 11.5135, 11.1465, 10.2218, 9.92892, 7.94993, 7.1792, 7.9276, 3.79525, 3.3425, 2.87619, 1.99931, 1.58933, 0.590504, 3.73084, 9.06208, 15.0176, 24.4316, 33.5648)
(4.00279, 6.68233, 18.7581, 25.0641, 23.7732, 10.4762, 2.34564, 1.58484, 1.52831, 2.1857, 3.59883, 3.74783, 6.07942, 7.81142, 11.6215, 14.6443, 15.1655, 12.7469, 11.0286, 7.68147, 5.06176, 4.41128, 2.16015, 1.37425, 0.980722, 0.745196, 0.769583, 0.317411, 2.68465, 9.24988, 18.347, 27.2538, 36.1175)
(4.25065, 6.00403, 17.9877, 23.2629, 21.9442, 12.6428, 3.1505, 2.24626, 2.04138, 2.4562, 4.01329, 5.18636, 6.56065, 9.40724, 11.6478, 13.4727, 13.2214, 11.2464, 9.76433, 7.08118, 6.41829, 5.99369, 2.36133, 2.19198, 1.88319, 1.2941, 1.14586, 0.445061, 3.85532, 9.81552, 17.0216, 27.042, 32.9441)
(6.78115, 10.4156, 17.9552, 20.4137, 16.3096, 8.17249, 3.40071, 3.17164, 2.81642, 3.54807, 7.01541, 7.39038, 6.84724, 7.82366, 9.44445, 12.4298, 13.8622, 11.4604, 10.2722, 7.6007, 6.78938, 6.07963, 3.20391, 3.70491, 2.4222, 1.51873, 0.654294, 0.244817, 1.72505, 6.16104, 14.7303, 26.3441, 39.2907)
(4.0235, 6.65618, 19.0525, 23.3579, 21.7288, 12.3033, 2.71272, 1.54919, 1.82472, 2.59924, 4.19182, 4.80872, 7.03106, 8.06106, 10.9836, 13.3258, 14.0887, 12.0757, 10.452, 7.90607, 5.98454, 5.28279, 2.53144, 1.79434, 1.41857, 1.18697, 1.20767, 0.458009, 2.94708, 8.78052, 16.4, 27.5135, 35.7619)
(8.00174, 10.7999, 16.2744, 18.4669, 15.3367, 9.16301, 3.78945, 2.88548, 2.86069, 4.53324, 7.88851, 7.84065, 7.30751, 8.48415, 9.66986, 11.5742, 11.493, 10.4542, 9.97775, 8.39867, 7.73941, 7.06064, 3.27719, 3.10511, 2.68229, 1.82697, 1.00215, 0.412538, 2.01195, 6.00077, 12.9286, 24.3304, 42.4219)
(5.05901, 6.73514, 14.0379, 18.7172, 21.4559, 16.6669, 4.00957, 1.96115, 2.13562, 3.38481, 5.83675, 7.69878, 8.71575, 8.59006, 9.5805, 10.7819, 11.0171, 10.4045, 9.17544, 8.51171, 7.47625, 8.04803, 2.25434, 2.38278, 2.74179, 2.96829, 2.77166, 0.80289, 4.80757, 11.2088, 17.6131, 23.9842, 28.4646)
(6.58138, 9.16774, 14.0493, 18.2899, 18.5781, 13.7522, 4.50688, 2.19421, 2.28031, 3.59861, 7.00137, 8.76308, 8.32131, 9.33024, 9.35096, 10.165, 9.97452, 9.89617, 9.26174, 9.05693, 8.287, 7.59305, 3.34605, 3.47578, 3.0949, 2.4712, 2.09598, 0.829224, 3.19977, 9.14263, 15.041, 23.2378, 34.0657)
(9.04447, 9.63779, 12.2586, 13.587, 14.4286, 12.4409, 5.46106, 3.77016, 4.09322, 5.85656, 9.42169, 10.2013, 9.1538, 8.82091, 8.33915, 9.03973, 8.74676, 8.62686, 8.62115, 8.87207, 9.00621, 10.5721, 7.32115, 5.83577, 4.57436, 3.40966, 1.97411, 0.624461, 3.34127, 7.94876, 12.8851, 20.6503, 31.4351)
(9.23368, 9.65608, 13.1696, 14.8234, 14.2312, 11.1468, 5.89474, 4.47214, 4.19644, 5.17712, 7.99888, 9.52713, 9.30205, 9.15087, 8.89327, 9.21967, 9.07984, 8.84813, 8.58272, 9.04527, 9.2847, 9.06634, 9.41411, 7.24487, 5.15772, 3.34746, 1.7972, 0.461795, 2.47587, 5.92286, 11.2014, 20.0284, 32.9482)
(9.23368, 9.65608, 13.1696, 14.8234, 14.2312, 11.1468, 5.89474, 4.47214, 4.19644, 5.17712, 7.99888, 9.52713, 9.30205, 9.15087, 8.89327, 9.21967, 9.07984, 8.84813, 8.58272, 9.04527, 9.2847, 9.06634, 9.41411, 7.24487, 5.15772, 3.34746, 1.7972, 0.461795, 2.47587, 5.92286, 11.2014, 20.0284, 32.9482)
(9.6678, 9.67499, 11.9453, 13.4003, 13.5248, 12.3267, 6.09059, 4.14076, 3.86067, 5.57789, 9.79011, 10.6482, 9.33356, 8.78088, 8.43292, 8.4579, 8.30527, 8.15411, 8.81877, 9.30602, 9.58824, 10.1742, 8.69793, 6.84084, 5.15133, 3.61857, 2.12066, 0.629546, 3.1081, 7.41756, 12.4624, 19.9337, 30.0193)
(7.38182, 8.99357, 14.4253, 14.4107, 15.1501, 13.8114, 5.33691, 3.67351, 3.63981, 4.68286, 8.49398, 9.09571, 9.36978, 9.1963, 9.50213, 9.55554, 9.31382, 8.6812, 8.98402, 8.65205, 8.63443, 9.01503, 5.56161, 4.70441, 4.09037, 3.18307, 2.2618, 0.808922, 3.60394, 8.45217, 13.8921, 21.8837, 31.5579)
(8.55347, 9.43393, 12.5195, 15.1834, 14.676, 12.0965, 5.71329, 3.47123, 3.4481, 5.20877, 9.6959, 9.77336, 8.7928, 8.84349, 9.0569, 9.80047, 9.32107, 8.62112, 8.69188, 8.38812, 8.76468, 9.94611, 4.80453, 4.35864, 3.99333, 3.20108, 1.90324, 0.582897, 2.74844, 6.98232, 12.4022, 20.6009, 38.4224)
(7.3671, 9.98295, 15.1517, 20.1724, 17.7183, 9.35384, 3.82472, 2.6769, 2.32811, 3.8446, 7.57932, 6.67565, 6.89266, 8.18862, 9.54949, 12.5954, 12.5591, 10.7027, 9.60326, 8.51666, 7.54959, 7.16679, 3.14194, 2.69627, 2.60846, 1.95172, 1.13251, 0.397656, 2.13995, 7.0942, 14.8462, 24.9165, 39.0746)
(6.25814, 9.35771, 16.139, 22.3896, 18.3616, 8.45237, 3.94931, 2.85137, 2.34774, 3.55839, 6.33467, 6.45459, 5.8748, 7.60744, 9.39749, 13.7756, 14.8631, 12.2897, 9.96192, 7.17898, 6.52547, 6.07082, 2.82467, 3.20772, 2.81131, 1.65052, 0.84139, 0.275391, 1.83983, 7.24377, 15.7233, 26.7474, 36.8347)
(6.19724, 7.33725, 17.006, 19.639, 18.9034, 12.1412, 3.89509, 2.75001, 2.54957, 3.09034, 6.49088, 6.32148, 7.32228, 8.59852, 9.78052, 11.6516, 12.0995, 11.0203, 10.5612, 8.59353, 6.75683, 7.2943, 4.14604, 3.22644, 2.40517, 1.7108, 1.43653, 0.556093, 3.87708, 9.08892, 15.5138, 25.1117, 32.9275)
(5.21858, 7.76635, 17.8812, 17.7272, 18.7947, 14.7253, 3.99519, 2.25146, 2.4042, 3.1247, 6.1112, 6.6181, 8.10621, 8.6508, 10.1719, 12.0826, 11.8551, 10.3784, 9.15597, 8.35868, 7.34962, 7.27261, 3.65576, 2.75786, 2.43815, 2.38678, 1.94853, 0.932445, 4.06385, 9.27831, 14.7702, 24.4189, 33.3492)
(3.73827, 6.34712, 19.0398, 20.3943, 21.0527, 15.2231, 3.49227, 1.69001, 1.74222, 2.71731, 4.56284, 5.68252, 7.72358, 8.57886, 10.4997, 12.7833, 13.3471, 10.8711, 9.69089, 7.94365, 6.7102, 6.16906, 2.48692, 1.92123, 2.10549, 2.22714, 2.08191, 0.744026, 4.22823, 9.11956, 15.2728, 26.2522, 33.5605)
(8.26359, 8.0884, 12.4364, 14.8768, 16.7276, 13.3099, 5.67734, 3.70346, 3.60619, 4.87069, 8.43968, 8.43417, 9.18479, 9.7845, 9.95332, 10.1576, 9.45528, 8.93169, 8.85187, 8.08984, 8.12625, 9.03066, 8.36704, 6.57622, 5.16492, 3.92204, 1.97868, 0.682561, 3.0378, 8.12183, 13.1541, 19.8564, 29.1384)
(8.78296, 9.79322, 14.9992, 17.7551, 15.1335, 8.36745, 3.70072, 5.05368, 4.28749, 4.8488, 7.27791, 8.2332, 8.04989, 8.0615, 8.88919, 11.5476, 10.2771, 10.3623, 9.03191, 8.77459, 8.24587, 8.5268, 8.13774, 6.94826, 5.38878, 3.72708, 1.93889, 0.345499, 3.18889, 7.07219, 12.9817, 20.896, 29.375)
(8.58806, 8.5253, 12.9969, 15.3133, 15.729, 11.9582, 6.16246, 4.74047, 4.57115, 4.55233, 6.86279, 8.79354, 9.36375, 8.594, 9.09587, 9.87742, 9.74525, 9.07607, 8.52537, 9.21294, 8.71871, 8.99708, 11.2707, 8.70518, 5.687, 4.25574, 2.28626, 0.463475, 3.10005, 6.47447, 12.2701, 18.5483, 26.9387)
(8.89903, 8.83179, 12.91, 15.1064, 15.4597, 12.1835, 5.31813, 3.5575, 3.86229, 5.35327, 8.51836, 8.6862, 9.21159, 9.55468, 9.81853, 10.5007, 9.43009, 8.62538, 8.34819, 7.757, 8.47655, 9.59112, 8.57049, 6.40518, 5.28655, 3.62113, 2.09483, 0.657582, 2.92394, 7.40337, 12.083, 20.3626, 30.5912)
(8.23741, 9.78034, 13.7488, 16.8763, 15.8406, 11.2319, 4.77547, 2.86825, 3.31635, 5.04531, 8.27933, 8.201, 8.18427, 8.41595, 9.52619, 10.7985, 10.9154, 9.44885, 9.17998, 8.487, 8.33814, 8.50473, 4.78938, 3.98024, 3.40119, 2.76783, 1.7031, 0.524665, 2.49567, 6.73915, 12.3022, 21.8209, 39.4757)
(7.14921, 9.42573, 15.9086, 20.1511, 16.7776, 9.15891, 4.0056, 2.9462, 3.23769, 4.35235, 6.88698, 7.42799, 7.51287, 8.5202, 9.24603, 12.4237, 13.0419, 10.8623, 9.17382, 7.3252, 7.23289, 7.23311, 4.28659, 3.88213, 3.09258, 2.17202, 1.19983, 0.396204, 1.9007, 6.58803, 13.4537, 24.642, 38.3862)
(6.70578, 7.306, 16.3787, 19.2222, 18.6309, 11.9823, 4.26042, 3.2444, 2.53563, 3.23025, 6.50353, 6.29926, 7.56772, 9.03623, 10.265, 11.6758, 12.172, 10.9151, 10.5931, 8.00506, 6.47563, 6.9951, 4.80028, 3.59926, 2.86408, 1.8396, 1.61677, 0.509024, 3.6625, 8.74736, 14.8711, 25.0575, 32.4326)
(5.03662, 8.58142, 16.6647, 24.8924, 19.457, 7.74261, 3.70656, 2.70116, 2.65728, 3.32995, 5.23032, 5.98474, 6.0756, 7.30878, 9.03195, 14.3398, 16.9147, 13.2427, 9.11733, 6.31974, 5.83196, 5.83274, 3.44189, 3.60479, 2.3069, 1.42467, 0.64148, 0.204168, 1.51603, 7.10893, 16.3141, 28.1447, 35.2924)
(6.06332, 9.83592, 20.2708, 22.6225, 17.3726, 7.91951, 2.56782, 2.18023, 2.61942, 3.12695, 5.42095, 6.09877, 6.76606, 8.34949, 9.78589, 13.722, 15.045, 11.0802, 9.09627, 7.48649, 6.99467, 5.57512, 3.24308, 2.75528, 1.84852, 1.16378, 0.538436, 0.208116, 1.64377, 6.19265, 14.5566, 27.6271, 40.2227)
(6.31165, 8.55851, 15.8296, 21.1318, 18.7525, 10.7001, 3.54824, 2.73721, 2.9244, 3.6528, 5.8532, 7.13218, 7.69754, 8.86156, 10.1212, 11.8966, 12.8651, 11.0512, 9.66146, 7.3046, 6.84309, 6.56543, 5.0713, 4.41009, 3.0512, 2.03968, 0.94628, 0.351396, 2.31491, 7.02862, 14.2927, 24.8025, 35.6912)
(6.66599, 10.3368, 18.7547, 19.5603, 16.8099, 9.76032, 3.92212, 2.53659, 2.15727, 3.30978, 6.1862, 6.73682, 6.77828, 8.34974, 10.9565, 12.4311, 12.2245, 10.785, 9.19724, 8.05585, 7.51466, 6.97028, 3.66213, 3.61144, 3.21885, 2.17486, 1.52113, 0.647106, 2.32544, 7.60406, 14.3771, 24.622, 36.2359)
(7.60842, 9.42323, 13.7698, 17.1398, 17.3268, 12.2063, 4.65929, 3.62732, 3.03936, 4.1274, 7.07221, 8.00435, 7.9558, 8.69316, 9.61572, 10.5881, 10.5803, 10.3454, 9.66877, 8.64001, 8.22208, 7.68633, 5.99941, 6.14864, 4.72271, 3.25465, 2.13141, 0.701026, 3.0598, 7.83875, 13.5852, 21.0653, 31.4931)
(9.7271, 8.58886, 12.5707, 14.0113, 13.8758, 13.2039, 5.97171, 3.87744, 4.59978, 5.56577, 8.00763, 9.72285, 10.2611, 9.01244, 8.6586, 9.43231, 8.89896, 8.58953, 8.62713, 8.81933, 8.85707, 9.12074, 11.3462, 8.10067, 5.68702, 4.71776, 2.25245, 0.823025, 3.26596, 6.67914, 11.5895, 18.9051, 26.6332)
(8.08508, 8.98153, 11.6306, 15.958, 16.6891, 12.1417, 5.07453, 4.5161, 4.13504, 5.10097, 7.68741, 9.69667, 8.27441, 8.35133, 8.4509, 10.2261, 10.5699, 9.81155, 9.29798, 8.55303, 7.88761, 8.88047, 6.49071, 6.40841, 5.16956, 4.15324, 2.13901, 0.576375, 3.9113, 8.91618, 14.6829, 21.1374, 26.415)
(9.2978, 9.71021, 11.687, 14.6492, 14.9098, 12.9565, 6.2621, 3.89093, 3.67009, 4.98699, 7.97932, 11.0654, 9.7598, 8.67563, 8.66278, 9.16788, 9.19236, 8.07123, 8.47976, 8.99326, 8.91503, 9.01685, 7.62893, 7.19618, 5.57239, 4.57365, 2.76722, 0.73766, 3.5142, 7.82011, 13.1441, 20.5153, 26.5303)
(9.01645, 8.2296, 11.1561, 14.0533, 14.7877, 14.1587, 6.90582, 4.55342, 4.4598, 5.19825, 7.48074, 10.1279, 9.57944, 9.08837, 8.92571, 9.26892, 9.01503, 8.40728, 8.51306, 8.82509, 9.06735, 9.18187, 11.3987, 8.78279, 6.34053, 4.85885, 2.66713, 0.770327, 3.16784, 6.98156, 11.8916, 18.7831, 24.3576)
(6.38959, 9.67868, 17.5069, 19.9095, 17.8095, 9.88936, 3.97854, 2.82319, 2.36235, 3.36241, 6.28999, 6.26482, 6.45307, 7.84815, 11.3059, 13.1257, 12.633, 10.9169, 9.12167, 8.08575, 7.30112, 6.94398, 4.25237, 3.57487, 3.41919, 2.66196, 1.62309, 0.58338, 2.36168, 8.20148, 14.8998, 24.6262, 33.796)
(8.421, 8.97765, 13.6764, 16.0414, 15.831, 11.7821, 4.76783, 3.3241, 3.97409, 5.19824, 8.00615, 8.15017, 8.79709, 9.43348, 9.87576, 10.9783, 10.1978, 9.06843, 8.80912, 7.72627, 8.11911, 8.84448, 8.87063, 6.67197, 4.94717, 3.42609, 1.98672, 0.671536, 2.68848, 7.47131, 12.0843, 20.7308, 30.4509)
(7.8514, 10.1199, 15.4216, 18.3156, 16.2081, 9.90891, 4.28586, 3.051, 3.23425, 4.12701, 7.47634, 7.60801, 7.95536, 8.18825, 9.72176, 11.5557, 11.7931, 9.82216, 9.43283, 8.38114, 7.66921, 7.87247, 5.53585, 4.60207, 3.78886, 2.78127, 1.76073, 0.503231, 2.4043, 6.78995, 12.4041, 22.5639, 36.8658)
(6.94106, 10.3808, 19.1164, 21.2438, 16.7763, 8.40625, 3.06566, 2.43765, 2.60532, 3.35498, 5.67171, 7.13377, 7.36572, 8.19265, 10.1605, 12.3623, 13.3135, 11.043, 9.72235, 7.73156, 6.95971, 6.01491, 4.24719, 3.85339, 2.94212, 1.92114, 1.02181, 0.421664, 1.93686, 6.74622, 13.775, 25.0027, 38.1319)
(8.14769, 9.28445, 13.7501, 17.1479, 17.0919, 11.4639, 4.42703, 3.80971, 3.32543, 4.26575, 7.28606, 8.28454, 8.21352, 8.38737, 9.32534, 10.633, 11.2321, 10.1619, 9.71418, 8.60844, 7.73761, 7.70194, 7.12503, 6.72559, 5.40849, 3.41497, 2.1832, 0.746602, 3.12032, 7.68088, 13.5849, 20.665, 29.345)
(9.40268, 9.03192, 11.2795, 14.5451, 14.6041, 13.0014, 6.58898, 4.55235, 4.12395, 4.96965, 7.90029, 11.4228, 9.91466, 8.60732, 8.33513, 9.18939, 9.10669, 8.18158, 8.25252, 8.86665, 8.83371, 9.2895, 8.42032, 7.96571, 6.51825, 4.89873, 2.82094, 0.71788, 3.34913, 7.81327, 13.2262, 19.9243, 24.3452)
(5.94423, 8.46309, 17.3737, 22.1416, 18.5824, 8.59143, 3.23623, 3.05056, 3.39497, 3.67828, 5.5435, 6.62397, 6.94374, 7.9291, 9.60106, 13.8471, 15.5079, 10.69, 8.58527, 6.76103, 6.5537, 6.95704, 5.40688, 4.48055, 3.23661, 2.42151, 1.28625, 0.410989, 2.2132, 8.12097, 14.5559, 25.2745, 32.5927)
(6.22304, 8.5207, 17.2098, 22.2464, 18.3725, 9.26113, 3.06223, 2.83918, 3.29024, 3.67193, 5.30285, 6.49036, 7.39517, 8.10607, 10.3754, 13.0949, 13.9043, 11.0147, 9.16152, 7.594, 6.81075, 6.05287, 6.10806, 4.82164, 3.59724, 2.29226, 1.02304, 0.338922, 2.15124, 7.07447, 14.2563, 25.1325, 33.2043)
(9.87694, 7.84996, 11.0045, 13.703, 14.8989, 12.8365, 6.01721, 3.90989, 5.12742, 6.09071, 8.68506, 10.772, 9.492, 9.16943, 8.06123, 9.55258, 8.39843, 8.71824, 8.20513, 8.64074, 8.94828, 10.0419, 11.9962, 8.30472, 6.30344, 4.91398, 2.49015, 0.732306, 3.40494, 7.41219, 12.7906, 18.4655, 23.1859)
(8.69121, 7.83218, 10.8388, 16.2256, 16.2491, 11.3038, 5.78983, 4.13663, 4.16729, 4.90143, 9.86415, 9.46724, 8.28549, 8.20485, 8.93795, 9.64091, 9.644, 9.23014, 8.6008, 8.27786, 9.58244, 10.1283, 6.25696, 6.29631, 4.91468, 3.53799, 1.67774, 0.468356, 2.85251, 8.15923, 15.5736, 23.7411, 26.5215)
(9.44415, 8.39317, 11.0034, 13.7459, 13.9929, 12.0901, 6.01864, 4.68528, 5.32337, 6.05306, 9.24998, 10.2531, 9.59657, 8.40199, 8.4625, 8.8112, 8.33541, 8.76196, 8.57171, 8.58624, 9.265, 10.9543, 10.6038, 8.29375, 6.22514, 4.45228, 2.5574, 0.762623, 3.4216, 7.37082, 12.7017, 18.6394, 24.9715)
(5.78427, 7.93056, 16.3946, 22.7464, 18.2899, 8.91173, 3.47414, 3.13686, 3.57234, 3.86605, 5.8932, 6.9962, 7.07791, 7.71188, 9.83306, 13.6876, 14.5321, 11.0723, 8.59672, 7.2067, 6.59389, 6.69165, 6.25155, 4.99238, 3.83113, 2.78303, 1.38437, 0.435199, 2.46777, 8.17095, 14.6176, 24.603, 30.463)
(9.9216, 8.15345, 10.9083, 13.3826, 14.765, 12.8778, 6.07492, 4.54806, 4.55501, 5.87702, 8.93629, 10.7573, 9.47437, 9.25468, 8.00423, 8.9123, 8.04739, 8.42772, 8.26398, 8.62567, 9.21285, 11.0195, 10.372, 7.30515, 5.92939, 4.74838, 2.44642, 0.542547, 3.31785, 7.93473, 13.584, 18.7319, 25.0877)
(9.15415, 7.55602, 9.68222, 12.0372, 14.8289, 14.0834, 7.5844, 5.74998, 5.16704, 5.59377, 8.56283, 11.571, 10.2289, 8.86352, 8.30068, 7.7926, 8.01222, 8.21926, 7.98379, 8.47611, 9.11217, 11.4397, 11.5423, 8.44269, 7.07177, 5.0346, 2.94015, 0.715307, 3.59523, 7.15547, 12.4849, 17.4819, 23.5356)
(8.69509, 7.13415, 8.70546, 11.4393, 14.3123, 14.0644, 8.84107, 6.43101, 5.54695, 5.85111, 8.97923, 12.3267, 10.2415, 8.76667, 8.08041, 7.42261, 7.50003, 7.93033, 7.99289, 8.22735, 9.28882, 12.2228, 11.5772, 8.80589, 7.85067, 5.42018, 2.96279, 0.675448, 3.55123, 6.97181, 12.0083, 16.9089, 23.2675)
(9.65721, 8.45167, 9.28898, 11.2516, 11.6137, 11.8641, 7.37986, 7.08442, 6.20583, 6.23186, 10.9708, 12.8968, 9.66209, 8.4656, 7.77865, 8.10219, 7.85757, 7.92501, 7.99351, 8.60098, 8.93179, 11.7858, 9.91612, 9.58867, 7.89294, 6.11062, 2.83386, 0.510299, 3.87132, 7.7848, 11.9566, 17.5771, 21.9576)
(9.23342, 7.84337, 9.00175, 11.2826, 12.9346, 13.1645, 8.62559, 6.01853, 5.8584, 6.06498, 9.97231, 12.6917, 10.3811, 8.82209, 8.21575, 7.9234, 7.49169, 7.08378, 7.94045, 8.55874, 9.22122, 11.6702, 9.65331, 8.48629, 7.05596, 5.0003, 2.66004, 0.611004, 3.05901, 6.97338, 11.7093, 18.5814, 26.21)
(9.23342, 7.84337, 9.00175, 11.2826, 12.9346, 13.1645, 8.62559, 6.01853, 5.8584, 6.06498, 9.97231, 12.6917, 10.3811, 8.82209, 8.21575, 7.9234, 7.49169, 7.08378, 7.94045, 8.55874, 9.22122, 11.6702, 9.65331, 8.48629, 7.05596, 5.0003, 2.66004, 0.611004, 3.05901, 6.97338, 11.7093, 18.5814, 26.21)
(9.68533, 8.15034, 10.2528, 13.8223, 13.6718, 11.8707, 6.41588, 4.81398, 4.90502, 5.63211, 10.7797, 11.1314, 9.27069, 8.19046, 8.20055, 8.67731, 8.41566, 8.32986, 8.45115, 8.61438, 9.56314, 11.1554, 7.28881, 7.00503, 5.7508, 4.14774, 2.0121, 0.451847, 3.14718, 7.47415, 14.1206, 22.0421, 26.5596)
(9.79346, 8.01772, 10.7173, 12.6939, 14.2619, 12.6488, 5.96011, 4.70387, 4.9516, 6.15479, 10.0966, 10.5941, 9.46137, 9.15451, 8.14602, 8.93348, 7.9717, 8.30926, 8.24774, 8.98135, 9.43817, 10.7623, 10.7487, 7.83762, 5.99122, 4.25513, 2.59737, 0.60142, 3.13058, 7.99817, 12.8962, 18.8735, 25.07)
(8.78291, 8.49828, 13.0691, 16.3692, 14.5764, 10.5338, 5.06544, 4.2715, 4.37553, 5.77321, 8.68458, 9.5961, 9.3907, 8.90893, 8.5109, 9.67415, 9.57499, 9.69855, 8.78437, 8.4849, 8.3675, 9.0089, 7.97861, 6.91027, 5.27652, 3.85179, 2.30568, 0.629399, 2.99831, 6.82621, 13.4526, 20.8038, 28.9668)
(8.65689, 8.461, 12.1471, 14.5982, 14.298, 11.7156, 5.68589, 4.28147, 4.60446, 6.49228, 9.05906, 10.3358, 9.41425, 9.10507, 8.00875, 9.20596, 8.72715, 8.77132, 8.72332, 8.82737, 8.87615, 10.0049, 8.77493, 6.83134, 5.30391, 3.85249, 2.05837, 0.548224, 2.80851, 7.19966, 13.3757, 20.4934, 28.7535)
(9.31983, 8.47583, 10.5548, 12.2788, 13.4939, 12.7492, 6.83358, 5.17754, 5.15891, 6.23465, 9.72295, 11.8882, 10.1372, 8.73662, 7.98505, 7.98032, 7.90695, 8.15603, 8.31872, 8.76294, 9.00423, 11.1238, 9.85816, 8.08399, 6.49241, 4.34134, 2.72452, 0.726767, 3.45256, 7.06254, 12.5508, 17.8742, 26.8327)
(9.89536, 8.49843, 9.59085, 11.1239, 11.4884, 11.7024, 7.44554, 7.14226, 5.94141, 6.28001, 10.8915, 12.8656, 9.46554, 8.76465, 8.07875, 7.89235, 7.71782, 7.89115, 8.08907, 8.75037, 8.91926, 11.5655, 9.64968, 9.32988, 8.14555, 6.15808, 2.97744, 0.58144, 3.89181, 8.01282, 12.1862, 17.1627, 21.9045)
(10.501, 8.16813, 8.75809, 9.88541, 11.3776, 12.4878, 8.42818, 6.59914, 6.3783, 6.83924, 10.5772, 12.3042, 10.0357, 8.29089, 7.92034, 7.55649, 7.08675, 7.98274, 8.46239, 8.72114, 9.83468, 11.8047, 12.5387, 10.6226, 7.96628, 5.86347, 3.09246, 0.77544, 3.74801, 6.92869, 11.1876, 15.4941, 21.7826)
(11.3395, 8.34218, 9.78342, 10.5664, 12.3203, 12.5762, 7.90423, 6.07114, 5.22273, 6.02673, 9.84717, 11.7524, 10.0726, 8.78511, 8.35383, 8.09977, 7.73782, 8.3014, 8.4219, 8.6319, 9.12296, 10.7203, 11.4241, 9.95858, 8.02295, 6.19934, 3.44203, 0.722523, 4.05506, 7.64035, 11.0757, 15.5645, 21.8949)
(10.2302, 8.30007, 9.1901, 10.4932, 12.1193, 12.9241, 7.90013, 5.81532, 5.8003, 6.45995, 10.7674, 12.5062, 9.77814, 8.14913, 7.90931, 7.49378, 7.1537, 7.68231, 8.31266, 8.76541, 10.1411, 12.1082, 10.8853, 9.19284, 7.04741, 5.08146, 2.89478, 0.762342, 3.44365, 7.20919, 11.8234, 17.2248, 24.4349)
(8.9241, 7.88335, 10.2855, 15.2446, 16.9353, 13.0255, 6.28618, 2.89694, 3.24295, 5.04967, 10.2259, 9.88253, 8.68715, 8.43409, 8.569, 9.11971, 10.0482, 9.55698, 7.97721, 8.10881, 8.80691, 10.8094, 4.04618, 4.6409, 4.61824, 4.00727, 2.61866, 0.696798, 4.3029, 9.94553, 16.5446, 22.1258, 26.4531)
(7.83105, 7.33756, 10.2986, 15.4521, 15.8517, 12.8233, 7.87638, 4.57585, 3.85466, 4.65716, 9.44161, 10.5215, 9.07419, 7.91958, 8.66075, 9.6032, 9.2353, 9.3565, 8.16005, 8.21055, 8.84254, 10.4159, 5.62064, 6.65836, 6.40775, 5.31999, 3.60366, 0.98327, 4.47278, 8.56733, 14.1271, 20.5474, 23.6917)
(8.08099, 8.07332, 11.8735, 14.4216, 14.558, 12.4559, 6.07818, 4.55732, 4.7819, 6.11585, 9.00347, 10.435, 9.65929, 9.33716, 8.42025, 9.0544, 8.33654, 8.33663, 8.41221, 8.63522, 9.17772, 10.1956, 8.74469, 7.02952, 5.33137, 3.85856, 2.28487, 0.579264, 2.93438, 7.59732, 13.2586, 20.4655, 27.9159)
(7.10645, 7.44684, 11.7229, 17.4093, 16.2535, 12.2987, 6.99231, 4.49459, 3.79615, 4.32801, 8.15123, 9.59324, 9.00103, 8.182, 8.95656, 10.37, 10.0406, 10.1519, 8.41492, 8.38991, 8.30472, 8.59522, 6.05371, 6.30098, 6.03634, 4.65822, 3.01858, 0.811606, 3.73325, 8.28643, 13.4017, 21.446, 26.2532)
(6.5302, 7.1184, 12.4777, 19.1159, 17.3258, 11.6534, 6.32196, 4.54412, 3.55531, 3.88329, 7.47388, 8.7477, 8.64933, 8.09487, 9.09844, 11.5092, 11.1041, 10.7604, 8.68178, 7.95651, 7.63443, 7.76325, 5.06316, 5.85391, 5.71107, 4.65059, 3.00843, 0.796299, 3.91919, 8.89937, 13.8228, 22.2035, 26.0716)
(10.4929, 8.60596, 11.5172, 13.6334, 13.4825, 12.2578, 5.99723, 4.14895, 3.80056, 5.71316, 10.3503, 10.2834, 8.7102, 9.29271, 8.24426, 9.2832, 8.61066, 8.91079, 9.05169, 9.13075, 8.41588, 10.0664, 7.59221, 6.38036, 5.23349, 4.14271, 2.33259, 0.480103, 3.28154, 7.51994, 13.3881, 19.6429, 30.006)
(9.24029, 8.25888, 10.3832, 11.5324, 12.9251, 13.1699, 7.34494, 5.37458, 5.04306, 6.52084, 10.2068, 12.1849, 10.088, 8.54383, 7.77708, 7.75758, 7.78239, 7.77939, 8.04953, 8.86878, 9.33934, 11.8293, 9.28086, 7.83172, 6.45975, 4.51056, 2.58928, 0.768008, 3.52095, 7.05209, 12.5537, 17.6648, 27.7683)
(9.75737, 8.11514, 8.97084, 10.7014, 11.8568, 12.8912, 7.59895, 5.9434, 5.70456, 6.77436, 11.6859, 12.9405, 9.50289, 8.18621, 8.02448, 7.75246, 7.67381, 7.99407, 8.23162, 8.28065, 9.57559, 11.8377, 9.12597, 8.11869, 6.69787, 5.0756, 2.55385, 0.655908, 3.66175, 7.59392, 12.5579, 18.605, 25.3535)
(9.61382, 8.19078, 9.99701, 12.2222, 13.5208, 13.724, 7.65714, 4.17518, 3.85703, 5.74522, 11.2968, 12.0476, 9.87718, 8.45166, 8.0755, 7.89482, 7.93664, 7.84595, 8.25898, 8.65568, 9.34054, 11.6154, 5.6923, 5.5159, 5.21746, 4.78355, 2.67046, 0.669531, 3.57286, 8.06498, 13.7269, 21.0034, 29.0826)
(9.12227, 7.46695, 8.52063, 10.0079, 13.0021, 14.0197, 9.5065, 6.84065, 6.13073, 5.95989, 9.42265, 13.4116, 10.3528, 8.23418, 7.77786, 7.58486, 7.01722, 7.6095, 8.19083, 8.40894, 9.29242, 12.1197, 12.6039, 10.2492, 8.17156, 5.89318, 2.96494, 0.764369, 4.05375, 7.48208, 11.2442, 15.8729, 20.6999)
(9.99861, 8.2785, 8.62583, 10.2041, 11.6653, 12.791, 7.884, 6.08349, 6.03393, 7.08193, 11.3532, 13.1067, 9.63301, 8.09557, 7.98661, 7.50551, 7.30953, 7.78565, 8.24175, 8.42684, 9.88267, 12.0262, 10.8067, 9.07958, 7.11591, 5.19213, 2.61793, 0.688469, 3.69804, 7.31492, 11.9394, 17.4491, 24.0978)
(10.3077, 8.42988, 8.99932, 10.3371, 12.1459, 12.8846, 7.80956, 5.43151, 5.6355, 6.74989, 11.2691, 12.5821, 9.76303, 8.44658, 7.80538, 7.39282, 7.35929, 7.64053, 8.05654, 8.48638, 9.89041, 12.577, 9.56002, 8.61707, 6.70478, 4.97178, 2.79845, 0.809973, 3.48114, 7.27649, 12.5331, 17.8054, 25.4418)
(11.8434, 8.3806, 10.3102, 11.4093, 12.6989, 11.6861, 6.29577, 5.08775, 4.51292, 6.12982, 11.6453, 11.0881, 8.88953, 8.72565, 8.20578, 9.31682, 8.3277, 8.8255, 8.69962, 9.12632, 8.86417, 9.93081, 9.08977, 7.98614, 6.95087, 5.12903, 3.09011, 0.624088, 3.93471, 7.31083, 11.81, 17.9294, 26.145)
(7.23538, 8.31759, 12.9493, 17.1296, 15.6688, 11.9554, 6.11742, 3.85538, 3.93537, 5.20045, 7.63534, 9.63645, 10.0779, 9.497, 8.4263, 9.05739, 9.05335, 8.94211, 7.75885, 8.63677, 9.0741, 9.83974, 5.7926, 5.14499, 4.31119, 3.11759, 1.9899, 0.625288, 2.77252, 7.21368, 13.706, 22.1765, 33.1498)
(10.4369, 9.00623, 12.2443, 14.9596, 14.7637, 10.5708, 4.89244, 4.45462, 4.1774, 5.37253, 9.12142, 9.57279, 8.29665, 9.01141, 8.71342, 10.4231, 9.59807, 9.92097, 9.10308, 8.87998, 7.89661, 8.58393, 7.27643, 6.86117, 5.36035, 4.04901, 2.03048, 0.433074, 3.27029, 7.48905, 13.5831, 21.0261, 28.621)
(10.8346, 8.58396, 10.4584, 12.3737, 13.8904, 12.2935, 6.21496, 4.36623, 4.45441, 6.35348, 10.1764, 10.7883, 8.81951, 8.86642, 8.51348, 8.71611, 8.63856, 8.83373, 8.43587, 9.04093, 8.98094, 10.3662, 8.82836, 7.23924, 5.82984, 4.51386, 2.36132, 0.551765, 3.27425, 7.13774, 12.4071, 18.5775, 29.279)
(9.25143, 7.92393, 9.45409, 11.6974, 13.4345, 13.9176, 7.6003, 4.63339, 4.6907, 6.40762, 10.989, 12.5136, 10.3004, 8.6693, 7.59032, 7.65764, 7.58364, 7.36115, 7.71647, 8.35489, 9.52188, 12.7307, 7.31313, 6.92789, 5.8422, 4.86317, 2.78765, 1.0077, 3.94308, 8.43596, 13.9551, 19.4556, 25.4685)
(9.89481, 8.24618, 10.6598, 13.2927, 14.3517, 12.8477, 6.50284, 3.5874, 3.33138, 5.49295, 11.7925, 10.3039, 9.16359, 8.53537, 8.75867, 8.14322, 9.00568, 8.607, 8.72131, 8.80243, 8.83805, 11.1208, 3.96, 4.5225, 4.57123, 4.43799, 2.52934, 0.702043, 3.58419, 8.46617, 14.8614, 21.5926, 30.7726)
(10.4775, 8.60215, 11.3835, 12.1251, 12.6603, 12.2143, 6.71321, 4.78851, 4.2139, 6.18304, 10.6384, 10.6901, 9.1029, 8.94596, 8.23064, 8.93185, 8.09177, 8.52831, 8.59613, 9.39585, 9.04588, 10.4406, 8.9261, 7.11635, 5.38831, 4.03263, 2.29111, 0.528398, 3.01443, 6.71465, 11.7451, 18.6279, 31.615)
(11.0862, 8.6048, 11.7116, 13.6433, 14.2169, 11.7255, 6.29596, 4.4334, 3.24057, 4.60729, 10.4344, 9.20838, 8.2841, 8.83639, 8.55465, 10.3568, 9.06358, 9.7012, 9.35546, 9.13462, 8.27136, 9.23344, 7.20745, 6.42994, 5.6349, 4.00908, 2.35146, 0.493963, 3.52802, 7.20821, 12.8816, 19.8951, 30.3603)
(7.38337, 7.92139, 11.971, 14.4596, 14.9805, 13.3302, 6.96868, 4.81691, 4.28458, 5.79483, 8.08903, 10.4112, 10.116, 9.39224, 8.55804, 8.503, 8.13094, 8.27695, 8.22978, 9.04117, 9.3544, 9.98622, 7.3316, 6.43024, 4.86633, 3.64234, 1.93651, 0.551986, 2.872, 7.20117, 13.0022, 20.8081, 31.3576)
(6.69678, 8.43097, 12.8906, 16.0599, 16.4822, 13.3007, 6.89188, 3.84543, 3.67959, 5.10719, 6.61472, 9.7248, 10.4239, 9.19707, 8.35176, 8.94479, 8.68449, 8.38224, 7.57047, 9.0373, 9.49078, 10.1924, 5.52813, 5.00062, 4.13332, 3.22857, 1.76813, 0.493518, 2.78412, 7.75846, 13.6142, 21.485, 34.2059)
(8.8562, 8.19363, 10.9889, 12.9685, 13.4044, 13.7452, 7.17889, 4.70075, 4.55734, 6.29623, 9.10995, 10.6725, 9.93848, 8.66197, 8.1934, 8.44611, 8.04607, 8.27441, 8.15661, 9.24152, 9.34465, 11.0243, 8.31441, 6.96286, 5.57167, 4.15856, 2.14537, 0.713914, 3.0934, 7.07928, 12.7576, 19.5889, 29.6141)
(8.63044, 8.10522, 10.0617, 12.4143, 15.1714, 14.114, 7.39947, 3.62579, 3.9555, 6.04615, 10.4761, 11.9267, 9.33618, 8.99201, 8.2534, 7.77314, 8.26297, 8.11147, 7.88017, 8.1824, 9.65707, 11.6245, 5.19777, 5.36528, 4.63696, 4.681, 2.86403, 0.877359, 4.49557, 9.3164, 15.5077, 20.4141, 26.6438)
(6.22149, 7.40135, 11.6174, 16.0924, 17.3751, 15.1224, 7.86315, 4.10611, 3.48087, 4.03786, 6.68194, 9.50352, 10.1375, 9.32411, 8.85517, 9.08391, 8.98663, 8.31783, 8.13648, 8.5316, 8.5964, 10.5269, 5.59408, 5.69468, 4.91834, 4.26549, 2.58491, 0.820764, 3.81983, 7.91156, 14.3478, 21.5914, 28.4511)
(9.18869, 9.2045, 11.715, 12.881, 14.1113, 12.9715, 6.74191, 3.20321, 3.42963, 5.68714, 10.8662, 11.3346, 10.0865, 9.10034, 8.52341, 8.37603, 8.35828, 8.37257, 7.9583, 7.48586, 8.81053, 11.5936, 5.55948, 5.18684, 4.76285, 4.61374, 2.67499, 1.07411, 4.40952, 9.22874, 14.4753, 20.2061, 27.8083)
(10.0365, 8.15016, 10.1229, 12.7922, 15.5689, 13.313, 6.30427, 4.20709, 4.56516, 6.06609, 8.87378, 9.5659, 8.77729, 8.50405, 8.63099, 8.90416, 9.21157, 9.56128, 8.99641, 9.37038, 8.9268, 9.55117, 10.3654, 8.14761, 5.98509, 4.11012, 2.13208, 0.64587, 3.48842, 7.44691, 12.9478, 18.3234, 26.4072)
(9.9558, 8.22825, 10.9449, 12.2698, 14.4725, 12.8504, 5.75712, 3.63795, 4.34972, 6.28175, 11.2519, 10.25, 9.12936, 9.02357, 8.56612, 8.11699, 9.24266, 8.81106, 8.84554, 8.48788, 8.36302, 11.1638, 5.402, 5.16665, 4.96781, 3.92273, 2.30892, 0.776209, 3.56115, 8.40191, 14.2195, 20.2287, 31.0444)
(9.9558, 8.22825, 10.9449, 12.2698, 14.4725, 12.8504, 5.75712, 3.63795, 4.34972, 6.28175, 11.2519, 10.25, 9.12936, 9.02357, 8.56612, 8.11699, 9.24266, 8.81106, 8.84554, 8.48788, 8.36302, 11.1638, 5.402, 5.16665, 4.96781, 3.92273, 2.30892, 0.776209, 3.56115, 8.40191, 14.2195, 20.2287, 31.0444)
(9.3077, 8.10462, 10.2893, 12.4411, 14.6433, 13.2013, 5.9213, 3.7236, 4.25573, 6.86603, 11.246, 10.8533, 8.67879, 8.94148, 8.26005, 8.06557, 9.14699, 9.06544, 8.73123, 8.64824, 8.63616, 10.9727, 4.94934, 5.00033, 4.43007, 3.74042, 2.29462, 0.765091, 3.57988, 8.35715, 14.9487, 20.854, 31.0803)
(7.73267, 8.05536, 11.0832, 13.8954, 16.3995, 14.6741, 7.38235, 3.25602, 3.15678, 5.0146, 9.3501, 11.1654, 9.46109, 9.30732, 8.19853, 8.34628, 8.60291, 8.67311, 8.20543, 8.0115, 9.17483, 10.8536, 4.4244, 4.81804, 4.25099, 4.90483, 2.93078, 0.976833, 4.7581, 10.4866, 15.8473, 20.5621, 26.04)
(9.44655, 7.90035, 10.7534, 12.7384, 14.5536, 13.0865, 7.27373, 4.47315, 4.64014, 5.94596, 9.1883, 10.0142, 9.68852, 8.77258, 8.26176, 8.98848, 8.38358, 8.44908, 8.26876, 9.21197, 9.23892, 10.7222, 9.26498, 7.82093, 5.48023, 3.95425, 1.92734, 0.686271, 3.31117, 6.9517, 12.707, 18.9138, 28.9823)
(6.36136, 7.33857, 12.6947, 16.1985, 16.8603, 14.4086, 7.02124, 4.46405, 3.2582, 4.81313, 6.58134, 9.84089, 10.2093, 9.13205, 8.60867, 8.87772, 8.29748, 8.62537, 8.23467, 9.07982, 9.31107, 9.78295, 6.51493, 5.78812, 4.3959, 3.44945, 1.56909, 0.512595, 3.07765, 7.60421, 13.9982, 21.3251, 31.7647)
(4.97965, 6.53782, 12.2415, 18.4568, 19.896, 15.5791, 7.08305, 3.88573, 2.77562, 3.38606, 5.17865, 8.25015, 10.1929, 9.5109, 9.57837, 9.74842, 8.82686, 8.99872, 8.02536, 8.78558, 8.40838, 9.67432, 5.28275, 4.79035, 4.09911, 3.36852, 1.84395, 0.670176, 3.37611, 7.74275, 15.2311, 23.0002, 30.595)
(5.38743, 6.83492, 12.5941, 19.5197, 20.1819, 14.8322, 6.41864, 3.63343, 2.48858, 3.47734, 4.63168, 8.24282, 9.61275, 9.2474, 9.05375, 9.95171, 9.13708, 10.182, 8.22789, 8.91933, 8.17846, 9.24682, 4.83892, 4.2443, 3.55749, 3.01617, 1.63926, 0.430053, 2.94957, 7.94643, 14.6675, 23.7568, 32.9534)
(9.19464, 7.38903, 10.4641, 14.9493, 16.8675, 13.6182, 5.9942, 3.61242, 4.06765, 5.89094, 7.95208, 9.17285, 8.4986, 8.82738, 8.47181, 9.17559, 9.62158, 9.77872, 9.08915, 9.45083, 8.66555, 9.24796, 9.98097, 7.10577, 5.13887, 3.56765, 2.12101, 0.58861, 3.41112, 7.65754, 14.1951, 19.8487, 26.3846)
(8.46077, 8.44891, 12.8319, 14.9753, 16.795, 11.8363, 4.37584, 2.8619, 3.48613, 6.35438, 9.57352, 8.80561, 8.55514, 9.34028, 8.65167, 8.93511, 10.5748, 10.1673, 9.40978, 8.45335, 8.16336, 8.94354, 4.51096, 4.06081, 3.33861, 2.99344, 1.83254, 0.675427, 3.30437, 8.42639, 15.7437, 21.681, 33.4327)
(9.47011, 8.70623, 13.3907, 15.1339, 16.179, 11.2857, 4.25791, 2.58383, 3.42458, 5.74059, 9.82745, 8.2159, 8.83718, 9.39387, 9.03339, 9.3051, 10.3898, 10.0353, 10.0132, 8.16665, 7.96895, 8.64067, 4.64739, 4.05958, 3.84382, 3.31783, 1.8231, 0.640503, 3.25893, 8.19497, 15.2731, 21.395, 33.5458)
(9.76628, 7.82737, 10.7432, 14.3392, 16.538, 12.8705, 6.12877, 3.91665, 4.014, 5.39119, 8.46479, 9.50322, 9.24314, 8.67076, 8.60017, 9.75607, 9.12677, 9.38172, 8.80322, 9.49354, 8.37703, 9.04438, 10.1644, 7.43305, 5.33414, 3.27819, 1.71478, 0.554853, 3.33589, 7.30233, 13.3622, 18.9062, 28.614)
(3.41133, 5.41108, 11.2727, 21.3514, 24.6981, 16.1565, 6.3966, 3.5356, 1.89114, 2.15314, 3.72234, 6.27615, 9.78121, 9.73583, 10.7002, 10.2611, 10.7709, 10.606, 8.05476, 8.52526, 7.3304, 7.95808, 4.33434, 3.60614, 3.53184, 2.6938, 1.73799, 0.710758, 3.21379, 7.11832, 16.2303, 25.4819, 31.3408)
(8.18409, 6.96529, 9.48122, 15.1332, 17.4022, 15.4881, 6.68627, 3.36921, 4.31921, 5.55264, 7.4185, 9.12477, 9.29764, 8.86061, 8.34646, 8.80461, 9.1703, 9.45952, 8.68022, 9.6155, 8.52536, 10.115, 10.2189, 6.79927, 5.08597, 3.43268, 2.13324, 0.619497, 3.96863, 7.89183, 14.9292, 19.8938, 25.0269)
(9.08053, 8.37687, 14.5517, 16.3752, 16.8534, 10.235, 3.84364, 2.53383, 4.07399, 6.24423, 7.83158, 7.79439, 9.7564, 9.0525, 9.38726, 9.82228, 10.3372, 10.0873, 9.74401, 7.99874, 8.23802, 7.78185, 8.43154, 6.61313, 4.7183, 3.04792, 1.63362, 0.53549, 2.43177, 7.86897, 13.5988, 20.9423, 30.1782)
(8.05689, 8.15047, 13.0279, 16.2527, 16.788, 10.7802, 4.93915, 3.41454, 4.20239, 5.76917, 8.61855, 8.68628, 8.84734, 8.54386, 8.21044, 9.57746, 10.1101, 11.189, 9.50088, 7.62933, 8.76832, 8.93695, 9.09741, 7.42702, 4.92075, 3.34022, 1.94116, 0.578131, 2.19852, 7.9882, 13.2123, 19.9221, 29.3741)
(10.4448, 6.91183, 7.7168, 12.2982, 17.8965, 13.0495, 6.7063, 4.31535, 4.5339, 6.24311, 9.88373, 8.31173, 8.75924, 9.27422, 9.0642, 9.01671, 10.1111, 9.70582, 10.2225, 8.27464, 8.04216, 9.21769, 11.5079, 9.07131, 5.58477, 4.40822, 2.70795, 0.721795, 3.45846, 8.65141, 14.1171, 17.4743, 22.2968)
(9.73863, 7.66749, 12.9116, 14.9589, 15.9481, 10.9995, 4.40543, 2.75892, 4.38767, 7.30994, 8.9139, 7.83205, 9.5852, 9.23192, 9.61944, 9.48906, 10.0441, 9.96352, 9.82688, 7.93854, 8.59875, 7.87053, 9.84037, 7.65046, 5.22702, 3.6075, 1.99964, 0.503063, 2.88125, 9.34244, 13.6252, 20.0352, 25.2878)
(10.624, 7.07842, 7.739, 10.717, 16.3474, 13.5913, 6.5546, 4.45669, 5.04245, 7.56649, 10.2826, 9.14336, 8.89245, 9.28341, 8.97675, 8.98604, 9.60344, 9.10057, 9.49629, 8.74474, 8.53367, 9.23927, 12.7826, 9.42066, 6.09806, 4.78229, 2.44533, 0.837982, 2.88879, 8.65566, 13.9667, 17.2232, 20.8988)
(8.66892, 7.29489, 12.3361, 16.0222, 17.4036, 10.9231, 4.81349, 3.48782, 4.05261, 6.57914, 8.41817, 8.15745, 8.6044, 8.72512, 8.81869, 9.78123, 10.5793, 10.5662, 9.40974, 8.30295, 8.70744, 8.34748, 10.0714, 7.4862, 5.09411, 3.20338, 2.00372, 0.517108, 2.89421, 9.21148, 13.9162, 19.8378, 25.7644)
(11.7199, 7.38115, 7.14033, 10.5783, 17.3141, 13.6104, 5.57651, 3.38729, 4.24195, 7.33066, 11.7195, 7.90234, 7.96119, 9.76705, 9.62281, 9.67074, 9.89249, 9.72137, 9.8179, 8.86669, 8.57899, 8.19844, 12.3646, 8.75627, 5.86171, 4.05537, 2.3306, 0.640169, 2.9131, 8.21302, 13.1859, 18.2402, 23.439)
(8.42566, 6.68029, 7.88542, 11.0181, 15.7172, 14.1676, 9.69802, 5.90337, 5.61908, 6.27601, 8.60923, 11.8426, 9.93003, 8.8477, 7.50282, 7.13838, 8.45245, 8.03275, 9.70905, 8.38511, 9.43908, 10.72, 13.5423, 9.77174, 7.37786, 5.79903, 2.95906, 0.593737, 3.44849, 8.32859, 13.5386, 15.9587, 18.6819)
(11.0504, 6.54711, 5.99733, 8.64772, 12.6628, 13.6596, 7.37746, 5.32763, 6.03441, 9.23987, 13.4556, 9.42065, 9.27163, 9.63807, 8.88356, 8.66596, 8.76639, 9.13292, 8.30432, 8.23098, 9.81043, 9.87509, 13.662, 10.0666, 7.8819, 5.54075, 3.17026, 0.754485, 3.72588, 9.22528, 14.4611, 16.2538, 15.2579)
(9.28567, 6.93684, 8.1266, 11.2407, 14.3525, 13.2284, 8.38456, 5.81989, 6.02592, 7.11443, 9.48445, 10.8943, 10.2841, 9.52777, 8.08506, 7.31881, 8.05754, 7.48488, 8.86803, 8.51074, 8.95168, 12.0171, 13.4386, 10.1485, 6.79865, 5.50923, 3.16245, 0.808791, 3.16823, 8.55259, 13.2716, 16.8816, 18.2598)
(9.0101, 6.18584, 7.3873, 11.1491, 16.1453, 13.6559, 6.74124, 4.44692, 5.09505, 8.34866, 11.8347, 8.49458, 8.89912, 8.98105, 8.73825, 10.4505, 9.79315, 9.91248, 8.67536, 8.74343, 8.29543, 9.01668, 12.2465, 9.4806, 6.53012, 4.92647, 2.70535, 0.897398, 4.16041, 10.9406, 16.885, 16.5404, 14.6872)
(9.94825, 6.96724, 8.50432, 11.1459, 13.9416, 12.4359, 7.72464, 5.23315, 5.9708, 7.48433, 10.6438, 10.7275, 10.0966, 9.50953, 8.59871, 7.71575, 8.58595, 7.8728, 9.43731, 8.20686, 8.67637, 10.5727, 13.2737, 9.38203, 7.22793, 4.92947, 3.222, 0.64247, 3.22911, 8.82645, 12.5792, 16.917, 19.7707)
(9.27446, 6.23721, 6.42936, 9.53651, 14.3358, 14.3868, 7.40801, 5.71931, 6.45769, 8.57231, 11.6426, 9.77805, 8.90863, 9.6135, 8.53225, 9.17916, 8.70548, 8.88538, 8.16155, 8.81889, 9.07745, 10.3396, 12.7097, 10.1259, 7.87947, 5.26023, 2.8072, 1.05042, 3.3949, 9.16538, 14.6422, 16.9545, 16.0101)
(8.32547, 5.727, 5.99833, 11.098, 15.2592, 15.1183, 8.36565, 5.38669, 6.24673, 8.05216, 10.4224, 8.76991, 8.16656, 8.95994, 9.64698, 9.90976, 9.0669, 8.81178, 8.29424, 9.0932, 8.40295, 10.8778, 12.7127, 9.91432, 7.59773, 5.40152, 2.85587, 0.940793, 3.42144, 10.0546, 15.694, 16.8652, 14.5418)
(8.89147, 6.57313, 7.1409, 11.0242, 14.8534, 13.9115, 8.83414, 5.81734, 6.12778, 6.61009, 10.2161, 11.2522, 9.07179, 8.82197, 8.0976, 7.49087, 8.50174, 8.20977, 9.09156, 8.76068, 9.86636, 10.8355, 12.7512, 9.37415, 7.25024, 5.06152, 2.91779, 0.643013, 3.43577, 8.13331, 13.944, 17.0138, 19.4753)
(9.34811, 7.03076, 7.89576, 10.624, 13.9143, 13.0358, 8.71397, 5.99218, 6.03095, 7.33807, 10.076, 11.0675, 9.8263, 9.63228, 8.07409, 7.47846, 7.74141, 7.5555, 8.70054, 8.57987, 9.3047, 12.0394, 13.0611, 9.72293, 6.98297, 5.39317, 3.07975, 0.745747, 3.20691, 8.13854, 12.8349, 16.8916, 19.9424)
(10.1848, 5.75503, 6.55496, 8.87928, 13.3574, 12.8963, 6.99712, 4.74669, 5.66733, 9.95003, 15.0111, 8.27326, 8.36692, 8.39452, 9.45485, 9.80422, 10.1332, 9.7671, 9.41146, 8.8707, 8.85057, 8.67323, 13.343, 8.98449, 7.28316, 5.76804, 2.92085, 0.583891, 4.23243, 12.2862, 15.6889, 15.5183, 13.3908)
(9.43725, 6.97043, 8.13253, 10.503, 13.5927, 12.8488, 8.12924, 5.77411, 6.13702, 7.58272, 10.8922, 11.2808, 9.66719, 9.60206, 8.59067, 7.69103, 7.98197, 7.62546, 8.98441, 8.39304, 9.08316, 11.1002, 12.7741, 9.17355, 7.06832, 5.00153, 3.17121, 0.642274, 3.18864, 8.51828, 12.5278, 16.907, 21.0273)
(9.44838, 6.07286, 5.96668, 8.88909, 13.4292, 13.9888, 7.60399, 6.09251, 7.06888, 8.76594, 12.6737, 9.94458, 9.29945, 9.60598, 8.70831, 8.55594, 8.22012, 8.56649, 8.36238, 9.17941, 9.02113, 10.5362, 12.3709, 9.71882, 8.2193, 5.34112, 2.96335, 1.03462, 3.46277, 8.75296, 14.2613, 16.67, 17.205)
(8.11984, 5.79996, 7.14625, 10.5363, 14.1675, 14.7808, 8.27543, 6.06875, 6.64041, 7.69171, 10.7731, 9.9444, 8.68059, 9.09146, 8.62401, 8.65502, 7.94947, 8.59561, 8.62213, 8.8308, 9.30391, 11.7026, 12.0422, 9.70515, 7.54767, 4.99259, 2.7224, 0.878739, 3.02881, 8.57042, 14.2044, 17.6048, 18.7029)
(8.27393, 4.38686, 4.82744, 10.0176, 20.4488, 12.0642, 5.44767, 3.52546, 5.10601, 10.621, 15.281, 5.90875, 7.28597, 7.88307, 9.8292, 13.4505, 13.1284, 12.9399, 8.57863, 7.56889, 6.7997, 6.62692, 11.0543, 7.42233, 5.52742, 4.13684, 2.30223, 0.640584, 4.40019, 14.2274, 21.589, 17.966, 10.7337)
(6.13238, 4.83162, 8.2613, 12.4678, 16.7031, 20.1969, 10.7813, 5.92225, 3.84218, 3.85278, 7.00837, 10.2618, 9.21742, 8.41983, 6.68623, 9.03945, 8.25779, 9.09559, 10.4466, 8.59592, 8.59593, 11.3834, 12.7955, 8.11622, 7.54598, 5.45158, 3.23929, 0.695037, 4.23848, 10.8151, 13.8031, 16.7765, 16.5232)
(7.4979, 5.06508, 6.55083, 9.99783, 15.6742, 13.5601, 7.86406, 5.28216, 5.66998, 8.89288, 13.9449, 10.6564, 9.36077, 8.25993, 7.26911, 8.7043, 9.67048, 9.33275, 9.76561, 8.13562, 9.3432, 9.50187, 14.1693, 7.99128, 5.57058, 4.87837, 2.27881, 0.55502, 4.86411, 12.4838, 15.8226, 16.8199, 14.5662)
(7.32438, 4.13698, 4.57039, 9.12102, 15.8387, 11.6166, 7.11921, 5.14342, 6.60703, 11.6163, 16.906, 6.35708, 7.98184, 9.50776, 8.54931, 11.4716, 13.2921, 11.3634, 8.23342, 6.98443, 8.94729, 7.31164, 9.56069, 7.06618, 6.43702, 5.56909, 2.25807, 0.687089, 4.00236, 13.9252, 20.079, 18.0795, 12.3357)
(10.3265, 6.82106, 6.77136, 9.2439, 11.9807, 12.7605, 7.39656, 5.62158, 6.64107, 8.784, 13.6527, 10.2857, 9.49266, 9.23598, 8.57585, 8.24813, 8.32772, 8.57139, 8.69616, 8.52476, 9.66554, 10.3762, 11.4995, 9.01004, 7.11906, 5.23945, 2.69681, 0.781353, 3.10034, 8.08776, 12.8274, 17.8868, 21.7516)
(9.81624, 5.48017, 6.76935, 8.65412, 13.7303, 14.1242, 7.16691, 4.64946, 5.50551, 9.32429, 14.7794, 8.67822, 8.10512, 8.79352, 9.03474, 9.896, 10.1316, 9.66801, 9.01113, 9.20613, 8.61396, 8.86158, 12.3112, 8.5553, 7.29805, 5.56451, 3.04553, 0.82872, 4.58543, 12.8965, 15.4575, 15.6326, 13.8246)
(9.21935, 6.5025, 6.93257, 9.63532, 12.9737, 13.8835, 7.84996, 5.87566, 6.52367, 8.0646, 12.5392, 10.6139, 9.25222, 8.98058, 8.60253, 8.10544, 8.25327, 8.45878, 8.89732, 8.89837, 9.44266, 10.4949, 11.2282, 8.96709, 7.13824, 5.12198, 2.75544, 0.854375, 3.13618, 8.40533, 13.0185, 18.1648, 21.2099)
(9.2138, 6.2967, 7.25686, 9.81969, 12.8785, 13.8782, 7.92551, 5.94162, 6.61057, 8.31527, 11.8633, 10.9287, 9.43865, 8.95145, 8.20572, 7.85022, 8.06735, 8.03121, 8.85792, 8.71333, 9.83562, 11.1198, 10.8177, 8.53782, 6.77721, 5.27547, 2.97075, 0.746552, 3.30744, 8.57679, 13.006, 17.8589, 22.1254)
(7.14289, 4.12986, 5.1181, 12.0071, 21.4354, 13.1075, 5.29604, 3.55532, 4.49288, 9.67489, 14.04, 5.70473, 7.4379, 8.24599, 10.1105, 13.7763, 13.6499, 11.5682, 8.0978, 7.72954, 7.04889, 6.63031, 9.42966, 6.71435, 4.89869, 3.59599, 1.98982, 0.623565, 4.61658, 15.1766, 22.1947, 18.265, 12.4951)
(6.79043, 3.7206, 4.55179, 11.9695, 19.4411, 14.8503, 6.39567, 4.22486, 5.27957, 9.73951, 13.0366, 6.40996, 7.523, 8.60439, 9.555, 14.0584, 12.6385, 11.0158, 7.98446, 7.99434, 7.22547, 6.99074, 10.4903, 6.95867, 5.54791, 4.50761, 2.65854, 0.893641, 4.93973, 14.718, 22.3726, 16.0615, 10.8515)
(8.26651, 3.89649, 4.83752, 8.86771, 14.0349, 13.0807, 7.70488, 6.34361, 5.98096, 11.0727, 15.9139, 8.32414, 9.00813, 8.82727, 9.91498, 10.9598, 11.5269, 9.46568, 8.04613, 8.38558, 8.72288, 6.81849, 11.2007, 8.4305, 6.77053, 5.75419, 3.13259, 0.914666, 4.45261, 12.4236, 19.493, 16.1067, 11.321)
(6.9819, 5.42977, 6.62839, 10.7876, 16.6592, 15.1732, 8.05968, 5.77337, 5.29355, 7.74199, 11.4714, 11.6761, 9.04146, 8.32674, 7.13259, 8.71849, 9.19073, 8.72955, 9.29853, 8.56021, 9.55789, 9.76772, 11.2449, 7.34716, 5.50547, 4.17785, 2.56055, 0.751625, 4.79894, 11.9964, 16.103, 17.6728, 17.8413)
(7.81241, 4.61036, 5.4594, 9.93276, 14.3593, 11.1407, 6.76912, 5.92325, 6.42686, 11.433, 16.1328, 7.1327, 8.08642, 9.07471, 8.69998, 11.5598, 12.3252, 10.7142, 8.54646, 7.31628, 8.48462, 8.05962, 8.82152, 7.65651, 6.74008, 5.11143, 2.28043, 0.651026, 4.08321, 13, 19.1122, 18.4409, 14.1027)
(8.03554, 5.09331, 5.90942, 9.75384, 14.1733, 11.8831, 7.20735, 5.059, 6.39682, 11.0742, 15.4142, 7.36331, 7.93847, 9.16721, 8.92906, 10.5946, 11.5933, 10.7433, 8.63437, 7.61601, 8.71495, 8.70548, 9.22761, 7.72404, 6.81663, 5.2623, 2.55713, 0.748519, 3.95651, 12.2828, 18.3748, 18.3713, 14.6783)
(9.58767, 5.55995, 5.97889, 8.98098, 12.8397, 12.9667, 7.25371, 5.29776, 6.27587, 9.47466, 15.7841, 8.63871, 9.13484, 9.43526, 8.78072, 9.33237, 9.58478, 9.5616, 8.80844, 8.52442, 9.20767, 8.99118, 10.8249, 8.02089, 6.7855, 5.28294, 2.89075, 0.898764, 4.05744, 10.1697, 15.0034, 17.7646, 18.301)
(9.83235, 6.13521, 6.31983, 8.84828, 11.6418, 13.3594, 7.62061, 6.00026, 7.27417, 8.87532, 14.0928, 10.5471, 9.36636, 9.07607, 8.50585, 8.39342, 8.43646, 8.56157, 8.47537, 8.77209, 9.51025, 10.3555, 10.8453, 9.05053, 7.12139, 5.15001, 3.01586, 0.833508, 3.52899, 8.62563, 13.2684, 17.8786, 20.6818)
(8.25789, 5.12657, 6.14906, 10.4125, 15.4806, 13.9621, 6.81681, 5.04646, 5.92271, 8.59002, 14.2352, 8.40218, 8.69837, 9.44033, 9.0278, 10.0718, 10.0731, 9.84494, 8.63488, 8.66203, 8.3289, 8.81567, 9.84827, 7.52534, 5.848, 4.58218, 2.65544, 0.912158, 4.20129, 10.8407, 16.4701, 18.1843, 18.9322)
(8.04223, 5.59653, 6.94227, 9.65509, 12.9564, 14.7087, 8.51661, 6.46827, 6.65328, 8.16508, 12.2955, 11.044, 9.81246, 9.01269, 7.96053, 7.59635, 8.06315, 7.87437, 8.43829, 8.79089, 9.9763, 11.431, 10.1691, 7.95751, 6.90793, 5.43587, 3.25704, 0.826968, 3.68078, 8.69393, 13.5158, 17.7857, 21.7694)
(7.91356, 6.02509, 6.56972, 9.8452, 14.436, 14.1802, 8.17461, 6.28264, 6.4975, 7.93773, 12.1377, 11.0435, 9.11341, 8.94308, 8.0589, 8.28799, 8.47865, 8.14407, 8.82769, 9.24533, 9.36772, 10.4897, 8.93974, 7.32532, 6.18892, 5.48263, 3.04993, 0.911048, 4.61306, 10.2562, 14.0924, 18.0793, 21.0614)
(8.93409, 5.70514, 6.51909, 9.04388, 11.7941, 13.3423, 8.06743, 6.29002, 7.40262, 8.90272, 13.9986, 10.6776, 9.1303, 8.95641, 8.39624, 8.298, 8.46926, 8.44783, 8.46163, 8.8548, 9.53876, 10.7692, 9.55178, 8.58573, 7.22872, 5.69038, 2.98774, 0.921684, 3.8838, 8.70276, 13.8977, 18.316, 20.2337)
(8.3128, 5.61446, 6.65106, 10.1734, 14.2821, 14.9303, 7.97052, 6.08848, 6.21995, 7.45014, 12.3068, 10.4938, 9.37518, 9.34963, 8.54079, 8.3064, 8.24332, 8.69159, 8.75462, 8.78126, 8.86314, 10.6002, 9.9157, 7.87645, 6.37268, 5.32254, 2.93168, 0.939755, 4.39309, 10.4367, 14.3041, 18.3446, 19.1627)
(7.6521, 4.82294, 6.33497, 9.40969, 18.4236, 14.2614, 6.59997, 4.32451, 4.70308, 7.75993, 15.7078, 7.3615, 8.86458, 9.29389, 8.5858, 10.1468, 11.2689, 9.98008, 9.09579, 9.514, 7.94177, 7.94693, 9.12064, 7.21884, 5.96993, 4.77795, 2.9477, 1.0752, 5.97711, 16.7483, 17.5569, 16.25, 12.3574)
(6.06381, 4.07471, 6.40136, 14.7899, 22.9997, 15.8759, 4.53692, 3.14701, 3.80206, 7.11747, 11.1911, 5.80092, 6.38469, 9.11327, 10.6161, 12.1209, 14.125, 11.7227, 8.0856, 7.65942, 7.17646, 7.19485, 7.09521, 5.61646, 3.88672, 3.20801, 2.06142, 0.913712, 5.36156, 15.6141, 21.7084, 19.2284, 15.3061)
(7.20616, 4.88804, 6.10049, 9.50717, 13.9477, 15.862, 8.50615, 6.43801, 6.4522, 7.68982, 13.4022, 10.2462, 9.26997, 8.77721, 8.45817, 8.70911, 8.72124, 8.80493, 8.49173, 8.65368, 9.64084, 10.227, 8.49317, 6.83231, 6.34691, 5.22456, 3.3014, 0.957045, 4.40997, 9.96468, 15.1838, 18.2014, 21.0848)
(6.83346, 5.31384, 6.86386, 10.5795, 16.21, 16.6116, 7.94746, 6.36699, 5.23598, 6.61875, 11.4186, 10.4254, 8.95836, 8.6559, 7.67488, 8.45826, 9.0124, 8.77967, 8.50686, 8.73684, 9.79332, 10.9981, 8.11202, 6.18339, 5.63561, 4.82315, 3.08994, 1.00249, 4.81732, 11.1256, 15.2692, 18.4761, 21.4653)
(5.34224, 4.8272, 6.91817, 14.2922, 21.6155, 18.7895, 7.19011, 4.8237, 3.64131, 4.50436, 8.05576, 9.85174, 7.46495, 8.26107, 7.1855, 10.0865, 9.46676, 9.94261, 9.12882, 8.43536, 9.50343, 10.6733, 7.62458, 4.71884, 4.25497, 3.21796, 2.42501, 0.864932, 5.39251, 13.9906, 18.7616, 19.4305, 19.3185)
(4.46922, 2.35689, 4.36031, 15.0667, 24.6219, 16.8508, 6.10182, 5.20242, 4.81528, 6.79565, 9.35901, 5.26494, 7.4734, 8.79097, 9.57002, 13.7494, 12.9016, 10.866, 9.04138, 7.86973, 8.43068, 6.04186, 6.7311, 5.2041, 4.33221, 4.0719, 2.31216, 1.12611, 6.71595, 17.0057, 23.4256, 17.4716, 11.6036)
(6.51216, 3.68911, 5.8775, 11.5881, 16.6879, 15.8864, 7.68954, 5.67677, 5.27445, 7.90746, 13.2106, 8.94872, 9.18774, 10.0737, 9.5592, 9.24026, 10.3125, 9.2259, 8.55217, 8.37387, 9.09395, 7.43199, 7.8509, 6.63141, 5.981, 5.31279, 3.61407, 1.06841, 6.16091, 13.1832, 19.2987, 17.2824, 13.6162)
(6.3235, 4.2786, 6.27783, 13.1366, 18.5085, 16.2013, 7.04158, 5.0743, 4.9269, 6.95153, 11.2793, 10.0561, 8.4228, 8.72991, 8.07326, 9.10483, 10.2518, 9.55854, 9.4678, 8.94051, 8.99863, 8.39582, 6.60961, 5.06709, 5.22451, 4.31593, 3.2579, 0.949968, 6.03924, 13.0728, 18.6061, 18.2136, 18.6432)
(6.83494, 4.88975, 5.93098, 11.8337, 18.7237, 14.588, 6.49275, 5.14505, 5.31256, 7.4644, 12.7842, 10.0868, 7.8352, 8.10195, 8.48404, 9.84134, 10.4514, 9.33821, 9.42085, 8.91499, 8.64825, 8.87695, 6.55789, 5.36276, 4.74191, 4.07117, 2.56671, 0.762677, 5.93769, 13.6108, 18.5421, 18.9312, 18.9151)
(4.77515, 3.18334, 6.00416, 11.3647, 24.414, 16.5358, 5.56835, 3.68346, 5.08701, 6.73038, 12.6537, 6.4013, 7.76754, 8.59455, 8.92292, 11.545, 13.0126, 11.2741, 9.48642, 8.62237, 7.37467, 6.99845, 6.28663, 5.19897, 3.45326, 3.81228, 2.24047, 0.817914, 6.91012, 20.4764, 19.8245, 18.4794, 12.5001)
(8.93738, 4.99959, 6.06108, 8.56822, 12.3538, 13.5359, 7.68614, 5.74448, 6.56681, 9.02072, 16.526, 9.25244, 9.02534, 9.1247, 8.83132, 8.97695, 9.5224, 9.80142, 9.00562, 8.71795, 8.86157, 8.8803, 8.25998, 7.27055, 6.59651, 5.37377, 3.26421, 0.950582, 4.382, 9.49436, 15.2904, 18.8438, 20.2738)
(8.92439, 5.10349, 5.96067, 8.47947, 11.8818, 13.6886, 7.78703, 6.09422, 7.23975, 8.79823, 16.0423, 9.1108, 8.9265, 9.03034, 9.05443, 9.25731, 9.30478, 9.89519, 8.70784, 8.76497, 8.85215, 9.0957, 8.3261, 7.94847, 7.1307, 5.5928, 3.32985, 0.960504, 4.44887, 9.71269, 14.4765, 18.3967, 19.6768)
(8.4809, 5.41831, 6.33981, 9.63604, 12.7385, 14.1548, 8.14321, 6.76171, 6.7896, 8.08866, 13.4484, 10.3865, 9.27837, 9.26936, 8.61897, 8.35336, 8.15558, 8.8381, 8.8243, 9.16951, 8.99052, 10.1155, 8.40351, 7.78002, 6.82518, 5.67997, 2.90828, 1.04334, 4.70114, 10.1402, 14.2337, 18.9291, 19.3556)
(6.69768, 4.58751, 6.67728, 11.9028, 19.3812, 16.1965, 6.22622, 3.54002, 4.57757, 7.01669, 13.1965, 6.75412, 8.06506, 9.9107, 9.93226, 10.1116, 10.7624, 10.2251, 9.33349, 8.93778, 7.96386, 8.00361, 7.3304, 6.00429, 5.13644, 4.38769, 2.65032, 1.22208, 6.7253, 15.0125, 17.3735, 18.2978, 15.8596)
(5.30229, 3.70141, 6.32267, 13.7413, 22.6192, 18.6666, 5.70873, 3.32105, 3.90841, 5.78173, 10.9266, 6.32781, 7.68592, 10.0587, 10.1926, 10.5161, 11.6184, 10.8754, 8.98306, 8.68277, 7.54935, 7.50988, 6.4357, 5.28587, 3.90385, 4.05329, 2.36926, 1.23911, 6.88416, 16.2832, 19.0572, 18.687, 15.8013)
(8.66342, 5.8997, 6.61188, 8.90856, 12.2799, 12.9483, 7.6995, 6.88048, 7.28218, 8.51661, 14.3095, 10.4236, 9.25426, 8.97184, 8.56984, 8.43318, 8.34916, 8.36685, 8.68347, 9.00562, 9.2562, 10.686, 7.94585, 7.94899, 6.84192, 5.71766, 3.29712, 1.07656, 4.20932, 9.77654, 13.8646, 18.6005, 20.7209)
(8.66342, 5.8997, 6.61188, 8.90856, 12.2799, 12.9483, 7.6995, 6.88048, 7.28218, 8.51661, 14.3095, 10.4236, 9.25426, 8.97184, 8.56984, 8.43318, 8.34916, 8.36685, 8.68347, 9.00562, 9.2562, 10.686, 7.94585, 7.94899, 6.84192, 5.71766, 3.29712, 1.07656, 4.20932, 9.77654, 13.8646, 18.6005, 20.7209)
(8.94633, 5.11628, 6.7173, 10.3811, 14.2776, 13.4884, 7.0303, 4.91087, 5.56416, 7.9213, 15.6463, 9.04694, 9.17442, 9.66395, 8.65888, 8.88808, 9.20902, 9.59407, 9.57304, 9.01396, 8.58674, 8.59092, 7.91837, 6.22998, 5.36501, 4.5386, 2.82645, 0.957679, 4.20704, 9.53267, 15.4772, 19.4024, 23.5446)
(8.94633, 5.11628, 6.7173, 10.3811, 14.2776, 13.4884, 7.0303, 4.91087, 5.56416, 7.9213, 15.6463, 9.04694, 9.17442, 9.66395, 8.65888, 8.88808, 9.20902, 9.59407, 9.57304, 9.01396, 8.58674, 8.59092, 7.91837, 6.22998, 5.36501, 4.5386, 2.82645, 0.957679, 4.20704, 9.53267, 15.4772, 19.4024, 23.5446)
(5.59493, 4.53706, 7.76403, 17.6825, 25.5865, 11.936, 3.83706, 2.87003, 3.72505, 6.33218, 10.1347, 5.67726, 6.39051, 8.9208, 9.34933, 13.8258, 15.4777, 11.4896, 8.32603, 7.49635, 6.6793, 6.36733, 4.62054, 3.84317, 2.74377, 2.49711, 1.38749, 0.551814, 4.12283, 15.4689, 23.8745, 21.4388, 19.451)
(4.91334, 3.67618, 6.27419, 13.2625, 21.3617, 21.2552, 6.89253, 4.89473, 4.16755, 4.87335, 8.42872, 8.01783, 8.04363, 8.69958, 8.45005, 10.5089, 10.3226, 10.6659, 8.90901, 8.38682, 9.09362, 8.90206, 5.86296, 4.24748, 4.52163, 4.23623, 3.17134, 1.46295, 6.37073, 14.4634, 18.4477, 18.3074, 18.9081)
(4.73214, 4.23502, 7.00254, 15.5213, 23.7274, 17.2394, 5.82821, 4.49563, 3.51893, 4.7173, 8.9821, 8.64254, 7.08517, 8.33094, 7.44908, 11.019, 10.7634, 11.0968, 9.022, 8.14724, 8.45211, 9.99181, 5.93883, 3.86952, 3.23952, 2.71083, 2.0569, 0.850559, 6.41022, 15.9799, 20.3484, 20.4531, 18.1421)
(7.04507, 4.92611, 6.67618, 11.1035, 16.3555, 17.3268, 6.77811, 4.98751, 4.57194, 6.87358, 13.3557, 9.99855, 8.63311, 9.27288, 9.26843, 9.13751, 9.45375, 8.83255, 8.82156, 8.68705, 9.14505, 8.74956, 6.12087, 5.06676, 5.25223, 4.50755, 3.79004, 1.29245, 6.64444, 12.5325, 17.3578, 18.6544, 18.781)
(7.59654, 5.52868, 7.00663, 11.1997, 16.2187, 15.4384, 6.98507, 5.10622, 4.86707, 6.98969, 13.0634, 10.4029, 8.69049, 8.85111, 8.88941, 8.76546, 9.56751, 8.61225, 8.6593, 8.73862, 9.39733, 9.42564, 6.34385, 5.50536, 5.25786, 4.66687, 3.22539, 1.11745, 5.44252, 11.6366, 16.3282, 19.3239, 21.152)
(6.59236, 4.7096, 8.38913, 17.4756, 21.3001, 10.8372, 3.90815, 2.75469, 4.11868, 7.41914, 12.4954, 6.29613, 6.81681, 8.53312, 9.25008, 11.9592, 12.82, 11.0412, 9.65392, 8.21973, 7.85085, 7.55891, 4.48905, 3.92296, 3.05189, 2.71675, 1.771, 0.65429, 4.53778, 14.4793, 22.2064, 23.0628, 19.1077)
(4.33399, 3.46018, 6.17988, 16.3025, 24.9064, 18.0839, 4.73455, 2.76866, 3.76246, 5.61532, 9.8522, 5.46897, 6.84868, 9.96844, 10.4568, 11.7616, 12.7703, 11.7676, 9.32115, 8.01098, 7.26973, 6.35587, 5.12978, 4.29776, 3.16045, 3.27127, 2.0679, 1.16304, 6.65578, 16.2806, 21.5103, 20.5279, 15.9352)
(7.86169, 6.10016, 7.91301, 10.4058, 15.3921, 14.9185, 7.08804, 5.54651, 5.17341, 6.66721, 12.9336, 10.0204, 9.27911, 8.77355, 8.43549, 8.74197, 9.13941, 8.9722, 8.46461, 8.74755, 9.20545, 10.2202, 6.65283, 5.50713, 5.62423, 4.7477, 3.04536, 1.13034, 4.50789, 10.6839, 15.9678, 19.6863, 22.4465)
(6.43238, 4.55805, 7.98114, 16.324, 21.4138, 11.8316, 4.69671, 3.67959, 4.47989, 6.75838, 11.8445, 6.19329, 7.07981, 8.96439, 8.42989, 12.4885, 13.6056, 11.2197, 9.45529, 8.02854, 7.36223, 7.17269, 4.78618, 3.97427, 3.39449, 2.89614, 1.95874, 0.719562, 4.14897, 13.0987, 22.1865, 21.9937, 20.8427)
(4.52579, 3.72054, 6.26132, 13.3034, 23.8529, 21.4698, 5.53881, 4.41233, 4.02888, 4.69304, 8.19317, 7.86917, 7.04852, 8.37121, 8.45338, 10.8798, 12.0782, 11.9609, 9.09317, 8.10412, 8.58527, 7.55628, 4.67221, 3.2528, 3.44506, 3.57109, 3.10921, 1.44121, 7.28437, 15.9254, 19.8865, 18.5865, 18.8257)
(7.14823, 4.90913, 8.34192, 14.6092, 17.7179, 12.4574, 5.37988, 3.64023, 4.69747, 7.4646, 13.634, 8.13905, 8.52823, 9.54122, 8.51981, 11.0988, 11.3576, 10.0692, 9.04669, 8.00865, 8.03438, 7.65643, 5.15964, 4.13673, 4.30391, 3.65394, 2.6724, 0.953769, 5.09159, 12.4971, 20.9103, 21.7541, 18.8666)
(6.80516, 4.38192, 6.1987, 11.2103, 16.4058, 17.9544, 6.49687, 4.49402, 4.5857, 7.1627, 14.3045, 9.29046, 8.7778, 9.69067, 9.30114, 9.59938, 9.75136, 8.79386, 8.70725, 8.91803, 8.92077, 8.24928, 5.31586, 4.46036, 5.11203, 4.59215, 3.86203, 1.19155, 6.59259, 13.1419, 18.7532, 19.2956, 17.6827)
(7.94351, 4.98072, 7.78024, 12.4331, 17.7337, 12.337, 5.5874, 3.85413, 4.18735, 7.17126, 15.9916, 7.23864, 7.75221, 9.2705, 9.21447, 11.2608, 12.3066, 10.377, 8.99346, 8.54986, 7.75813, 7.27831, 5.02991, 4.23686, 4.19273, 3.83762, 2.61589, 0.973516, 5.01822, 12.1135, 19.2736, 21.0973, 21.6109)
(7.97863, 6.4177, 7.05082, 10.8005, 15.1773, 13.8135, 7.70237, 5.59, 5.14686, 6.85562, 13.4667, 9.1448, 8.56882, 8.68588, 9.18498, 8.92301, 9.77673, 9.0753, 9.31577, 8.88498, 9.03787, 9.40186, 5.65762, 6.26334, 6.76451, 5.3457, 2.60987, 0.937817, 4.54513, 10.0053, 15.8271, 20.8188, 21.2248)
(7.22252, 5.44444, 6.30823, 11.343, 18.0552, 14.4794, 6.91673, 4.91525, 6.04392, 7.48535, 11.786, 9.16941, 8.26279, 8.38059, 9.24369, 8.9137, 9.47685, 8.63854, 10.0058, 9.56282, 8.9026, 9.4432, 5.25465, 5.79845, 5.27589, 5.04223, 2.50137, 0.993066, 5.64952, 12.6487, 17.5411, 21.4502, 17.8447)
(8.50556, 5.9157, 6.6266, 9.40202, 13.3671, 12.959, 8.16924, 6.22308, 6.08131, 7.70102, 15.0493, 9.06484, 8.81333, 8.84159, 8.72855, 9.01746, 10.1206, 9.2977, 9.33636, 9.04406, 8.87075, 8.8648, 6.33156, 7.17146, 7.41049, 5.60914, 2.9998, 0.997622, 4.45205, 9.83211, 15.2087, 19.7516, 20.2355)
(7.06519, 4.9742, 7.17898, 12.3222, 19.4724, 15.4422, 6.14673, 3.49494, 4.34834, 6.48214, 13.0727, 7.17598, 8.48748, 9.74087, 9.87786, 9.73349, 10.4783, 10.2423, 9.54451, 8.69419, 7.93408, 8.09091, 5.63055, 5.78835, 5.08313, 4.2161, 2.74599, 1.05929, 6.34853, 14.0907, 17.875, 20.3695, 16.7929)
(8.30102, 6.00947, 6.55345, 10.5564, 17.656, 13.1252, 6.48212, 5.05979, 5.69633, 7.33879, 13.2215, 9.48086, 8.87781, 8.98213, 9.11366, 9.0844, 9.3418, 8.77111, 9.16012, 8.95141, 8.19424, 10.0425, 5.61867, 5.96042, 5.85549, 4.97026, 2.9165, 1.00425, 5.82198, 12.6702, 17.3791, 20.9084, 16.8948)
(6.13762, 4.90493, 6.40564, 12.8961, 24.4869, 13.3966, 5.13965, 4.01234, 4.48579, 6.22863, 11.9058, 9.70944, 7.84962, 7.79307, 8.21808, 10.4968, 11.3264, 10.6224, 9.11248, 8.81437, 7.65071, 8.40662, 4.15573, 3.87646, 3.37436, 3.07131, 2.02681, 0.895817, 6.40241, 17.0721, 20.9183, 20.8367, 17.37)
(5.12344, 4.50597, 8.27125, 21.5987, 28.4384, 9.7583, 2.66761, 2.14211, 3.1766, 4.9713, 9.34639, 5.39072, 5.86663, 7.76674, 8.43579, 14.6684, 17.6093, 12.828, 8.75035, 6.86855, 5.98974, 5.82582, 3.02171, 2.56326, 1.83965, 1.59868, 0.988224, 0.404738, 4.20494, 16.2949, 26.861, 22.4563, 19.7666)
(5.41002, 3.33971, 6.00104, 12.6102, 19.8057, 18.0391, 6.0844, 4.38539, 5.04255, 7.00691, 12.275, 7.08753, 7.99614, 9.15516, 9.04179, 10.898, 10.7964, 10.2255, 9.24043, 8.46884, 8.87992, 8.21023, 4.39958, 3.84589, 4.29972, 4.27378, 3.28227, 1.48467, 6.75203, 14.383, 21.3598, 19.4457, 16.4736)
(7.59636, 4.98825, 7.87341, 13.4173, 19.3549, 12.7214, 4.99861, 3.22415, 3.5177, 6.59995, 15.7079, 6.59749, 7.65723, 9.06375, 9.40651, 11.4957, 13.0368, 10.9453, 9.3954, 8.28919, 7.51833, 6.59426, 4.19345, 3.45371, 3.76371, 3.62607, 2.50901, 0.85097, 5.42096, 13.1783, 20.18, 21.7038, 21.12)
(7.60507, 4.86418, 7.786, 12.9897, 17.8094, 13.53, 5.96658, 4.04042, 3.62769, 6.27119, 15.5096, 7.33698, 7.72234, 8.67427, 9.06738, 10.4472, 12.0475, 10.4685, 9.63755, 9.20724, 8.28898, 7.10205, 4.32171, 4.23231, 4.41838, 4.26688, 2.64634, 0.893857, 5.33688, 12.1157, 19.7683, 21.0986, 20.9011)
(7.5224, 8.1617, 13.2762, 14.3418, 17.7762, 15.7022, 3.76123, 2.75372, 3.0001, 5.04876, 8.65568, 8.86666, 8.56684, 9.09165, 9.31911, 9.35542, 10.2144, 9.8354, 8.94405, 8.84217, 8.44827, 8.51604, 3.16609, 2.96302, 2.72556, 2.49339, 2.18703, 1.08046, 4.96789, 10.2879, 15.5357, 22.2051, 32.3879)
(6.77024, 8.08485, 12.2154, 16.2901, 21.0253, 16.1874, 3.81823, 2.61911, 2.36875, 4.00449, 6.6163, 8.4721, 9.18892, 9.09446, 10.1452, 10.2157, 9.68393, 9.56978, 9.15499, 8.5274, 8.09502, 7.85256, 3.70412, 3.07164, 2.3267, 2.20673, 2.06354, 0.963555, 6.32328, 11.5257, 16.8501, 22.6362, 28.3284)
(6.86689, 7.44711, 11.8616, 13.2454, 16.2995, 14.3554, 6.44266, 4.42951, 4.71162, 5.67552, 8.66479, 9.94524, 8.80089, 9.36291, 9.18835, 8.91147, 8.9156, 8.76096, 8.40732, 8.98784, 8.9016, 9.81783, 5.36566, 3.95393, 3.28729, 2.90558, 1.84093, 0.675995, 3.67212, 8.46965, 13.7897, 21.4342, 34.6049)
(5.05862, 6.95217, 13.76, 18.3623, 19.2018, 16.6501, 5.59873, 2.42767, 2.42705, 3.15111, 6.41044, 8.78002, 8.37582, 9.23822, 9.03946, 10.1139, 9.65893, 9.11755, 8.62565, 9.26029, 8.8951, 8.89509, 2.62303, 2.68759, 2.91651, 3.11404, 2.37689, 0.864762, 4.30748, 10.1114, 16.8987, 25.2839, 28.8157)
(7.03852, 7.61903, 11.9048, 13.444, 16.2029, 14.1678, 6.05286, 4.45311, 4.78386, 5.44306, 8.89012, 9.41689, 8.76054, 9.13139, 9.00482, 9.03826, 9.30394, 8.89438, 8.53758, 9.13343, 8.87814, 9.90063, 5.14886, 4.15005, 3.43377, 2.8539, 1.95051, 0.65233, 3.63582, 8.46969, 13.892, 21.6809, 34.1322)
(7.59374, 8.78603, 12.3659, 15.1823, 19.5464, 15.4262, 4.51007, 2.612, 2.42106, 4.25515, 7.30112, 8.37091, 8.98206, 8.74333, 9.94666, 9.84241, 9.61388, 9.56135, 9.54128, 8.87111, 8.57241, 7.95459, 4.33525, 3.67545, 2.661, 2.16394, 1.87171, 0.990993, 5.6149, 11.028, 16.5059, 22.5743, 28.5785)
(6.1665, 8.44248, 13.2739, 16.4991, 16.6828, 14.1379, 5.80471, 3.71199, 2.99402, 4.13882, 8.14775, 8.72668, 8.36258, 8.70586, 9.00969, 9.98155, 10.5049, 9.64229, 8.63391, 8.47347, 8.70615, 9.25286, 2.3823, 3.3736, 4.00379, 3.21903, 2.163, 0.762881, 4.35416, 9.3937, 15.9399, 23.6192, 30.7884)
(6.2415, 8.19537, 13.9415, 18.3726, 21.032, 14.5255, 2.83603, 1.83595, 2.18383, 4.14504, 6.69074, 7.62313, 8.45476, 9.24482, 10.4421, 12.0036, 11.1117, 10.6284, 9.18924, 7.84068, 6.50085, 6.96068, 2.50547, 2.21041, 1.97945, 1.62635, 1.67602, 0.903376, 4.75256, 11.3827, 17.4841, 23.9367, 31.5428)
(5.34463, 7.75689, 14.5051, 18.859, 23.1036, 14.6955, 2.789, 1.74798, 1.92009, 3.58153, 5.69672, 6.04441, 7.22961, 9.32181, 10.8799, 13.5872, 12.1002, 10.9937, 9.26869, 7.31575, 6.47839, 6.78037, 2.15945, 2.10685, 1.90053, 1.34426, 1.34966, 0.718184, 4.85308, 12.0949, 17.8368, 24.4821, 31.1542)
(7.41771, 8.04893, 10.1775, 12.8762, 17.2646, 17.541, 6.9492, 3.24349, 3.23505, 4.73836, 8.50802, 9.94283, 9.43528, 9.74747, 9.22106, 9.22659, 8.91188, 8.87038, 8.62983, 8.51952, 8.27889, 9.21626, 6.14527, 5.03947, 4.4338, 4.35372, 2.75937, 0.88215, 4.39596, 9.90693, 14.9332, 19.5725, 27.5777)
(6.42821, 8.08274, 14.4286, 16.125, 17.2582, 14.257, 4.44714, 3.07146, 3.44649, 4.56722, 7.88792, 8.42062, 8.87277, 8.82143, 9.50471, 10.3923, 10.2171, 9.4463, 8.97005, 8.56408, 8.08571, 8.70492, 4.10849, 3.35458, 2.83366, 2.53121, 1.90552, 0.623921, 3.41341, 8.28192, 13.909, 22.8706, 36.1677)
(7.48209, 9.84715, 16.7136, 20.2677, 18.0271, 10.3542, 3.40397, 1.55481, 1.59517, 3.1478, 7.60644, 7.17336, 7.05708, 8.60185, 9.15774, 10.564, 10.588, 10.7366, 10.8383, 10.2734, 8.17827, 6.83141, 1.6688, 1.83382, 1.91319, 1.59588, 1.28197, 0.594872, 2.36344, 8.29557, 15.8858, 26.2552, 38.3115)
(7.62727, 9.48205, 13.161, 18.5614, 19.3186, 11.3582, 3.86587, 3.26795, 2.85282, 3.73379, 6.77109, 7.03575, 7.48101, 8.08405, 8.16643, 11.5105, 12.5312, 11.0327, 10.247, 9.39193, 7.5958, 6.92362, 3.59847, 4.14233, 3.60271, 2.60557, 1.79198, 0.514634, 3.70939, 10.0087, 17.2035, 23.7673, 29.0555)
(10.6041, 10.6887, 14.8966, 16.1172, 13.6843, 9.45539, 4.24754, 3.12653, 3.2237, 4.50377, 9.45221, 8.61804, 8.48214, 8.39471, 9.22583, 10.0683, 10.2295, 9.22526, 9.61629, 9.69354, 8.8926, 7.55384, 5.91036, 5.20841, 3.72851, 2.4639, 1.71039, 0.495498, 2.7096, 7.47216, 13.6812, 22.6078, 34.0121)
(8.35993, 9.08877, 13.3936, 13.3857, 14.3297, 13.3108, 5.61012, 3.94844, 3.83501, 5.2349, 9.50298, 9.56538, 9.22562, 8.76809, 8.90281, 9.22582, 9.07996, 8.87628, 8.65005, 8.50381, 8.83608, 10.3661, 6.52333, 5.30633, 4.61124, 3.46344, 2.24775, 0.778753, 3.64175, 8.27664, 13.172, 20.7692, 31.2096)
(9.22123, 9.74024, 12.3517, 14.3653, 14.7626, 11.349, 5.00503, 4.06814, 4.20685, 5.72863, 9.20132, 9.77987, 9.0594, 8.44305, 8.44732, 9.592, 9.18653, 9.15057, 8.85576, 9.18667, 8.87482, 9.424, 7.44519, 5.82745, 4.40651, 3.24675, 1.78359, 0.546415, 3.11531, 7.57905, 12.7081, 20.3954, 32.9462)
(9.71391, 9.19614, 11.9026, 13.7084, 14.0832, 12.2303, 6.14352, 4.56896, 4.28058, 5.28618, 8.88626, 10.2395, 9.33351, 8.80602, 8.61154, 8.82548, 8.70177, 8.71914, 8.74258, 9.27766, 9.51877, 9.22398, 9.82693, 7.58453, 5.3435, 3.56232, 1.96284, 0.557526, 2.83238, 6.39406, 11.568, 18.7131, 31.6549)
(6.98532, 7.61602, 14.8303, 18.4165, 16.9865, 11.4428, 5.02155, 3.65085, 3.28267, 4.48045, 7.2871, 8.00614, 8.60627, 8.67525, 9.77231, 10.9973, 11.5768, 10.0475, 9.30978, 7.51027, 7.18852, 8.30984, 6.92098, 5.78084, 4.12772, 2.96087, 1.39027, 0.467664, 2.65114, 7.49594, 13.9478, 22.9811, 31.2757)
(6.98532, 7.61602, 14.8303, 18.4165, 16.9865, 11.4428, 5.02155, 3.65085, 3.28267, 4.48045, 7.2871, 8.00614, 8.60627, 8.67525, 9.77231, 10.9973, 11.5768, 10.0475, 9.30978, 7.51027, 7.18852, 8.30984, 6.92098, 5.78084, 4.12772, 2.96087, 1.39027, 0.467664, 2.65114, 7.49594, 13.9478, 22.9811, 31.2757)
(3.13527, 5.55324, 18.629, 22.0202, 22.764, 15.4178, 3.11528, 1.61422, 1.42365, 2.26729, 4.06002, 5.11716, 7.0969, 8.65481, 10.6177, 13.5602, 14.0802, 11.633, 9.96561, 7.57285, 6.13447, 5.56718, 2.03733, 1.53276, 1.88908, 2.20937, 2.24087, 0.603476, 4.02429, 9.71428, 16.6163, 26.6033, 32.5289)
(8.18896, 9.44456, 12.9887, 15.7761, 16.0875, 12.8929, 5.28431, 3.05448, 3.41543, 4.7442, 8.12287, 8.64347, 8.87577, 9.37879, 9.53622, 10.1695, 9.98622, 9.21234, 9.15092, 8.29276, 8.21085, 8.54321, 5.05941, 4.59836, 3.69928, 2.97372, 1.77796, 0.577718, 2.6674, 6.85957, 12.3131, 20.4771, 38.9964)
(6.81138, 10.356, 17.9858, 19.1536, 16.9471, 10.7514, 3.96676, 2.27465, 1.98642, 3.4032, 6.36365, 6.97649, 6.9018, 8.71105, 10.407, 11.798, 11.6799, 10.5378, 9.34008, 8.55148, 7.81693, 7.27948, 3.22479, 3.14668, 2.89229, 2.09032, 1.48765, 0.548201, 2.50687, 7.56218, 14.5927, 24.5359, 37.4124)
(7.52839, 7.6974, 10.665, 15.361, 17.863, 15.1311, 5.64435, 3.61247, 4.32693, 4.62341, 7.54704, 8.96585, 8.98131, 9.1045, 9.34634, 10.165, 9.34796, 10.0777, 8.7432, 7.80555, 8.20534, 9.25731, 8.8585, 7.5875, 5.80822, 4.16443, 2.37118, 0.733968, 3.34087, 8.06423, 13.7089, 18.9512, 26.411)
(9.26559, 9.50549, 14.751, 15.2357, 14.4766, 10.1565, 5.2067, 4.38577, 4.45685, 5.03508, 7.52465, 8.78907, 9.29246, 8.68272, 9.31935, 9.85429, 9.70928, 9.16348, 8.8059, 9.09196, 8.49555, 8.79594, 10.7455, 7.98041, 5.08672, 3.92278, 2.09796, 0.436037, 2.92341, 6.08139, 11.7258, 19.1943, 29.8057)
(10.1965, 11.0181, 13.0292, 15.382, 14.3565, 9.68441, 4.76434, 3.69307, 4.25448, 5.10578, 8.51565, 9.5947, 8.79545, 8.36044, 9.09453, 10.2541, 9.86086, 9.15944, 8.49636, 8.8315, 8.52175, 9.03085, 7.68467, 6.91901, 5.18109, 3.56381, 1.82311, 0.427997, 2.56544, 6.98312, 13.2343, 21.1479, 30.4696)
(8.37831, 8.2639, 11.6112, 15.1182, 16.7956, 13.3956, 5.56395, 3.46706, 4.22507, 4.73444, 8.44669, 8.81937, 8.92372, 8.61755, 9.03915, 9.93385, 9.63255, 9.93641, 8.85722, 8.25589, 8.64889, 9.3354, 8.94928, 7.20178, 5.58125, 3.88079, 2.40382, 0.790644, 3.04076, 7.56854, 13.2126, 19.7972, 27.5733)
(8.11345, 9.53917, 13.7045, 16.7896, 15.2495, 10.8303, 4.94987, 3.32583, 3.73159, 5.31852, 8.44774, 8.79981, 8.37665, 8.79161, 9.13606, 11.1266, 10.9441, 9.2605, 9.06074, 7.97397, 8.08233, 8.44762, 4.98895, 4.35495, 3.65241, 2.70016, 1.61012, 0.458814, 2.29736, 6.53248, 11.8393, 21.8193, 39.7461)
(6.06332, 9.83592, 20.2708, 22.6225, 17.3726, 7.91951, 2.56782, 2.18023, 2.61942, 3.12695, 5.42095, 6.09877, 6.76606, 8.34949, 9.78589, 13.722, 15.045, 11.0802, 9.09627, 7.48649, 6.99467, 5.57512, 3.24308, 2.75528, 1.84852, 1.16378, 0.538436, 0.208116, 1.64377, 6.19265, 14.5566, 27.6271, 40.2227)
(9.32731, 9.69093, 12.6557, 15.9029, 15.0568, 10.6683, 5.30528, 4.1402, 4.33794, 5.28495, 7.62967, 9.69944, 8.5182, 8.38213, 8.21674, 10.2372, 10.1951, 9.94036, 9.18428, 8.84037, 8.18254, 8.60363, 8.7156, 6.84052, 5.42869, 4.16499, 2.0207, 0.488981, 3.27902, 7.59046, 13.0877, 20.4999, 27.8835)
(8.67174, 9.21398, 12.2551, 16.6354, 15.8777, 11.2389, 4.9694, 4.23307, 4.32406, 5.00413, 7.57653, 9.31806, 8.33011, 8.2868, 8.545, 10.5841, 10.283, 9.83689, 9.59467, 8.59116, 8.04146, 8.58869, 7.58824, 6.83219, 4.98742, 3.98399, 2.06971, 0.502477, 3.51864, 8.56968, 13.7367, 21.0411, 27.1698)
(5.15652, 7.39837, 18.9864, 17.9973, 17.8319, 14.5568, 3.93892, 2.37016, 2.27575, 3.36386, 6.12403, 6.76793, 7.9075, 8.89088, 11.0314, 12.0832, 11.9954, 10.3666, 9.42831, 8.27173, 6.85006, 6.40703, 3.59638, 2.74262, 2.51402, 2.43469, 2.35496, 0.699563, 4.02469, 9.21346, 14.5225, 25.1926, 32.7045)
(10.2009, 7.98112, 10.9701, 13.5137, 14.6439, 13.7156, 6.0378, 4.3361, 4.66335, 5.54321, 8.3942, 9.761, 9.89878, 9.68323, 8.72013, 9.52611, 8.21184, 8.62224, 8.07854, 7.99941, 9.44228, 10.0564, 12.4164, 8.40633, 5.85909, 4.73834, 2.42548, 0.761728, 3.3654, 7.47567, 12.0689, 18.3077, 24.175)
(8.00309, 8.44944, 11.2108, 15.8851, 15.8571, 12.188, 6.09025, 4.49145, 4.89937, 4.89446, 8.03096, 9.6263, 8.62223, 8.88898, 9.17566, 9.47014, 9.61471, 9.29576, 8.28241, 8.13813, 9.08907, 9.79661, 7.71472, 7.38606, 6.39914, 3.76558, 2.41026, 0.838745, 3.28783, 7.75863, 13.0877, 20.2005, 27.1508)
(8.88622, 7.48726, 10.73, 12.7839, 14.829, 14.6847, 7.11416, 4.52602, 4.91124, 5.87154, 8.17602, 10.4853, 9.39377, 9.63609, 9.09558, 8.97118, 8.24545, 8.36279, 8.25117, 7.94492, 9.51504, 10.0987, 12.2999, 8.9145, 6.5802, 4.68641, 2.92569, 0.89061, 3.39082, 8.08736, 12.1186, 18.123, 21.9829)
(5.02807, 8.78191, 19.0882, 23.6562, 19.6544, 7.60631, 2.89146, 2.55239, 2.86571, 3.14822, 4.72724, 5.73159, 5.97222, 7.11193, 9.71891, 15.3454, 17.767, 11.3483, 8.37209, 6.66369, 5.90378, 6.06507, 3.7913, 3.3886, 2.48119, 1.69092, 0.944303, 0.252475, 2.0295, 8.45308, 15.8253, 26.6204, 34.5229)
(9.87694, 7.84996, 11.0045, 13.703, 14.8989, 12.8365, 6.01721, 3.90989, 5.12742, 6.09071, 8.68506, 10.772, 9.492, 9.16943, 8.06123, 9.55258, 8.39843, 8.71824, 8.20513, 8.64074, 8.94828, 10.0419, 11.9962, 8.30472, 6.30344, 4.91398, 2.49015, 0.732306, 3.40494, 7.41219, 12.7906, 18.4655, 23.1859)
(8.90217, 7.93438, 10.2512, 13.7181, 15.0057, 12.9342, 6.49675, 5.30679, 5.03795, 5.77242, 8.64039, 11.1672, 10.0576, 8.48451, 8.33437, 8.32335, 8.62484, 8.82409, 8.17916, 8.4007, 8.75927, 10.845, 11.0671, 8.36102, 6.75428, 4.42979, 2.63377, 0.725782, 3.42305, 7.18812, 12.8329, 18.3646, 24.2196)
(8.78332, 7.38843, 9.64148, 12.3342, 14.4237, 13.7031, 8.70782, 6.49846, 5.53574, 5.20701, 7.77675, 11.7566, 9.95458, 8.83371, 8.67312, 7.91696, 7.884, 8.36751, 8.34906, 7.8415, 8.90595, 11.517, 12.109, 9.2742, 8.20526, 5.71556, 3.03693, 0.608043, 3.73549, 6.76542, 11.3843, 16.528, 22.6378)
(9.1772, 8.792, 11.2431, 14.835, 14.2453, 11.2637, 6.62312, 4.21443, 4.18995, 5.26699, 10.1492, 10.2895, 9.12601, 8.89844, 8.25035, 8.29814, 8.35483, 7.63226, 8.58382, 8.7428, 10.4511, 11.3727, 6.78884, 6.26492, 5.22904, 3.68812, 1.8958, 0.432644, 2.83068, 7.18859, 13.7915, 22.6246, 29.2653)
(8.08022, 8.51855, 10.8034, 17.2532, 18.0301, 11.7289, 5.21541, 3.47325, 3.33968, 4.4004, 9.15696, 8.56537, 7.58002, 8.37896, 9.56403, 10.0241, 10.3501, 10.0375, 8.37012, 8.37949, 8.97403, 9.77632, 5.0825, 5.00951, 4.35006, 3.33701, 1.64282, 0.377129, 3.06104, 9.09398, 17.3329, 24.2806, 26.4324)
(9.6607, 8.47994, 10.0867, 12.3133, 12.7036, 12.2374, 6.81969, 6.49978, 5.48704, 5.84041, 9.8714, 12.1428, 9.42683, 8.9527, 7.95436, 8.54294, 8.02744, 8.03863, 8.4544, 8.76606, 8.78165, 10.9122, 8.71817, 9.10593, 7.39147, 6.34158, 3.03537, 0.603422, 4.13327, 8.29049, 12.2175, 17.9611, 22.2017)
(7.49419, 6.70687, 10.4627, 13.5812, 15.1927, 14.7862, 7.34615, 4.92594, 3.83491, 5.73273, 9.93646, 11.6015, 8.26928, 8.63064, 9.12981, 8.15376, 8.71674, 7.88496, 7.85952, 8.99671, 9.70916, 11.0479, 5.64709, 6.1176, 5.16391, 5.10844, 2.20451, 0.772161, 3.36159, 8.72325, 15.9079, 21.5924, 25.4011)
(9.73096, 7.73961, 9.75164, 12.0328, 13.6381, 12.9392, 7.74454, 6.93819, 4.78238, 5.67213, 9.03031, 12.5538, 9.84003, 9.25893, 7.89867, 8.60688, 7.86959, 7.93501, 8.22784, 8.61636, 8.59853, 10.5943, 8.56199, 8.70555, 8.44983, 5.90262, 3.5877, 0.790097, 4.11627, 7.69024, 13.2527, 17.2641, 21.6789)
(9.90264, 8.32846, 9.11604, 11.4695, 12.6712, 12.6734, 7.09601, 5.19899, 5.37921, 6.48453, 11.6799, 12.5654, 9.53544, 8.21456, 7.99114, 7.70404, 7.68901, 8.01245, 8.18459, 8.46911, 9.56122, 12.073, 8.91107, 7.94476, 6.25617, 4.79802, 2.43027, 0.636226, 3.45961, 7.43291, 12.8976, 19.1473, 26.0861)
(9.3086, 7.82262, 8.64905, 10.5403, 13.4179, 13.8199, 8.33694, 5.77521, 5.53774, 6.13106, 10.6606, 13.2744, 10.116, 8.35435, 7.97099, 7.52857, 7.39189, 7.44091, 7.86211, 8.28912, 9.41235, 12.3593, 9.07687, 8.23898, 6.74996, 5.0368, 2.58184, 0.751144, 3.64082, 7.55866, 12.3392, 18.249, 25.7767)
(9.30477, 8.0422, 9.27308, 11.1551, 12.923, 13.6577, 8.4706, 5.20845, 5.07325, 6.02747, 10.8644, 12.7863, 10.2, 8.46856, 8.02156, 7.6003, 7.50482, 7.57056, 7.99817, 8.61163, 9.1352, 12.1029, 7.57393, 7.2131, 6.25676, 4.98471, 2.49256, 0.68036, 3.52255, 7.71154, 12.7063, 19.6242, 27.234)
(9.23631, 8.01376, 9.49473, 10.3031, 12.3251, 13.2761, 8.83396, 6.50615, 5.86781, 6.13633, 10.0066, 13.6667, 9.79621, 8.51359, 8.05271, 7.24081, 7.42854, 7.24638, 8.18713, 8.44155, 9.63596, 11.7905, 8.83927, 8.77752, 7.52153, 5.50248, 2.80008, 0.5896, 3.98809, 7.53035, 12.1764, 17.9881, 24.2866)
(5.23188, 6.16551, 11.6298, 17.8938, 20.0034, 14.5064, 6.20651, 4.24284, 3.61427, 4.52169, 5.98396, 9.93629, 8.91229, 10.0338, 9.91439, 8.73176, 8.65002, 8.20315, 8.07237, 9.15916, 9.63153, 8.75518, 7.28621, 5.83777, 5.23544, 3.33285, 1.9636, 0.339862, 2.68169, 7.6107, 13.2585, 22.1213, 30.3321)
(7.42999, 8.46269, 13.7011, 15.7163, 14.4225, 12.4449, 7.24575, 3.74837, 3.3628, 4.97441, 8.4912, 10.0091, 9.8384, 8.34273, 8.58749, 9.01044, 9.5778, 9.06445, 8.08462, 8.28245, 8.76525, 10.4373, 5.37408, 5.8421, 5.00861, 4.47861, 2.72245, 1.00302, 3.70125, 7.94391, 13.6205, 20.5804, 29.7251)
(9.22256, 8.3133, 10.2676, 11.4174, 12.9067, 13.7061, 7.49483, 5.29393, 4.86546, 6.52481, 9.98735, 11.8467, 10.0053, 8.6401, 8.03106, 7.74719, 7.68908, 7.83533, 7.97786, 8.84876, 9.36458, 12.014, 9.0291, 7.62159, 6.40836, 4.6076, 2.57527, 0.766687, 3.415, 7.22924, 12.7212, 17.971, 27.6549)
(10.4727, 8.63236, 10.5808, 11.7902, 13.5347, 12.6416, 6.55496, 4.53791, 4.83326, 6.49449, 9.927, 10.5732, 9.30696, 8.69093, 8.41542, 8.6256, 8.51725, 8.32312, 8.43218, 9.22498, 9.18608, 10.7043, 8.91753, 7.75921, 5.98075, 4.52551, 2.23943, 0.54481, 3.226, 6.96822, 12.0405, 18.3328, 29.4652)
(11.2004, 8.79299, 10.8061, 11.2757, 12.512, 11.8799, 6.71468, 4.91339, 4.84579, 6.35016, 10.7088, 10.5359, 9.54771, 8.72541, 8.45467, 8.91195, 8.21828, 8.21377, 8.43542, 9.17351, 9.36122, 10.4222, 9.52156, 7.91137, 5.99118, 4.21271, 2.40107, 0.556678, 3.17622, 6.55177, 11.3297, 17.9917, 30.3561)
(9.70021, 8.49139, 11.5693, 12.2069, 12.6835, 12.3129, 6.93004, 5.03641, 4.82904, 6.4068, 9.83343, 10.5905, 9.67939, 8.89673, 8.34413, 8.60485, 7.91371, 8.20921, 8.34962, 9.18662, 9.38413, 10.8411, 8.98059, 7.57895, 5.41337, 3.88913, 2.15945, 0.602772, 2.91614, 6.6342, 11.9038, 18.8935, 31.0281)
(6.07758, 7.39727, 11.7384, 16.3906, 17.4811, 14.9809, 8.36411, 3.59162, 3.18479, 4.0098, 6.78383, 9.40208, 9.43157, 9.16274, 8.89361, 9.18189, 9.93401, 9.36569, 8.56912, 7.9718, 8.7001, 9.38739, 4.58762, 5.7238, 5.34083, 4.88147, 3.05931, 0.917199, 4.16367, 8.57979, 14.4506, 21.1472, 27.1485)
(8.89535, 8.96602, 10.5967, 12.0536, 13.4696, 12.0528, 6.50797, 5.10438, 4.55895, 6.56846, 11.2262, 10.7049, 8.46068, 8.85225, 8.20671, 8.23264, 8.85238, 8.78298, 9.11927, 8.68597, 9.15667, 10.9456, 7.20872, 6.46037, 5.58428, 4.26401, 2.07108, 0.60389, 3.27935, 8.04962, 13.6843, 20.115, 28.6794)
(10.1275, 9.32057, 12.6495, 13.1823, 13.348, 10.4609, 6.02617, 5.02669, 4.77122, 5.60652, 9.48064, 10.5466, 8.64301, 8.71005, 9.12503, 9.76995, 8.87735, 9.22628, 8.86701, 8.41395, 8.53578, 9.28499, 9.92564, 8.31666, 6.64725, 4.52084, 2.29358, 0.469791, 3.80134, 7.0447, 11.9727, 18.2612, 26.7464)
(9.97334, 7.94128, 9.07884, 10.8253, 13.1536, 14.4507, 7.38729, 4.77043, 5.57832, 7.00673, 9.83423, 11.9571, 9.98539, 8.39854, 8.18812, 7.67546, 8.12228, 8.03152, 8.44216, 8.65939, 9.27694, 11.2631, 10.7598, 8.69494, 6.60506, 4.93633, 2.59264, 0.898426, 3.55621, 7.72624, 12.1927, 17.1247, 24.913)
(9.69858, 8.69251, 10.3435, 11.2683, 13.7239, 12.7541, 6.60162, 4.5839, 5.11865, 6.65188, 10.5631, 11.2737, 9.16222, 8.93492, 8.23333, 7.84242, 8.44684, 8.29906, 9.08311, 8.36942, 8.95697, 11.398, 7.9423, 6.94305, 5.71987, 4.41563, 2.28083, 0.714, 3.40803, 7.6011, 12.7674, 19.1691, 29.0387)
(11.3592, 7.88592, 8.38134, 10.3092, 15.0003, 13.7564, 6.57196, 4.57048, 5.31667, 6.81777, 10.0307, 10.0058, 9.31215, 8.98561, 8.744, 8.49691, 8.71416, 9.44085, 9.14062, 8.72131, 8.87147, 9.56715, 13.8392, 9.99674, 7.53648, 4.67965, 2.45817, 0.731798, 3.70156, 8.19186, 11.6064, 15.7177, 21.5404)
(9.269, 8.64451, 9.66572, 11.4269, 13.737, 13.0343, 6.68231, 4.76439, 5.64117, 7.3871, 9.74761, 11.0841, 8.64197, 9.15474, 8.00353, 7.77189, 8.56682, 8.84557, 8.92645, 8.88021, 9.35035, 10.7743, 10.1036, 8.0349, 5.77717, 4.37419, 2.09954, 0.755007, 3.02417, 7.26898, 13.0077, 17.9035, 27.6513)
(3.41133, 5.41108, 11.2727, 21.3514, 24.6981, 16.1565, 6.3966, 3.5356, 1.89114, 2.15314, 3.72234, 6.27615, 9.78121, 9.73583, 10.7002, 10.2611, 10.7709, 10.606, 8.05476, 8.52526, 7.3304, 7.95808, 4.33434, 3.60614, 3.53184, 2.6938, 1.73799, 0.710758, 3.21379, 7.11832, 16.2303, 25.4819, 31.3408)
(6.37421, 6.54421, 10.5621, 17.4118, 17.5829, 17.7092, 7.06676, 3.68141, 3.35322, 3.83212, 5.88203, 9.49288, 10.7105, 8.14389, 8.00594, 9.76362, 8.46122, 9.32531, 7.45058, 8.35631, 8.60958, 11.6801, 6.78326, 5.7659, 4.96336, 3.66675, 2.13457, 0.702178, 3.3104, 8.47283, 15.4231, 20.9009, 27.8767)
(10.9143, 7.68788, 9.22431, 13.1951, 16.8447, 12.54, 5.92279, 4.1515, 4.56409, 5.83463, 9.12062, 7.99517, 8.39315, 9.56257, 9.37137, 9.34032, 9.95719, 10.5163, 9.71907, 8.71204, 7.87733, 8.55547, 12.4188, 9.39302, 6.20725, 4.11845, 2.01734, 0.696323, 3.11139, 7.61417, 13.0886, 17.9459, 23.3888)
(10.0733, 8.12347, 8.80869, 11.4239, 15.0712, 13.8288, 6.3357, 4.26349, 5.60298, 7.21393, 9.25458, 9.51922, 9.29822, 8.97437, 8.50073, 9.08157, 9.07415, 9.38995, 9.20006, 9.01626, 8.40002, 9.54544, 13.0231, 9.65692, 6.16381, 4.67557, 2.13683, 0.955217, 3.05655, 8.12943, 13.0755, 16.8117, 22.3154)
(10.6203, 6.93744, 6.96357, 9.73589, 13.3568, 13.0633, 7.60903, 4.96098, 5.97099, 8.21293, 12.5688, 9.95855, 9.02043, 9.32966, 8.59089, 8.5472, 8.44281, 8.46491, 9.06143, 8.76628, 9.53924, 10.2786, 11.9382, 9.45727, 6.56035, 5.32262, 2.63436, 0.713602, 2.95533, 7.67795, 12.7857, 17.5977, 22.3569)
(8.91209, 5.36859, 7.72354, 10.2823, 14.6119, 13.6831, 6.88849, 4.58921, 5.38639, 8.57126, 13.9832, 9.50337, 8.65141, 8.7645, 8.16961, 8.89813, 9.74555, 9.02833, 9.23441, 8.60835, 9.57852, 9.81782, 11.7994, 8.38754, 6.86951, 5.33153, 2.88312, 0.65873, 4.17998, 13.7421, 16.6029, 15.7625, 13.7826)
(9.59605, 6.5582, 7.04915, 10.0775, 13.7832, 13.9554, 7.51583, 5.19442, 6.38436, 8.07853, 11.8074, 10.0847, 8.77749, 9.19378, 8.75084, 8.64017, 8.21825, 8.31021, 9.18965, 8.92008, 9.46102, 10.4538, 11.3739, 8.90967, 6.76925, 4.97907, 2.78663, 0.729924, 2.96513, 8.07417, 13.211, 18.0616, 22.1397)
(9.60384, 6.40226, 6.67119, 8.95999, 12.9907, 13.5918, 7.98254, 5.8911, 6.28746, 8.02136, 13.5978, 10.6554, 9.70871, 9.2836, 8.25616, 8.58065, 8.16798, 8.49468, 8.46146, 8.52343, 8.87789, 10.99, 11.5854, 8.51768, 7.01062, 5.382, 3.07276, 0.858791, 3.95884, 9.72063, 13.2906, 17.0528, 19.5499)
(7.03449, 4.96137, 6.52551, 9.82573, 13.7132, 15.7755, 9.00285, 6.5653, 6.54085, 7.74015, 12.315, 10.5257, 9.3401, 8.91823, 8.42478, 8.2156, 8.38049, 8.25059, 8.48261, 8.88704, 9.61768, 10.9571, 9.98367, 7.66584, 6.93357, 5.38225, 3.32827, 0.877236, 4.00948, 9.15577, 14.4208, 17.704, 20.5391)
(9.04297, 5.02982, 6.18965, 9.7674, 13.9384, 12.7599, 7.02326, 4.94808, 5.53711, 9.38033, 16.383, 8.1417, 8.78796, 9.3953, 8.82492, 9.87041, 10.2457, 10.1423, 8.96386, 8.37326, 8.7769, 8.47776, 9.10003, 6.73406, 5.87172, 4.94518, 2.90341, 0.882515, 4.37123, 10.252, 15.9572, 18.5124, 20.4702)
(7.85778, 4.90922, 7.29509, 12.5124, 17.1422, 13.6337, 6.1226, 3.955, 4.87713, 8.0102, 13.6846, 7.3193, 7.29291, 9.08087, 9.61848, 10.2945, 10.8078, 10.375, 9.28373, 8.19277, 8.82167, 8.91293, 7.85811, 6.33717, 5.56795, 4.54238, 2.6874, 0.850588, 4.78797, 13.5705, 18.1456, 18.9781, 16.6743)
(7.89254, 5.15227, 6.71517, 11.3354, 17.3416, 14.6813, 6.41029, 3.84259, 4.72025, 7.86259, 14.046, 7.19557, 8.36709, 9.33991, 9.06431, 10.6302, 10.205, 10.499, 8.98485, 8.48768, 8.9268, 8.29948, 8.88238, 6.65225, 5.87362, 5.04379, 2.86729, 1.08233, 5.73383, 14.2282, 16.6673, 17.3396, 15.6294)
(7.84457, 4.67549, 6.17999, 11.4625, 16.7888, 13.4191, 6.43656, 4.81878, 5.27946, 8.38339, 14.7113, 7.8724, 8.37749, 9.34949, 9.01395, 10.8066, 10.9637, 10.2236, 8.91264, 8.42495, 8.00469, 8.05044, 8.28839, 6.0833, 4.83095, 4.09321, 2.6073, 0.858676, 4.32481, 10.9939, 17.4948, 18.6197, 21.8049)
(6.83346, 5.31384, 6.86386, 10.5795, 16.21, 16.6116, 7.94746, 6.36699, 5.23598, 6.61875, 11.4186, 10.4254, 8.95836, 8.6559, 7.67488, 8.45826, 9.0124, 8.77967, 8.50686, 8.73684, 9.79332, 10.9981, 8.11202, 6.18339, 5.63561, 4.82315, 3.08994, 1.00249, 4.81732, 11.1256, 15.2692, 18.4761, 21.4653)
(6.51216, 3.68911, 5.8775, 11.5881, 16.6879, 15.8864, 7.68954, 5.67677, 5.27445, 7.90746, 13.2106, 8.94872, 9.18774, 10.0737, 9.5592, 9.24026, 10.3125, 9.2259, 8.55217, 8.37387, 9.09395, 7.43199, 7.8509, 6.63141, 5.981, 5.31279, 3.61407, 1.06841, 6.16091, 13.1832, 19.2987, 17.2824, 13.6162)
(6.3235, 4.2786, 6.27783, 13.1366, 18.5085, 16.2013, 7.04158, 5.0743, 4.9269, 6.95153, 11.2793, 10.0561, 8.4228, 8.72991, 8.07326, 9.10483, 10.2518, 9.55854, 9.4678, 8.94051, 8.99863, 8.39582, 6.60961, 5.06709, 5.22451, 4.31593, 3.2579, 0.949968, 6.03924, 13.0728, 18.6061, 18.2136, 18.6432)
(7.89826, 5.78636, 6.3939, 10.1539, 15.1868, 14.7739, 7.77305, 5.96595, 5.8464, 7.77646, 12.445, 10.851, 8.92371, 8.87967, 8.25069, 8.4196, 8.86611, 8.36889, 8.9235, 9.2399, 9.41601, 9.86095, 7.42825, 6.30888, 5.57114, 5.00437, 3.07462, 1.00801, 4.95149, 10.6046, 15.0831, 19.0417, 21.9239)
(4.40871, 3.57736, 7.02047, 17.1869, 27.9851, 11.7653, 3.38756, 3.78109, 4.56141, 6.32426, 10.0018, 5.22251, 5.99899, 7.46738, 8.67712, 15.6526, 16.7469, 12.4624, 8.97248, 6.90809, 6.12005, 5.77149, 4.47966, 3.36881, 2.54786, 2.12054, 1.32972, 0.620938, 5.32744, 18.2371, 26.3455, 19.909, 15.7135)
(7.92399, 5.63621, 6.68506, 10.5189, 15.6906, 14.8064, 7.33384, 6.0154, 5.90101, 7.07321, 12.4153, 9.93728, 8.74165, 9.34937, 8.70955, 8.49799, 8.62009, 8.64149, 8.90713, 9.06821, 9.11313, 10.4141, 6.9114, 7.06735, 5.95518, 5.61571, 2.6926, 1.08038, 5.12991, 12.0032, 15.3322, 20.0794, 18.1327)
(8.96822, 5.06159, 5.91621, 8.96833, 12.8848, 13.7473, 7.60856, 5.81977, 6.59786, 8.25775, 16.1696, 8.65489, 8.9125, 8.99176, 9.21814, 9.31377, 9.72156, 10.1549, 9.16212, 8.90202, 8.42737, 8.54091, 7.17623, 7.19188, 6.82967, 5.65223, 3.37565, 1.09684, 4.89248, 10.0207, 15.5281, 18.5871, 19.6491)
(8.44506, 5.75585, 6.48141, 9.52891, 14.1667, 13.662, 7.35262, 6.29938, 6.24174, 7.84594, 14.2203, 9.92702, 9.13725, 9.21866, 8.76841, 8.59823, 8.79348, 8.81068, 8.66387, 8.77695, 8.59444, 10.711, 6.9078, 6.97218, 6.55853, 5.59072, 3.33093, 1.14869, 5.02981, 11.062, 14.8599, 19.2058, 19.3336)
(4.20322, 3.10938, 6.29699, 19.5461, 29.33, 13.7169, 3.23837, 2.28985, 3.70926, 6.16053, 8.39931, 4.83893, 5.68295, 8.87217, 10.2567, 14.1126, 16.6366, 12.5704, 8.17549, 7.38302, 5.93404, 5.53712, 3.55525, 3.29879, 2.17167, 1.82337, 1.30411, 0.615108, 5.48441, 17.9288, 25.4416, 21.704, 16.6729)
(6.75406, 4.93999, 6.73542, 11.6599, 18.6766, 15.8761, 6.86457, 5.13483, 5.3777, 6.64004, 11.3408, 9.05665, 8.44697, 9.20395, 9.31733, 8.95509, 9.21891, 8.93412, 9.19144, 9.0384, 8.7091, 9.92805, 5.81661, 6.39854, 5.09161, 5.33192, 2.63497, 1.07371, 5.65115, 13.0865, 16.8832, 20.8949, 17.137)
(5.77827, 5.50551, 6.76151, 13.4381, 24.1596, 14.792, 4.61751, 3.90034, 3.90955, 6.26478, 10.8728, 10.1268, 7.20477, 7.76358, 8.2238, 10.7728, 11.4865, 11.0859, 8.96792, 8.47984, 7.76729, 8.12081, 3.81476, 3.29014, 2.99098, 2.66849, 1.84827, 0.969862, 6.96478, 16.3023, 20.8093, 21.1131, 19.228)
(5.41002, 3.33971, 6.00104, 12.6102, 19.8057, 18.0391, 6.0844, 4.38539, 5.04255, 7.00691, 12.275, 7.08753, 7.99614, 9.15516, 9.04179, 10.898, 10.7964, 10.2255, 9.24043, 8.46884, 8.87992, 8.21023, 4.39958, 3.84589, 4.29972, 4.27378, 3.28227, 1.48467, 6.75203, 14.383, 21.3598, 19.4457, 16.4736)
(7.54608, 6.13809, 6.90655, 11.9506, 17.19, 15.2284, 7.72858, 4.61528, 3.72164, 5.64919, 13.3256, 8.11201, 7.93512, 8.97998, 9.66352, 9.44711, 10.996, 9.63091, 9.60265, 9.25454, 8.6206, 7.75756, 4.29752, 5.538, 6.55911, 4.68341, 2.2789, 0.872428, 4.97578, 10.7599, 16.8843, 21.5926, 21.5581)
