(9.44339, 8.59237, 12.0803, 15.481, 14.8318, 10.7263, 5.18018, 4.60549, 4.37204, 5.64352, 9.04363, 10.2817, 8.95685, 8.81018, 8.39825, 9.51832, 9.44099, 9.65997, 8.55352, 8.45453, 8.40416, 9.52157, 8.59558, 7.53253, 6.37495, 4.22907, 2.44374, 0.797599, 3.24009, 7.23556, 13.2192, 19.6812, 26.6504)
(6.31165, 8.55851, 15.8296, 21.1318, 18.7525, 10.7001, 3.54824, 2.73721, 2.9244, 3.6528, 5.8532, 7.13218, 7.69754, 8.86156, 10.1212, 11.8966, 12.8651, 11.0512, 9.66146, 7.3046, 6.84309, 6.56543, 5.0713, 4.41009, 3.0512, 2.03968, 0.94628, 0.351396, 2.31491, 7.02862, 14.2927, 24.8025, 35.6912)
(8.97894, 8.18449, 10.9765, 12.7754, 13.4595, 13.7033, 6.96765, 4.86429, 4.63026, 6.24453, 9.21519, 10.832, 10.3701, 8.52247, 8.04396, 8.24638, 8.09017, 7.88784, 8.1968, 9.10782, 9.3877, 11.3148, 8.49762, 6.99229, 5.65374, 4.24164, 2.21759, 0.719809, 3.29752, 7.07892, 13.0908, 19.197, 29.013)
(9.97334, 7.94128, 9.07884, 10.8253, 13.1536, 14.4507, 7.38729, 4.77043, 5.57832, 7.00673, 9.83423, 11.9571, 9.98539, 8.39854, 8.18812, 7.67546, 8.12228, 8.03152, 8.44216, 8.65939, 9.27694, 11.2631, 10.7598, 8.69494, 6.60506, 4.93633, 2.59264, 0.898426, 3.55621, 7.72624, 12.1927, 17.1247, 24.913)
(9.33387, 7.6303, 8.4336, 10.343, 13.2324, 14.2154, 8.91547, 5.93598, 5.64808, 6.12592, 10.186, 13.5011, 10.107, 8.29556, 7.95719, 7.20145, 7.20261, 7.15767, 8.22219, 8.45093, 9.4589, 12.4455, 10.2844, 8.88826, 7.43861, 5.42686, 2.79698, 0.738289, 3.69196, 7.40074, 12.1932, 17.1638, 23.9768)
(4.96848, 6.87458, 18.7538, 21.5225, 20.2684, 11.9639, 3.03256, 2.16988, 2.14412, 3.07061, 5.2312, 5.18135, 7.11482, 8.29416, 11.0515, 12.7576, 13.515, 11.5648, 10.3197, 7.84473, 6.23489, 6.12137, 3.08891, 2.26465, 1.60922, 1.25096, 1.21292, 0.445199, 2.89454, 8.5019, 16.1564, 26.7324, 35.8429)
(5.01238, 7.01949, 14.5733, 17.1539, 18.7202, 15.4078, 5.60148, 3.25918, 3.41676, 3.91445, 5.92113, 7.87438, 8.19661, 9.48883, 9.54304, 10.4427, 10.7686, 10.3031, 8.92159, 8.74762, 8.2727, 7.44087, 4.45188, 2.96663, 2.53394, 2.36535, 1.60019, 0.709891, 3.83727, 9.25543, 15.2098, 24.3163, 32.7533)
(11.8394, 8.1377, 7.70212, 11.0989, 17.1502, 12.2749, 5.34612, 3.5574, 4.70838, 7.57188, 10.613, 8.5981, 8.89639, 9.30508, 9.34139, 9.03818, 9.44665, 9.77868, 9.97308, 9.19904, 7.7147, 8.70872, 13.4135, 9.21245, 6.81613, 4.15208, 2.4219, 0.538976, 2.98172, 8.67902, 12.9968, 17.3162, 21.4711)
(9.56841, 8.94495, 12.0619, 14.4679, 14.4037, 13.3464, 6.45973, 4.06485, 3.90589, 4.94631, 7.82992, 10.7853, 9.71516, 8.86117, 8.35694, 9.41936, 8.76539, 8.65701, 8.44711, 8.9156, 9.1396, 8.9374, 8.77472, 7.67744, 6.09244, 4.25303, 2.66421, 0.735248, 3.37669, 7.66723, 12.6482, 19.7767, 26.3341)
(11.8027, 7.29802, 7.60256, 12.0472, 17.8894, 13.0995, 5.25491, 2.88979, 4.22922, 6.93577, 10.951, 7.48566, 8.28431, 9.13041, 9.58246, 9.59214, 10.5035, 10.8262, 9.64401, 8.86924, 8.26765, 7.81437, 12.8159, 8.77413, 5.46534, 3.82038, 2.10073, 0.749744, 3.15834, 8.71008, 13.6577, 18.0792, 22.6685)
(9.45262, 9.14596, 11.2106, 12.005, 13.6223, 13.4242, 6.41142, 4.76395, 4.12406, 6.08874, 9.7512, 11.1168, 9.26649, 8.67007, 8.70532, 8.14808, 8.23734, 8.27417, 8.50419, 8.80733, 9.13083, 11.1393, 7.04108, 6.00752, 5.10551, 4.26447, 2.65365, 0.756777, 3.58667, 8.28487, 13.1827, 19.469, 29.6478)
(9.54294, 6.16302, 6.76399, 8.90342, 11.2452, 13.0744, 7.88141, 6.27429, 7.72314, 8.9504, 13.4778, 10.7996, 9.2852, 9.17025, 8.36087, 8.0763, 8.0305, 8.37558, 8.48119, 8.82594, 9.77042, 10.8241, 10.6344, 9.19983, 7.18411, 5.40626, 2.9835, 0.835675, 3.63923, 8.36978, 12.9695, 17.7339, 21.0437)
(9.82422, 9.32451, 11.1872, 11.6238, 13.3515, 13.4115, 6.38292, 4.88299, 4.17852, 5.89155, 9.94136, 10.965, 9.35111, 8.69815, 8.65414, 8.17307, 8.34699, 8.17584, 8.48556, 8.90906, 9.17003, 11.0711, 8.05871, 6.64111, 5.5412, 4.3791, 2.8364, 0.766375, 3.50742, 8.07717, 12.8548, 19.058, 28.2797)
(9.0753, 9.21613, 14.0781, 16.5341, 14.8468, 8.54553, 4.21345, 5.53058, 4.48487, 4.5402, 8.93494, 9.88268, 9.2961, 7.72246, 8.70815, 9.87663, 9.16791, 8.61089, 8.89036, 9.93822, 9.05425, 8.85236, 7.48813, 6.80889, 5.84051, 4.74342, 2.63746, 0.520138, 3.9726, 8.02795, 13.7148, 20.0759, 26.1702)
(9.11456, 8.98487, 12.4555, 15.3203, 15.0806, 12.766, 5.53524, 3.81851, 4.03064, 5.07965, 7.81417, 9.85511, 9.23753, 8.62963, 8.23444, 10.0038, 9.12307, 9.27285, 8.97529, 8.88678, 8.76067, 9.02087, 7.80425, 6.54042, 5.35376, 3.98385, 2.34665, 0.748978, 3.57063, 7.98438, 12.9801, 20.6101, 28.0769)
(7.91356, 6.02509, 6.56972, 9.8452, 14.436, 14.1802, 8.17461, 6.28264, 6.4975, 7.93773, 12.1377, 11.0435, 9.11341, 8.94308, 8.0589, 8.28799, 8.47865, 8.14407, 8.82769, 9.24533, 9.36772, 10.4897, 8.93974, 7.32532, 6.18892, 5.48263, 3.04993, 0.911048, 4.61306, 10.2562, 14.0924, 18.0793, 21.0614)
(5.15038, 7.23729, 14.8685, 17.7031, 18.5245, 14.729, 5.17811, 3.17891, 3.4009, 3.81407, 6.21535, 7.37752, 7.97819, 9.21657, 9.16303, 10.3313, 11.2979, 10.3383, 9.04873, 8.99325, 8.57987, 7.67524, 3.82241, 3.04276, 2.60822, 2.37137, 1.66352, 0.696326, 3.73484, 9.44879, 15.5401, 24.6711, 32.4006)
(10.0733, 8.12347, 8.80869, 11.4239, 15.0712, 13.8288, 6.3357, 4.26349, 5.60298, 7.21393, 9.25458, 9.51922, 9.29822, 8.97437, 8.50073, 9.08157, 9.07415, 9.38995, 9.20006, 9.01626, 8.40002, 9.54544, 13.0231, 9.65692, 6.16381, 4.67557, 2.13683, 0.955217, 3.05655, 8.12943, 13.0755, 16.8117, 22.3154)
(9.43053, 6.01263, 6.15601, 9.05213, 13.2049, 13.9828, 7.72266, 6.12758, 6.7909, 8.07829, 13.4416, 10.093, 9.50244, 9.57857, 8.48841, 8.27625, 8.06666, 8.53387, 8.61396, 9.11751, 9.35651, 10.3728, 11.9314, 9.31137, 7.52177, 5.29475, 2.80945, 0.924435, 3.49571, 8.61451, 13.4562, 17.3507, 19.2897)
(10.3236, 8.224, 8.73275, 10.2881, 12.1813, 13.0297, 8.03736, 5.55188, 5.64809, 6.7645, 11.2186, 12.8662, 9.77854, 8.39811, 7.77494, 7.24899, 7.395, 7.46076, 7.96226, 8.53328, 9.95934, 12.6226, 9.13282, 8.57043, 6.73739, 5.27215, 2.76899, 0.7399, 3.55025, 7.30964, 12.5831, 17.835, 25.5003)
(7.17176, 7.64571, 11.9571, 15.0941, 15.6941, 14.1425, 7.23265, 4.57603, 3.92974, 5.06817, 7.48826, 10.1481, 10.2443, 8.87039, 8.54256, 8.88925, 8.11806, 8.1693, 7.96035, 9.11338, 9.21435, 10.73, 7.14573, 6.26731, 4.75945, 3.73321, 1.96269, 0.666607, 3.1977, 7.31033, 13.3857, 21.0343, 30.5369)
(8.42131, 9.60209, 13.7775, 16.4104, 15.3767, 11.5249, 4.6711, 3.17312, 3.84189, 5.07919, 8.12175, 7.99013, 8.85537, 8.93011, 9.51588, 11.0979, 10.4327, 9.3519, 8.98893, 8.00784, 8.20316, 8.62607, 7.59516, 5.88792, 4.50339, 3.32898, 2.07209, 0.630698, 2.86185, 7.10731, 11.9965, 20.9551, 33.061)
(4.62818, 7.0116, 16.4493, 21.3317, 22.1983, 13.2825, 2.92937, 1.90741, 2.1784, 2.8727, 5.21052, 5.47687, 7.33771, 8.23599, 10.3804, 13.3513, 13.5524, 11.7351, 10.5724, 7.96249, 5.94568, 5.44971, 2.55511, 1.83683, 1.6299, 1.49004, 1.53408, 0.462851, 3.3514, 8.95816, 16.5565, 26.119, 35.5061)
(8.66892, 7.29489, 12.3361, 16.0222, 17.4036, 10.9231, 4.81349, 3.48782, 4.05261, 6.57914, 8.41817, 8.15745, 8.6044, 8.72512, 8.81869, 9.78123, 10.5793, 10.5662, 9.40974, 8.30295, 8.70744, 8.34748, 10.0714, 7.4862, 5.09411, 3.20338, 2.00372, 0.517108, 2.89421, 9.21148, 13.9162, 19.8378, 25.7644)
