(2.276, 3.79654, 9.02387, 20.3352, 33.4241, 22.3207, 2.52705, 0.973626, 1.08981, 1.72664, 2.50639, 5.06413, 6.82767, 8.45663, 10.9521, 13.1014, 12.8738, 12.4636, 10.8979, 8.99426, 6.34885, 4.01963, 1.69617, 1.28722, 1.59499, 1.96949, 2.02911, 0.897161, 5.57908, 13.1954, 20.6893, 24.9457, 26.1164)
(2.91688, 4.88737, 12.4486, 24.2183, 31.1919, 17.4207, 1.47049, 0.5114, 0.705304, 1.49524, 2.73378, 3.813, 6.84009, 8.83884, 10.9552, 12.9332, 14.81, 12.7183, 9.87737, 9.17583, 6.5355, 3.50271, 0.885901, 0.779299, 0.784509, 0.951834, 0.723186, 0.720894, 6.13131, 14.7238, 21.3166, 26.282, 26.7005)
(2.0145, 3.17723, 8.19611, 21.096, 32.9082, 24.7118, 3.07527, 0.762908, 0.822365, 1.26644, 1.96922, 4.62278, 6.44088, 8.85365, 10.6153, 11.7931, 13.2655, 12.1763, 11.1015, 9.3641, 7.31795, 4.4489, 1.53649, 1.83432, 1.75267, 2.31121, 2.5623, 1.00742, 6.23206, 13.1262, 18.8942, 24.5822, 26.1609)
(2.60928, 3.94263, 9.79103, 18.2285, 30.7647, 23.3212, 4.21729, 1.08587, 1.02723, 2.05692, 2.95537, 3.93704, 6.22309, 8.17657, 9.46979, 13.1906, 16.3244, 13.8362, 9.98888, 7.96665, 6.66619, 4.22064, 1.70352, 1.59257, 2.21246, 3.00228, 2.44567, 0.973676, 7.10416, 13.7206, 19.1054, 23.4735, 24.6662)
(2.31203, 4.41958, 8.99536, 20.0886, 29.1489, 22.4338, 4.14327, 1.54532, 1.63597, 2.35122, 2.92596, 4.23147, 5.82306, 9.48751, 11.1137, 12.2243, 12.9918, 11.9101, 10.9951, 8.90232, 7.83381, 4.48694, 2.78178, 2.50921, 2.26979, 2.32206, 1.99326, 0.817442, 5.00854, 12.2232, 19.4547, 23.7353, 26.8846)
(5.77865, 7.72531, 12.0073, 15.5669, 21.5137, 17.0978, 4.64926, 2.93929, 3.33076, 4.29506, 5.09596, 9.75753, 8.88586, 8.92351, 10.1933, 9.82856, 7.63511, 9.15775, 8.06708, 8.53794, 8.55376, 10.4596, 3.67239, 3.41234, 3.56122, 2.67648, 1.53877, 0.865074, 3.26401, 8.97261, 16.6161, 23.9886, 31.4324)
(5.34634, 6.98114, 10.4165, 20.5414, 25.1018, 16.2816, 4.73721, 1.1433, 0.949163, 2.33896, 6.16258, 4.84041, 6.12446, 7.62658, 9.80225, 13.1663, 15.9463, 14.5421, 10.6759, 7.64025, 5.40421, 4.23117, 1.86909, 2.54099, 3.09404, 3.1108, 2.1785, 0.803213, 4.19956, 10.5463, 18.2584, 24.6228, 28.7763)
(7.68863, 9.0211, 12.8064, 14.1645, 16.1422, 15.5906, 6.25145, 1.1661, 1.68563, 4.72133, 10.7621, 8.03464, 8.04979, 8.41547, 9.18411, 10.4358, 9.06602, 9.97291, 8.71903, 9.60693, 8.30661, 10.2088, 2.26438, 2.98395, 3.43976, 3.19065, 2.76337, 0.619718, 3.32405, 7.92829, 15.1743, 24.5656, 33.746)
(8.25993, 9.58605, 14.0217, 16.4392, 18.1575, 11.2329, 4.27293, 3.82419, 3.03392, 3.91728, 7.25441, 8.04743, 8.97443, 9.68074, 10.4411, 9.37741, 9.59603, 9.63616, 9.26772, 8.57561, 8.51168, 7.89166, 7.84692, 7.0684, 5.03509, 3.13691, 1.60757, 0.503426, 2.98842, 8.45908, 14.6099, 20.6898, 28.0545)
(5.33559, 7.82495, 13.473, 20.3345, 22.9264, 12.0759, 4.62687, 2.61926, 2.22598, 2.98388, 5.57366, 7.37066, 6.27134, 6.64335, 8.80278, 12.27, 15.5339, 13.0143, 8.84454, 7.85831, 6.96187, 6.42888, 3.83035, 3.96653, 3.40038, 2.98401, 1.5614, 0.546522, 3.51721, 9.858, 18.0666, 24.3644, 27.9046)
(8.8142, 7.59922, 11.5901, 16.8075, 17.5276, 12.1547, 5.47989, 3.61489, 3.35899, 4.3612, 8.6917, 7.67987, 9.91612, 9.399, 9.616, 9.86917, 9.86132, 9.77989, 10.5347, 9.87353, 8.27773, 5.19267, 15.9332, 8.44201, 4.27099, 2.77528, 1.58425, 0.39622, 2.0539, 6.60918, 11.4907, 19.5423, 26.902)
(4.28693, 5.37064, 8.35759, 16.6689, 17.7214, 17.6415, 9.31887, 4.5376, 4.84304, 5.7327, 5.52075, 8.11409, 9.6778, 9.91808, 9.0291, 8.64534, 9.21787, 8.78215, 9.36514, 8.35805, 8.49967, 10.3927, 5.09913, 5.92747, 5.83827, 4.80297, 2.69906, 1.01691, 4.31733, 7.87697, 12.5568, 21.8136, 28.0515)
(7.37729, 7.96381, 9.16305, 10.4607, 14.062, 15.1991, 10.1127, 6.66374, 4.28077, 5.91631, 8.80057, 12.2688, 8.88236, 8.38844, 8.73204, 8.25743, 7.97963, 8.33445, 7.96963, 8.50805, 8.71604, 11.9632, 5.14249, 7.49443, 8.73291, 6.95827, 4.17772, 0.973051, 5.14921, 9.21297, 13.1285, 17.3303, 21.7001)
(6.39679, 9.74192, 14.4555, 18.7947, 18.9034, 10.6979, 6.1428, 4.9249, 2.66778, 2.74811, 4.52605, 7.55945, 7.29688, 8.07488, 9.99277, 10.817, 11.9881, 10.9621, 10.0704, 9.03071, 7.0064, 7.2013, 5.44915, 5.67132, 4.97376, 3.35833, 1.53874, 0.392211, 2.29427, 7.99959, 15.7539, 22.1531, 30.4156)
(8.04019, 7.96053, 11.574, 16.9474, 17.7824, 13.2216, 6.61981, 3.06754, 2.42614, 3.85438, 8.50599, 8.677, 7.26761, 7.93336, 8.82133, 10.7589, 11.7674, 10.4997, 8.53958, 8.89059, 8.2802, 8.56439, 3.98886, 4.08077, 4.08665, 4.09776, 2.29285, 0.726465, 3.06179, 9.40489, 16.5093, 23.2152, 28.5355)
(2.64344, 3.86333, 7.53213, 14.2652, 20.0018, 21.8238, 12.8953, 6.46636, 4.57631, 3.25135, 2.6811, 11.0033, 8.7519, 8.48591, 8.99042, 8.64108, 9.24989, 9.00274, 7.6688, 8.23291, 9.89942, 10.0736, 9.01467, 9.62685, 8.27901, 5.28664, 3.12896, 0.752459, 3.65584, 7.20639, 11.7528, 17.6045, 23.692)
(6.19887, 8.16997, 13.201, 18.6472, 18.4986, 11.343, 5.79825, 3.99452, 2.69913, 3.9664, 7.48317, 8.69279, 8.73548, 8.07882, 8.88745, 11.102, 11.2057, 10.6262, 8.72108, 7.90918, 8.48914, 7.55211, 3.55366, 4.94608, 4.76532, 3.7558, 1.87785, 0.523269, 3.1748, 8.13592, 15.3142, 23.431, 30.522)
(9.15903, 6.23522, 8.12047, 11.5095, 15.9044, 19.4813, 8.32707, 3.53746, 2.07781, 3.92101, 11.7267, 9.47424, 8.33944, 9.28676, 9.51512, 9.21965, 8.33421, 8.47491, 8.31863, 9.29192, 9.84242, 9.90273, 3.7028, 4.91305, 5.38352, 5.19842, 3.62602, 1.17244, 5.23621, 10.4397, 14.9904, 19.3956, 25.9419)
(5.69155, 6.73895, 10.8182, 19.7302, 20.9212, 16.7841, 4.79253, 2.23827, 3.03524, 3.3113, 5.93851, 8.5973, 9.12683, 8.35275, 9.90816, 12.1522, 10.1871, 9.05387, 8.36964, 7.18461, 7.69601, 9.3716, 3.43523, 3.72285, 3.29605, 2.99787, 2.40591, 0.687126, 5.08575, 9.75488, 17.2109, 22.4222, 28.9812)
(2.7781, 4.52212, 12.7897, 26.0714, 26.7184, 14.1989, 5.77729, 2.82268, 1.0516, 1.01654, 2.25332, 4.31574, 3.9077, 6.45725, 9.83607, 15.7626, 18.6298, 15.8554, 9.67878, 6.38216, 4.96735, 4.20716, 1.76822, 3.42474, 4.21341, 3.24606, 1.50017, 0.543488, 2.83045, 7.75399, 16.827, 26.4007, 31.4917)
(5.71805, 9.07433, 13.26, 18.263, 22.2666, 14.8413, 3.97831, 1.66276, 1.73732, 3.28543, 5.91289, 7.16747, 7.6778, 9.13321, 10.0465, 10.8222, 10.8243, 10.5701, 9.30129, 8.21197, 8.49381, 7.7514, 3.04863, 2.7293, 2.31347, 2.34486, 1.83783, 0.539407, 4.01769, 10.7955, 16.763, 24.0885, 31.5218)
(7.14211, 8.77682, 15.395, 22.4653, 23.1542, 10.0946, 1.70682, 0.621502, 0.904323, 2.18359, 7.55572, 4.44827, 6.99927, 8.33838, 10.0221, 11.7728, 13.1009, 12.2954, 10.5407, 9.75964, 7.72093, 5.00165, 0.78972, 0.65714, 0.732631, 1.06435, 1.0716, 0.436078, 3.07697, 9.35228, 17.6369, 27.6941, 37.4883)
(6.51095, 8.12321, 11.8175, 16.6934, 20.1649, 13.2398, 5.70432, 3.35381, 3.775, 4.55738, 6.0597, 7.57221, 7.51588, 10.3719, 9.52433, 9.44648, 10.0629, 9.70231, 9.91512, 8.74659, 8.81917, 8.32317, 5.64843, 4.77732, 3.95901, 3.18054, 1.99302, 0.462789, 3.99213, 10.1293, 15.9513, 22.5737, 27.3324)
(2.67147, 3.7473, 9.69524, 17.9435, 21.4768, 20.6709, 9.77012, 4.55753, 3.82704, 3.03663, 2.60337, 9.72195, 8.83481, 8.51143, 9.21627, 10.8394, 10.7591, 10.4686, 9.16021, 7.86459, 7.29397, 7.32956, 5.98964, 5.58248, 4.8699, 4.4116, 2.97357, 0.942965, 4.21291, 8.39475, 14.1842, 21.7495, 26.6884)
