(8.04179, 10.0461, 13.5458, 15.6048, 15.1396, 11.1544, 5.7051, 4.36743, 3.42981, 4.26365, 8.70144, 8.20131, 8.18456, 9.71491, 10.0995, 9.90659, 9.89314, 8.795, 9.04605, 8.4531, 8.52313, 9.1827, 6.43794, 5.53574, 4.41595, 3.5767, 2.44967, 0.61711, 2.70139, 7.02738, 11.7174, 21.2681, 34.2526)
(8.61222, 7.56973, 9.93013, 14.1621, 17.1643, 13.8788, 6.27549, 5.11776, 4.13448, 4.6448, 8.51019, 10.9262, 10.4312, 8.79081, 8.2164, 8.53933, 8.50976, 7.76819, 7.93665, 8.87579, 9.13919, 10.8665, 6.89923, 6.85308, 5.61666, 4.5011, 2.07011, 0.525746, 3.42326, 8.48089, 14.2581, 20.8046, 26.5673)
(7.15914, 9.37868, 13.5577, 16.9562, 15.9149, 12.4661, 6.44478, 3.54664, 3.32271, 4.21967, 7.03349, 9.48025, 8.03445, 8.2038, 8.66023, 9.50699, 11.5028, 10.5271, 8.91088, 8.51426, 7.47201, 9.18727, 5.58548, 5.45752, 4.26147, 4.14736, 2.44307, 0.588939, 2.98859, 7.26262, 12.8631, 21.1319, 33.2699)
(6.24594, 8.42005, 14.6876, 18.6266, 19.0358, 12.3816, 5.35668, 3.23288, 2.97366, 2.94237, 6.09685, 9.39459, 9.49409, 8.93283, 8.93136, 10.6751, 9.62302, 9.23183, 8.87294, 8.61895, 7.36033, 8.86491, 4.17225, 4.54363, 4.4588, 4.07597, 2.08204, 0.53436, 3.4669, 7.12517, 13.9636, 22.3729, 33.2044)
(8.1071, 7.71795, 10.1818, 13.1324, 13.162, 12.7418, 7.30909, 6.16402, 5.69271, 6.48896, 9.3022, 13.2766, 10.3652, 8.99359, 7.45856, 7.2183, 7.61054, 6.99804, 7.30584, 8.26739, 9.94597, 12.5599, 10.9169, 9.39415, 7.2256, 5.00813, 2.57484, 0.596185, 3.03141, 7.23259, 12.8314, 17.5764, 23.6124)
(9.6776, 7.45152, 9.82637, 13.5638, 14.4289, 12.8373, 6.85207, 5.3726, 5.01969, 5.31572, 9.65435, 11.316, 10.782, 8.81288, 7.60182, 7.58394, 7.73153, 7.85741, 7.87663, 8.99762, 9.63546, 11.8047, 8.13143, 7.87825, 6.64338, 5.15342, 2.18779, 0.610838, 3.44643, 6.96813, 11.8128, 20.2781, 26.8895)
(8.42876, 7.74199, 10.9998, 14.5055, 15.1589, 12.4669, 7.46853, 5.4402, 4.46346, 4.7714, 8.55462, 10.5706, 10.1499, 8.51421, 8.21377, 8.51804, 7.3447, 8.68794, 8.22451, 8.87205, 9.50395, 11.4003, 8.21961, 7.3802, 6.0358, 4.51998, 1.81053, 0.591413, 3.12393, 7.07475, 12.2019, 20.731, 28.311)
(6.98476, 7.94648, 12.9762, 16.7213, 17.0296, 13.6618, 6.5172, 3.44324, 4.14442, 4.45304, 6.12192, 10.6547, 9.57541, 8.70423, 8.40547, 9.84894, 9.26906, 8.62107, 9.01393, 8.48194, 7.68306, 9.74217, 5.8283, 6.07457, 5.91709, 4.60203, 2.51285, 0.696158, 3.28544, 7.44208, 13.3616, 21.0203, 29.2597)
(8.16525, 9.27873, 12.3669, 16.2772, 15.9764, 11.8434, 6.16173, 4.547, 3.9948, 4.42694, 6.96161, 10.8033, 10.2883, 8.91605, 7.99585, 8.24478, 8.67023, 9.09488, 8.63523, 8.38555, 8.63611, 10.3297, 5.28226, 5.81474, 5.06592, 3.92001, 2.16702, 0.570119, 2.77875, 6.95397, 14.0993, 21.0965, 32.2514)
(6.72023, 7.09376, 10.0987, 13.8016, 14.3631, 14.6096, 8.86814, 5.80316, 5.39409, 5.41734, 7.8303, 12.2556, 9.66939, 8.76176, 7.47391, 7.39352, 8.03274, 7.97838, 7.613, 8.5079, 9.77198, 12.5419, 9.13631, 8.39898, 7.33529, 4.79952, 2.60539, 0.583799, 3.04219, 7.10248, 13.079, 18.7398, 25.1772)
(8.02495, 8.88309, 11.7191, 14.7854, 15.103, 12.7054, 6.71311, 4.82099, 4.8103, 5.15267, 7.28195, 11.2992, 9.93911, 9.22042, 7.90492, 8.25404, 8.56777, 8.51544, 8.47924, 8.33588, 8.65992, 10.8241, 6.62626, 6.75496, 5.92539, 4.28543, 2.50511, 0.680379, 3.06162, 7.33188, 13.2146, 19.9597, 29.6548)
(8.38421, 8.89686, 10.9836, 12.1982, 19.1766, 12.674, 5.78073, 3.02707, 3.89626, 4.37445, 10.608, 10.2112, 10.6434, 8.37893, 7.14564, 6.63846, 10.084, 9.2204, 8.5075, 9.48697, 9.23958, 10.444, 6.23495, 5.4489, 3.90929, 3.64848, 2.36979, 0.608056, 4.97018, 9.81727, 15.5575, 20.7172, 26.7183)
(8.41712, 7.5207, 9.89938, 12.632, 13.6825, 13.5838, 7.47275, 5.95759, 5.95468, 6.06182, 8.81767, 12.1617, 10.4568, 9.05758, 7.90531, 7.51538, 7.3109, 7.27927, 7.47878, 8.119, 9.58863, 13.1266, 10.8327, 9.48483, 7.02205, 5.21761, 2.71071, 0.646732, 3.43269, 7.40716, 12.7029, 17.4712, 23.0715)
(7.98039, 7.30989, 9.51318, 12.8807, 14.9938, 13.718, 7.66068, 6.0026, 5.48076, 5.89013, 8.56984, 11.8898, 10.4428, 9.20012, 7.95688, 7.4179, 7.14879, 7.70322, 7.65107, 8.48794, 9.66582, 12.4357, 7.91925, 7.91269, 6.28631, 4.92856, 2.75647, 0.791898, 3.49081, 8.3565, 13.4787, 18.1424, 25.9364)
(9.02029, 8.84524, 10.5679, 11.8303, 12.9469, 11.8864, 6.89358, 6.41824, 5.07733, 6.0869, 10.4269, 10.7474, 9.09396, 9.07669, 8.56866, 8.55041, 8.53238, 8.08155, 8.18698, 8.76559, 8.75806, 11.6383, 8.16408, 8.06674, 6.59959, 5.10561, 2.89038, 0.753536, 2.96503, 7.2093, 12.26, 17.8401, 28.1457)
(8.48711, 8.73981, 10.2156, 12.349, 15.6571, 13.6014, 6.68941, 4.61822, 4.24534, 5.14859, 10.2484, 10.7042, 9.46264, 8.9593, 7.95696, 7.75807, 8.32758, 8.238, 8.25962, 9.53215, 8.85056, 11.9509, 6.44969, 6.49965, 5.08923, 4.04847, 2.35973, 0.657926, 3.63669, 8.09442, 13.1819, 19.9163, 30.0659)
(8.07153, 7.43735, 9.39891, 13.3098, 18.2315, 16.2113, 6.56827, 4.22899, 3.17586, 4.03521, 9.33134, 11.2612, 10.3301, 8.70554, 8.36338, 8.75244, 8.2688, 7.82462, 7.63575, 8.3753, 8.86481, 11.618, 4.67871, 5.33237, 4.80315, 4.23859, 2.326, 0.717346, 4.22265, 9.60521, 15.5908, 22.5848, 25.9003)
(5.74841, 9.44695, 13.5244, 20.1412, 16.6942, 14.5999, 6.36317, 2.36549, 2.64337, 3.1629, 5.31005, 7.45362, 6.93799, 8.74577, 8.73743, 11.667, 12.6198, 10.958, 9.36678, 8.52726, 6.83432, 8.15204, 5.68972, 5.07911, 4.33182, 4.24221, 2.14707, 0.563873, 2.78664, 5.9184, 11.6827, 22.5108, 35.0477)
(6.19982, 9.8124, 14.1939, 18.884, 17.7364, 15.3348, 5.38796, 2.21725, 2.96628, 2.89074, 4.37637, 7.13872, 6.41898, 8.11746, 9.47585, 11.0649, 14.0187, 12.6048, 9.0165, 7.88109, 7.44041, 6.82255, 7.56672, 5.18115, 3.78998, 3.59905, 1.7685, 0.389592, 3.17727, 5.10774, 11.1632, 21.3717, 36.8851)
(4.26145, 4.09481, 8.11073, 14.9241, 19.1292, 19.3189, 11.14, 5.13211, 4.51869, 4.33728, 5.03265, 11.4343, 8.81086, 8.39057, 7.47588, 8.46377, 8.5084, 8.53539, 8.30404, 8.10073, 9.74376, 12.2323, 7.81424, 7.65146, 7.77095, 5.62289, 2.76534, 0.739677, 3.06389, 7.27781, 13.2653, 18.9816, 25.0468)
(7.71052, 8.80515, 11.6047, 12.6743, 18.8259, 11.9095, 6.6739, 3.15911, 4.08326, 5.14634, 9.40732, 10.2825, 9.94403, 9.02442, 7.87403, 7.29274, 10.5569, 8.73767, 8.27488, 8.52249, 8.50707, 10.9833, 6.37379, 5.99863, 5.76229, 5.02594, 2.51209, 0.597233, 4.04712, 9.31963, 14.8307, 21.0635, 24.4691)
(11.6062, 9.48339, 8.81647, 9.72929, 12.9967, 11.4084, 6.30497, 4.84276, 5.53316, 7.08308, 12.1956, 12.1185, 9.5625, 8.54718, 7.44272, 7.15444, 8.31631, 7.97197, 7.7039, 9.5921, 9.28204, 12.3084, 11.0223, 8.63082, 7.34537, 4.82137, 3.06828, 0.652087, 3.75491, 8.01178, 12.5816, 17.5629, 22.5486)
(11.2295, 9.9532, 9.39681, 10.2327, 15.2101, 11.6749, 5.6985, 4.29266, 4.78141, 5.88231, 11.6478, 11.2758, 9.6425, 9.10831, 7.28141, 6.57409, 8.82437, 8.48721, 8.02448, 9.59377, 9.5399, 11.6481, 9.87665, 8.00176, 6.1633, 4.28517, 2.89877, 0.780711, 3.81283, 8.84409, 14.0708, 18.1016, 23.1643)
(8.18738, 7.39419, 8.19678, 12.5157, 19.8298, 17.7584, 6.97289, 3.22848, 2.34543, 3.82655, 9.74447, 10.0051, 10.6057, 8.94756, 8.83976, 9.3049, 9.23337, 8.95217, 8.01604, 7.35857, 7.94018, 10.7967, 3.42265, 4.08398, 4.1061, 4.52159, 2.85388, 0.938054, 4.52623, 10.4947, 16.6798, 22.3502, 26.0227)
(7.97313, 7.60351, 8.54849, 11.569, 17.3901, 16.6497, 7.32593, 4.72322, 3.79462, 4.94114, 9.48123, 11.3005, 10.0797, 8.20323, 8.12126, 8.45349, 8.26186, 8.03092, 8.28575, 8.67106, 9.39867, 11.1936, 5.13135, 5.59364, 5.22581, 4.46423, 2.38272, 0.876519, 4.19137, 9.23035, 14.0298, 21.2722, 27.602)
(8.34518, 7.94301, 12.0014, 14.0506, 14.66, 14.443, 7.34808, 4.25563, 4.58732, 4.7525, 7.61325, 11.3156, 9.33658, 8.09036, 8.10744, 9.4813, 9.58933, 8.39652, 8.32929, 8.47464, 8.33766, 10.5413, 7.38614, 7.55911, 6.51157, 5.8245, 3.07576, 0.840856, 3.56249, 7.37839, 12.7242, 18.5231, 26.6138)
(7.50159, 7.30426, 10.2056, 13.1932, 13.5413, 14.6094, 8.91672, 5.61976, 5.16149, 5.67873, 8.26794, 12.5344, 9.67603, 8.24271, 7.28091, 7.07257, 7.50442, 8.02262, 8.12765, 8.67772, 9.85286, 13.0081, 7.77762, 7.69555, 6.91405, 5.38753, 3.05569, 0.637852, 3.29019, 6.80011, 12.8444, 19.6585, 25.9385)
(7.62476, 7.67364, 10.036, 13.6523, 14.8482, 15.2263, 7.68448, 5.05644, 4.92309, 5.43752, 7.83736, 11.4912, 9.70262, 8.60417, 7.91672, 8.24979, 8.59998, 8.42946, 8.51359, 8.42571, 8.787, 11.2797, 8.72499, 7.78763, 6.77981, 4.84016, 2.76748, 0.81731, 3.57371, 7.75647, 13.2753, 18.4255, 25.2517)
(7.7514, 7.17311, 9.80586, 14.4515, 15.5889, 14.2295, 7.5129, 6.03965, 4.88807, 5.10718, 7.45196, 11.2207, 9.78928, 8.86221, 7.99103, 7.98024, 8.19197, 8.40746, 7.78566, 8.22693, 9.37113, 12.1734, 9.19632, 7.83213, 6.73298, 4.54177, 2.64312, 0.706034, 3.34299, 7.989, 13.6283, 18.3961, 24.9912)
(8.4482, 7.66251, 8.08056, 10.6794, 16.5224, 17.4449, 7.60062, 4.2908, 3.56607, 5.05475, 10.6498, 10.7775, 9.9914, 8.41984, 8.45764, 8.93979, 8.27891, 8.08603, 8.54499, 8.45065, 9.15482, 10.8984, 5.41006, 5.69079, 5.34881, 4.81502, 2.74208, 0.932546, 4.42876, 9.36187, 13.9781, 20.0507, 27.2413)
(7.2169, 7.00212, 8.6399, 12.8165, 18.8879, 16.1303, 6.60571, 4.49212, 4.17945, 5.79595, 8.23325, 12.1527, 9.04001, 7.03955, 7.90888, 8.51449, 8.76312, 9.49727, 9.08464, 9.34308, 9.1644, 9.49185, 5.53294, 5.49537, 5.04522, 4.42433, 2.41151, 0.786304, 3.83294, 9.49917, 14.6148, 20.8099, 27.5475)
(10.7222, 11.8107, 12.9975, 15.5022, 13.0159, 10.492, 4.88378, 3.12224, 1.90148, 3.44136, 12.1106, 6.97515, 7.74521, 8.49704, 9.81367, 11.0875, 10.8798, 11.8127, 8.91558, 9.7416, 7.9026, 6.62909, 3.96154, 3.93179, 4.17294, 3.30523, 1.70894, 0.583682, 2.98793, 7.20605, 13.4393, 22.3552, 36.3474)
(6.07141, 5.99173, 8.11462, 12.2003, 17.4787, 18.9288, 10.2786, 5.04923, 4.14534, 5.15592, 6.58534, 11.0067, 8.81542, 8.3716, 7.62406, 8.00524, 9.24788, 7.85729, 8.0315, 8.51129, 10.2392, 12.2898, 8.95568, 7.79908, 7.22821, 5.23496, 2.83845, 0.806379, 4.22268, 7.07576, 13.2752, 18.886, 23.6775)
(6.34375, 6.28249, 8.80029, 11.359, 14.3794, 17.856, 10.1721, 5.76796, 5.15858, 6.03362, 7.84684, 12.1737, 9.37715, 8.17792, 7.15774, 7.39042, 7.99896, 7.68329, 8.01387, 8.34301, 10.1278, 13.5561, 9.16818, 8.37054, 7.52732, 5.77329, 3.10171, 0.859097, 3.61701, 6.63358, 12.0681, 18.3132, 24.568)
(6.34375, 6.28249, 8.80029, 11.359, 14.3794, 17.856, 10.1721, 5.76796, 5.15858, 6.03362, 7.84684, 12.1737, 9.37715, 8.17792, 7.15774, 7.39042, 7.99896, 7.68329, 8.01387, 8.34301, 10.1278, 13.5561, 9.16818, 8.37054, 7.52732, 5.77329, 3.10171, 0.859097, 3.61701, 6.63358, 12.0681, 18.3132, 24.568)
(7.39786, 7.55637, 9.00637, 10.5845, 12.5897, 15.7642, 9.60486, 6.14155, 5.27019, 6.36459, 9.71984, 12.368, 9.78279, 8.52295, 7.31028, 7.52628, 7.5695, 7.30046, 7.70247, 7.68772, 9.76215, 14.4674, 9.75098, 8.90394, 7.87095, 5.72884, 3.23213, 0.729302, 4.1408, 7.62698, 12.3486, 16.9125, 22.755)
(6.76203, 6.41747, 9.06752, 13.7228, 16.105, 16.3602, 8.37453, 6.1981, 5.1831, 4.87111, 6.93815, 10.7945, 9.54993, 8.91504, 7.9631, 8.19782, 7.93617, 8.23735, 7.8272, 8.25237, 9.47496, 12.8516, 8.56685, 8.12631, 6.87853, 5.064, 3.02966, 0.870118, 4.36139, 8.87977, 13.6273, 17.944, 22.652)
(6.96147, 6.12343, 9.20833, 14.6685, 17.0047, 15.499, 8.43344, 6.30576, 5.11371, 4.50953, 6.17212, 10.6167, 9.57856, 9.0299, 7.8934, 8.17597, 8.52116, 8.55457, 7.89693, 7.96616, 9.44841, 12.3183, 9.15739, 8.40989, 7.10191, 4.75713, 2.89737, 0.807095, 3.75944, 8.90033, 13.6136, 17.9546, 22.6413)
(8.58039, 7.55757, 7.75634, 9.81425, 13.0177, 16.6967, 9.5145, 5.66397, 4.7793, 5.62, 10.9993, 11.2051, 9.81065, 8.77976, 8.31715, 8.14451, 7.58683, 7.60525, 8.03725, 7.78154, 9.67729, 13.0546, 8.45199, 8.4004, 7.41417, 6.07699, 3.30978, 0.862842, 4.38146, 8.23102, 12.8511, 17.9832, 22.037)
(7.34012, 7.05756, 8.60741, 12.2986, 17.0415, 17.8953, 8.87716, 4.00471, 2.65674, 4.46861, 9.75229, 9.57996, 10.0774, 8.77716, 9.17517, 9.24266, 8.89025, 7.92207, 8.01845, 7.73403, 9.22705, 11.3558, 4.32704, 5.01282, 5.1492, 5.48812, 3.16184, 1.18589, 4.32136, 9.63915, 15.6523, 20.1523, 25.91)
(8.07268, 7.29452, 8.27628, 12.1634, 15.9681, 16.7235, 8.35694, 4.17778, 3.04019, 5.3735, 10.553, 9.86996, 10.3494, 8.54136, 9.07151, 9.07465, 8.6133, 8.12963, 7.44516, 7.79, 9.07401, 12.041, 5.04433, 5.61872, 5.19082, 5.42217, 2.70956, 1.03207, 3.92793, 9.46931, 15.4329, 20.1359, 26.0162)
(6.40436, 6.02752, 9.48862, 15.6313, 20.6604, 13.7964, 6.31772, 4.55827, 5.26119, 5.59279, 6.26151, 11.2136, 9.35978, 8.07732, 7.8654, 7.98351, 9.20465, 9.71021, 9.29808, 8.57443, 8.98074, 9.7323, 5.76831, 5.6101, 4.85574, 3.59021, 1.81468, 0.531157, 2.7224, 8.23819, 14.3367, 23.1598, 29.3727)
(6.22096, 8.77752, 11.3934, 20.0757, 22.5775, 12.5878, 3.64384, 1.68542, 1.32719, 3.5015, 8.20909, 7.97259, 9.21116, 7.29729, 9.21441, 9.44399, 10.7598, 12.8086, 9.88294, 7.13911, 9.00344, 7.26669, 2.16848, 1.85569, 1.96225, 2.52637, 1.28784, 0.664263, 4.29099, 9.31841, 16.1151, 27.0831, 32.7275)
(6.77581, 9.13391, 16.3853, 20.3989, 17.8278, 8.99271, 4.90141, 3.56465, 2.88207, 2.84015, 6.29723, 7.77885, 8.20896, 9.23644, 10.6175, 8.98144, 12.3146, 10.5393, 9.43089, 8.66676, 8.2144, 6.01093, 3.24268, 4.56432, 4.24099, 2.79753, 1.59301, 0.595006, 2.58374, 6.86684, 15.1529, 24.6237, 33.7392)
(9.41798, 6.87886, 7.87425, 11.6166, 13.6219, 15.1032, 8.67746, 6.24009, 5.2555, 6.40869, 8.9055, 13.216, 10.7016, 8.4422, 7.85092, 7.67102, 7.74274, 7.23387, 8.34409, 8.74417, 8.57488, 11.4785, 9.83801, 9.67984, 7.70287, 6.50562, 3.8449, 0.963541, 4.0599, 8.06409, 12.1137, 16.1767, 21.0509)
(9.49699, 6.76199, 7.53785, 12.1195, 13.8019, 14.7331, 8.38554, 6.16602, 5.15902, 6.76802, 9.07015, 12.1269, 10.8653, 8.95435, 8.02233, 7.63552, 8.39704, 7.48631, 8.08646, 8.7488, 8.6308, 11.0461, 10.0281, 9.59172, 7.58625, 5.92225, 3.87091, 0.878836, 3.98102, 8.33402, 11.6262, 16.4792, 21.7014)
(6.1728, 5.41575, 9.25936, 13.6651, 15.6109, 17.916, 9.55755, 5.37029, 4.7493, 5.13039, 7.15254, 12.8243, 9.53842, 8.93452, 7.79624, 7.1569, 7.54504, 7.68287, 8.31411, 9.02218, 9.45767, 11.7277, 6.7641, 7.0769, 6.59924, 5.93127, 3.3974, 0.635768, 3.66465, 7.84621, 13.3487, 19.2734, 25.4623)
(7.72858, 7.41595, 9.38846, 11.6729, 12.771, 14.5454, 9.42392, 6.34981, 5.53814, 5.98898, 9.17693, 11.9991, 9.64265, 8.5115, 7.48328, 7.23754, 7.78724, 7.6343, 7.98961, 8.4967, 9.52679, 13.6912, 8.8477, 8.31801, 7.20589, 5.28196, 2.86316, 0.618655, 3.63887, 7.23571, 12.6671, 18.3602, 24.9627)
(8.19321, 7.5997, 9.902, 13.0052, 13.6594, 15.291, 8.45032, 5.67628, 5.09284, 5.28163, 7.84842, 11.9923, 9.60301, 8.54078, 7.43758, 7.73486, 8.70273, 8.45015, 7.9192, 8.64017, 9.64769, 11.3315, 9.74315, 8.44879, 6.8381, 5.20123, 2.63046, 0.700275, 3.31002, 7.22392, 12.4852, 18.0801, 25.3387)
(7.46245, 7.22833, 9.40817, 11.8115, 13.2878, 14.6922, 9.30995, 6.85945, 5.49869, 5.51555, 8.92582, 11.4334, 9.48173, 8.59017, 7.49026, 7.46337, 7.85008, 7.85204, 8.13284, 8.42047, 9.76364, 13.522, 9.09548, 8.52669, 7.4897, 5.42228, 2.96716, 0.674418, 3.79036, 7.67108, 12.7282, 17.8359, 23.7987)
(7.91784, 7.0768, 9.26471, 13.5664, 15.7105, 15.0306, 8.33304, 5.90024, 4.88548, 5.1369, 7.17752, 11.0649, 9.40444, 8.58059, 7.69173, 8.14948, 8.61214, 8.86505, 8.1033, 8.26993, 9.60763, 11.6509, 11.4558, 9.06599, 6.77686, 5.0002, 2.63238, 0.636269, 3.48918, 7.58789, 12.6562, 17.7706, 22.9286)
(7.50637, 8.67728, 10.8256, 17.1007, 20.5985, 13.3466, 4.69708, 2.0392, 1.53489, 3.83669, 9.83707, 9.11451, 9.49909, 8.00132, 8.98302, 8.70018, 9.60586, 12.1623, 9.19701, 7.88654, 8.62323, 8.22695, 2.01309, 2.35041, 2.85246, 3.49938, 1.94769, 0.889831, 4.81504, 10.1081, 15.8505, 24.4692, 31.2042)
(8.14635, 8.1797, 8.25038, 9.76123, 12.0823, 15.8909, 10.3273, 6.15808, 4.8898, 6.16853, 10.1455, 11.3122, 9.86437, 8.87189, 8.02338, 7.43164, 7.44828, 7.46609, 8.17156, 8.0723, 10.2434, 13.0949, 9.11832, 8.96209, 8.06048, 6.00411, 3.28472, 0.850354, 4.20782, 7.41959, 12.1299, 16.8476, 23.115)
(8.64571, 7.95726, 8.4392, 10.1742, 13.2537, 15.8607, 9.44083, 5.42648, 4.17431, 6.16237, 10.4652, 11.278, 10.3118, 9.03213, 8.05944, 7.4362, 7.47246, 7.31368, 7.96975, 8.01424, 10.4479, 12.6645, 8.59047, 7.99085, 7.19601, 5.55819, 3.02748, 0.948511, 4.24443, 8.05388, 12.977, 17.7447, 23.6686)
(7.35318, 6.25174, 8.57567, 13.3924, 15.8479, 15.5187, 8.92339, 7.23176, 5.7243, 4.68174, 6.49917, 10.1539, 9.12178, 8.52006, 8.10296, 8.09843, 8.70267, 9.12249, 8.01436, 8.26023, 9.53959, 12.3636, 13.1279, 10.7924, 8.1975, 5.09133, 2.7946, 0.711212, 3.82215, 7.64757, 12.0791, 16.0939, 19.6423)
(8.17763, 8.07556, 8.95009, 11.4254, 15.1541, 16.398, 8.51327, 4.65708, 3.61073, 5.46514, 9.57304, 10.2286, 10.0808, 9.04478, 8.71235, 8.22372, 8.11178, 7.6043, 8.42455, 8.19985, 9.80184, 11.5674, 6.97437, 6.47875, 5.76239, 5.04788, 2.85696, 0.957384, 3.98853, 8.99696, 14.4194, 19.3804, 25.137)
(8.99635, 8.43932, 9.15822, 12.3662, 13.5069, 15.604, 5.68357, 4.82659, 4.5654, 5.77941, 11.074, 9.66123, 9.49776, 10.0036, 9.43981, 8.564, 8.80277, 8.86705, 8.05289, 8.8997, 8.37731, 9.83391, 6.81385, 6.92199, 5.43299, 4.46829, 2.65402, 0.854022, 3.61828, 7.55282, 13.5583, 18.9645, 29.161)
(9.53879, 12.1425, 16.1934, 18.026, 13.6075, 8.41195, 4.34334, 3.1595, 2.20305, 3.25239, 9.12157, 7.33142, 6.87711, 7.63031, 9.82675, 11.4187, 13.4607, 13.3172, 8.47402, 7.82901, 7.13349, 6.70132, 4.04388, 4.16903, 4.19092, 2.4098, 1.68422, 0.6066, 2.44279, 6.69469, 12.438, 23.6236, 37.6965)
(9.96866, 10.4102, 12.9485, 14.9412, 15.517, 12.0461, 3.96555, 2.56054, 2.07046, 4.50482, 11.067, 7.23553, 7.84338, 9.08792, 10.9038, 10.4899, 10.6284, 10.4167, 8.84608, 8.68989, 8.67416, 7.18423, 3.08913, 3.23483, 3.53974, 2.94405, 1.5661, 0.697499, 4.09821, 8.88753, 14.4077, 23.1374, 34.3978)
(7.3379, 10.2716, 16.5909, 19.8543, 18.7567, 10.0328, 4.25016, 2.64545, 2.45207, 2.49847, 5.30954, 6.17627, 7.56763, 9.16216, 9.95984, 9.81847, 11.6757, 11.7684, 9.96378, 9.97259, 8.42529, 5.50986, 2.79458, 3.23671, 2.83369, 2.2664, 1.31067, 0.325842, 2.27711, 7.7297, 15.0852, 24.6902, 37.4499)
(7.14733, 6.75925, 10.0964, 12.7402, 16.2756, 15.1552, 8.34517, 6.14019, 5.08733, 5.15809, 7.0952, 10.6588, 9.21174, 8.94781, 8.74015, 8.44549, 9.02892, 8.33498, 8.32117, 8.84274, 9.15388, 10.3143, 6.4686, 7.10438, 6.05722, 4.87014, 3.00616, 0.642097, 4.54291, 8.85038, 13.5906, 19.4336, 25.4339)
(5.07042, 4.9464, 8.67691, 14.5829, 18.5442, 20.0852, 9.28009, 4.28433, 4.0128, 4.44776, 6.06902, 10.7895, 9.27355, 9.23363, 8.53467, 7.78667, 8.83299, 8.30647, 8.65483, 9.25145, 9.40087, 9.93544, 5.65126, 5.68602, 5.48987, 5.56184, 3.1744, 0.693904, 3.80392, 8.27132, 14.3581, 20.1633, 27.1462)
(6.62784, 6.65534, 9.76076, 13.1245, 15.3218, 17.1665, 9.55299, 4.96985, 4.34214, 5.38042, 7.09781, 12.0879, 9.5637, 9.04886, 7.78414, 7.17057, 8.04917, 7.74143, 8.48043, 9.07162, 9.55141, 11.4508, 6.97451, 7.02144, 6.5337, 5.57562, 2.87933, 0.782775, 3.71855, 7.62078, 12.9871, 19.3005, 26.6057)
(8.53625, 9.03985, 10.8651, 12.7393, 15.8415, 12.6413, 6.81753, 5.04802, 4.94132, 5.16129, 8.36846, 11.4733, 9.90632, 8.59745, 8.44409, 6.97684, 7.98165, 6.89671, 8.44374, 9.01938, 11.1361, 11.1244, 8.80556, 7.6647, 4.99875, 3.73664, 1.78045, 0.578422, 3.64945, 8.7314, 14.7157, 20.8773, 24.4616)
(10.017, 9.69617, 9.93234, 11.2178, 13.8017, 12.294, 6.72473, 5.69067, 5.25648, 5.87293, 9.49605, 12.0332, 10.1939, 8.19032, 8.11862, 7.04024, 7.93027, 6.74466, 7.98805, 8.55203, 11.0715, 12.1372, 9.8469, 8.65577, 6.51806, 4.66812, 2.25974, 0.80074, 3.60301, 7.99802, 12.9604, 18.7084, 23.9808)
(8.98259, 6.81183, 8.23586, 11.4775, 13.1053, 15.1157, 9.05424, 6.65184, 5.44316, 5.86516, 9.25686, 10.9122, 9.06741, 8.91436, 8.0385, 8.01159, 8.60726, 8.29713, 8.2074, 8.61921, 9.44842, 11.8765, 13.6914, 10.0517, 8.09773, 5.59524, 2.99736, 0.703968, 3.98437, 7.48869, 11.7156, 15.7493, 19.9247)
(9.47539, 9.96283, 9.39361, 11.5775, 13.48, 14.0977, 7.81673, 4.91327, 4.54302, 5.76765, 8.97227, 10.6574, 9.77726, 8.69755, 8.85465, 7.57499, 8.16595, 7.0868, 8.30316, 8.61225, 10.4762, 11.7937, 8.50964, 8.15573, 6.48825, 4.97254, 2.88237, 0.81472, 3.56361, 8.08067, 13.4877, 18.4217, 24.623)
(7.666, 8.70839, 9.25672, 11.136, 13.7278, 15.8527, 9.00766, 5.02792, 3.7965, 6.1943, 9.62591, 11.188, 10.106, 8.89841, 8.04698, 7.7451, 8.09436, 7.12027, 8.47518, 9.26838, 10.0527, 11.0046, 6.74426, 6.60171, 6.94599, 5.3632, 3.07463, 1.0016, 3.88797, 9.42118, 14.2943, 18.9413, 23.7239)
(8.58589, 8.19333, 9.16358, 12.2416, 13.1884, 15.7187, 6.05173, 4.58173, 4.68652, 5.99678, 11.5918, 9.68515, 9.45015, 9.99448, 9.07709, 8.49085, 8.75226, 8.63003, 8.27572, 8.36429, 8.98156, 10.2984, 5.84428, 5.95162, 5.21225, 4.62529, 2.59701, 1.00518, 3.39637, 7.50855, 13.1523, 20.1868, 30.5203)
(9.93153, 9.61718, 9.90998, 14.9045, 17.1358, 12.8406, 4.38786, 3.39954, 4.64006, 5.79924, 7.43368, 8.02171, 8.72549, 9.86062, 9.04045, 8.31317, 11.4126, 9.42767, 10.1183, 8.80403, 8.69688, 7.57914, 13.4631, 8.12029, 5.58431, 3.82703, 2.17504, 0.65561, 3.14507, 6.81659, 12.4806, 17.7767, 25.9557)
(9.28052, 9.27898, 10.7855, 17.0419, 17.6697, 10.9794, 4.0732, 3.46311, 4.46657, 5.70107, 7.26009, 7.85804, 8.61642, 9.78244, 9.2482, 8.0724, 11.7231, 10.0606, 10.0898, 8.33519, 8.59537, 7.61854, 12.4711, 7.66648, 5.05213, 3.2145, 1.89327, 0.620575, 2.73982, 6.61462, 13.013, 18.676, 28.0385)
(9.71056, 9.10833, 10.7146, 14.5137, 16.6471, 14.0096, 4.74928, 2.19882, 1.70992, 4.14197, 12.4961, 7.73218, 8.49314, 9.17019, 10.7001, 9.83679, 9.89487, 10.1751, 9.24285, 8.45793, 8.89204, 7.40476, 2.05473, 2.71074, 3.60652, 3.64268, 2.43523, 0.882171, 4.60437, 10.1598, 15.627, 23.0792, 31.1976)
(7.56607, 9.28645, 15.7064, 20.1746, 19.0564, 10.9865, 4.14413, 2.66709, 2.43778, 2.46269, 5.51177, 6.24297, 7.46921, 8.48402, 10.6661, 9.94681, 11.1386, 11.5673, 10.2026, 9.192, 9.24838, 5.84193, 2.69256, 2.91427, 2.87158, 2.42082, 1.27814, 0.461576, 2.56695, 7.93241, 15.5182, 25.6801, 35.6635)
(7.61009, 7.56643, 9.92924, 15.3975, 15.9202, 13.0589, 6.7544, 5.34375, 4.79552, 5.47996, 8.14397, 10.9575, 9.23682, 7.87942, 8.13387, 8.6827, 10.355, 8.9791, 9.45092, 9.85903, 8.16979, 8.29581, 9.20439, 7.62376, 5.55228, 3.9258, 2.19837, 0.553259, 3.48344, 7.82884, 14.8879, 19.8264, 24.9156)
(4.77125, 6.70254, 12.6738, 20.0679, 21.2848, 13.5091, 6.17939, 5.52801, 2.85704, 2.11485, 4.31134, 8.26635, 7.7655, 9.63178, 11.8549, 11.9333, 11.0064, 10.6092, 8.65087, 8.10399, 5.94365, 6.23395, 6.54245, 5.32402, 4.17691, 3.66775, 1.90408, 0.691951, 3.17474, 8.1826, 14.7717, 23.1388, 28.425)
(5.84097, 5.65125, 9.03953, 13.9941, 17.7679, 18.6886, 8.34639, 4.59224, 4.30888, 4.70915, 7.06094, 10.4516, 9.17217, 8.69648, 8.83394, 8.30846, 9.19868, 8.09208, 9.09472, 9.13299, 9.16731, 9.85161, 7.33184, 6.30391, 5.64901, 5.62532, 3.03258, 0.710819, 3.55921, 8.71002, 14.2864, 19.6915, 25.0994)
(10.1439, 7.53689, 7.2898, 9.41308, 11.3978, 14.7967, 7.80893, 5.64793, 5.37529, 7.92122, 12.6685, 12.3591, 10.3924, 8.89553, 7.93209, 7.58884, 7.868, 7.27328, 7.90971, 8.75741, 9.60121, 11.4224, 10.2887, 8.72267, 6.70027, 5.63633, 3.42972, 0.951343, 4.09538, 8.65678, 12.7807, 17.0292, 21.7089)
(9.98064, 7.29268, 6.89339, 9.31085, 12.609, 15.1144, 7.70679, 5.09477, 5.37821, 8.22553, 12.3938, 11.7719, 10.1687, 8.97885, 8.09593, 7.65835, 8.00344, 7.23318, 7.96494, 8.93064, 9.98167, 11.2124, 9.22492, 7.8731, 6.49983, 5.4444, 3.23713, 0.946209, 4.19506, 8.65648, 13.0976, 17.9345, 22.8907)
(6.79444, 6.29673, 7.4633, 10.8218, 15.6945, 18.9006, 9.70415, 5.60933, 4.54947, 5.85633, 8.30935, 11.2021, 9.46413, 9.02242, 8.6333, 7.68287, 7.58154, 7.32508, 7.43783, 8.05177, 9.90226, 13.6966, 6.31341, 6.70351, 6.6528, 5.81554, 3.51516, 1.02921, 4.76838, 9.76645, 14.1585, 18.0555, 23.2215)
(8.32417, 7.11357, 9.26534, 10.7302, 11.96, 14.7575, 8.97003, 5.83087, 5.4006, 6.89301, 10.7548, 12.0902, 9.86869, 9.2799, 8.2444, 7.06603, 7.40531, 7.39546, 7.87978, 8.69915, 10.1233, 11.9477, 8.69654, 8.23515, 6.73953, 5.33981, 2.88632, 0.704996, 3.55158, 6.7987, 12.2608, 18.4418, 26.3448)
(9.04491, 8.61707, 9.5348, 10.8746, 12.5251, 14.225, 8.29456, 5.61607, 5.44352, 6.6515, 9.1728, 11.9473, 10.3403, 8.63085, 8.0033, 7.04568, 7.20036, 7.05321, 8.19994, 8.4566, 10.4017, 12.7207, 10.6485, 9.87727, 7.62037, 5.36544, 2.84507, 0.904195, 3.6034, 6.93327, 11.7169, 17.3382, 23.1473)
(8.66323, 8.04727, 9.46949, 10.2446, 12.1291, 15.1858, 9.14649, 5.84539, 5.49956, 6.63288, 9.13621, 12.0101, 9.79048, 8.68851, 8.12027, 7.10936, 7.39011, 6.98343, 8.30848, 8.71189, 10.3564, 12.5309, 9.95139, 10.2041, 7.62751, 5.58076, 3.12978, 0.829834, 3.69882, 6.87724, 11.221, 17.2684, 23.6111)
(7.62959, 7.59277, 7.22985, 9.24968, 14.2903, 18.3044, 10.0328, 6.03835, 4.03252, 5.49349, 10.1061, 13.0306, 10.4765, 8.28208, 8.16996, 6.84867, 7.1428, 7.2459, 7.49774, 8.64868, 9.21536, 13.4417, 8.57342, 7.95294, 7.00414, 5.97181, 3.23877, 0.941249, 4.95206, 9.30729, 11.9553, 16.443, 23.6601)
(11.096, 10.743, 9.58509, 10.7281, 12.4633, 11.7494, 6.61771, 5.3959, 5.12087, 6.66072, 9.83991, 12.0053, 9.96525, 8.47252, 8.40203, 7.1398, 7.6726, 6.54081, 8.01607, 8.41574, 10.9294, 12.4405, 10.344, 9.69795, 6.99868, 5.00532, 2.7784, 0.863812, 3.37437, 7.51415, 12.3346, 17.3964, 23.6922)
(7.90519, 7.2591, 7.38405, 7.97287, 11.6922, 17.8797, 12.2322, 8.0873, 4.98566, 4.97067, 9.63114, 10.3599, 9.64865, 10.0255, 8.39581, 8.04502, 7.9465, 7.74087, 9.32929, 8.31686, 9.04675, 11.1448, 12.2925, 11.2299, 9.37617, 7.19041, 3.63676, 0.847261, 4.68318, 7.44569, 10.5122, 14.5988, 18.1872)
(9.4596, 8.11791, 8.72251, 10.7106, 12.4908, 14.2325, 7.93333, 5.89716, 5.87068, 6.18569, 10.3793, 11.2816, 8.63356, 8.57457, 8.39067, 7.6861, 8.05774, 8.32168, 8.27701, 8.90533, 9.64369, 12.2281, 12.4965, 11.0811, 7.54335, 5.16959, 3.24299, 0.802049, 4.10051, 6.74819, 10.1678, 16.4208, 22.2271)
(9.96405, 7.53392, 6.48475, 9.82712, 14.3806, 19.8028, 8.80981, 5.4007, 3.95037, 4.79735, 9.04854, 8.33577, 9.69097, 9.6818, 9.0872, 8.58207, 9.21828, 9.07852, 9.63134, 8.89746, 8.91021, 8.88636, 14.2725, 9.53747, 7.13776, 5.70684, 3.2772, 0.889064, 4.53968, 7.64207, 12.3235, 15.8552, 18.8187)
(9.27052, 7.94816, 9.20359, 12.3691, 13.2187, 14.6525, 6.39539, 6.01536, 5.20657, 5.79751, 9.92262, 9.14099, 9.4662, 10.3481, 9.18079, 8.53743, 8.69359, 8.56192, 8.83124, 9.08697, 8.2583, 9.89446, 10.6473, 8.75843, 6.64683, 4.6231, 2.36527, 0.741401, 3.51068, 7.19977, 11.7155, 17.6543, 26.1375)
(8.63134, 8.02011, 9.09508, 11.8962, 13.037, 15.1003, 6.5295, 4.9983, 5.04801, 6.1573, 11.4868, 10.0552, 9.60576, 10.1765, 9.03884, 8.13885, 8.65387, 8.45813, 7.84423, 8.46993, 8.87969, 10.6791, 6.40671, 6.56503, 5.59039, 4.41345, 2.54623, 0.846528, 3.20411, 7.05664, 12.5236, 19.7637, 31.0835)
(8.44435, 7.98933, 9.53955, 12.2657, 13.7252, 15.5218, 6.93642, 4.39391, 4.1478, 5.77372, 11.2621, 9.50912, 9.84657, 10.215, 9.22314, 7.49328, 8.63028, 8.34078, 8.65464, 8.12778, 9.68105, 10.2784, 6.79982, 5.7401, 5.1003, 4.84918, 2.66523, 1.10886, 3.9446, 8.71175, 13.8066, 19.4803, 27.7933)
(6.51567, 7.4015, 11.9814, 17.1785, 18.7748, 14.3052, 6.63257, 4.91606, 3.47479, 3.00766, 5.81178, 8.92608, 8.29099, 9.48607, 10.3304, 9.7672, 10.3124, 9.93027, 8.73445, 8.78071, 7.59658, 7.84491, 5.66481, 5.88615, 4.86803, 3.85856, 2.40871, 0.533042, 3.10697, 8.11821, 14.0912, 21.92, 29.5443)
(5.76414, 6.1235, 9.33827, 12.6728, 16.3999, 16.6949, 9.58821, 7.30078, 5.33504, 4.54633, 6.23611, 11.1603, 8.78063, 8.8673, 9.03898, 8.24666, 8.79809, 8.42088, 7.77432, 8.33724, 9.33195, 11.2437, 7.59454, 8.40613, 6.79776, 5.44389, 3.05881, 0.724471, 4.1188, 8.47842, 13.3342, 18.1145, 23.9285)
(6.90434, 7.17029, 8.74795, 13.0815, 17.7186, 17.2928, 10.3424, 4.62888, 3.63217, 4.24695, 6.23414, 10.358, 8.84094, 8.3201, 8.04115, 8.98278, 10.349, 8.44486, 8.30643, 8.97054, 8.49004, 10.8961, 5.25414, 6.75337, 7.11132, 6.4745, 4.00995, 0.905107, 3.60447, 10.4023, 14.2255, 18.6319, 22.6274)
(9.84584, 7.3256, 7.07401, 8.89999, 11.1983, 15.0222, 8.03753, 5.73375, 5.28739, 8.10327, 13.4722, 12.0402, 10.0045, 9.24844, 7.94475, 7.37739, 8.17956, 7.4512, 8.18963, 8.66622, 9.4512, 11.4469, 10.5019, 8.93212, 7.12065, 5.64114, 3.43244, 0.905158, 4.22843, 8.53218, 12.7787, 16.9136, 21.0137)
(8.69391, 7.72863, 10.0054, 10.6903, 12.4022, 14.9145, 8.75549, 5.76517, 5.14823, 6.41111, 9.48519, 11.633, 9.89852, 9.04096, 8.21521, 7.36277, 7.63636, 7.30932, 7.9669, 8.7792, 10.1537, 12.004, 9.38753, 9.13504, 7.02377, 5.53767, 2.89069, 0.844068, 3.73839, 6.87325, 11.4988, 17.5809, 25.4899)
(10.1271, 9.42768, 10.7916, 12.8657, 15.0117, 12.0504, 5.7348, 4.75787, 5.36048, 5.63102, 8.24178, 11.5092, 9.87367, 7.60302, 9.05834, 7.47896, 8.25016, 7.73418, 8.11002, 9.1812, 10.7663, 10.4349, 8.10314, 6.86225, 5.41864, 3.93432, 2.61644, 0.834255, 3.57706, 9.2458, 14.1797, 19.4316, 25.7968)
(11.4475, 10.3818, 10.1593, 10.9537, 13.2064, 10.9727, 5.87509, 5.42758, 5.47866, 6.24246, 9.85487, 12.282, 10.0992, 8.20979, 8.75662, 7.36847, 7.73774, 7.13407, 8.19775, 8.42703, 10.263, 11.5243, 10.2341, 8.8407, 6.7332, 5.04102, 2.5797, 0.797578, 3.3397, 8.76146, 12.5819, 17.5523, 23.5383)
(7.82042, 7.26872, 7.33078, 8.65945, 13.2968, 16.6659, 10.4144, 6.68067, 5.38903, 6.11493, 10.3589, 13.0291, 9.99344, 8.74949, 7.97942, 7.14863, 7.41686, 7.0643, 7.67783, 8.73562, 9.30613, 12.8992, 9.24935, 9.27403, 8.23622, 6.22653, 3.0499, 0.958985, 4.88267, 9.01748, 11.9457, 15.865, 21.2941)
(9.79729, 10.0901, 9.82545, 12.5073, 14.6248, 13.771, 6.98092, 4.73797, 4.33416, 5.05687, 8.27412, 11.24, 9.36722, 8.76066, 8.54383, 7.74911, 7.85901, 7.31479, 8.91417, 9.00704, 10.8318, 10.4124, 8.67821, 7.85219, 6.64022, 4.87386, 3.23823, 0.861981, 4.17906, 9.59263, 13.8664, 17.9314, 22.2859)
(8.32796, 6.64101, 8.04343, 11.5664, 13.3545, 15.5005, 8.80281, 6.7985, 6.05172, 6.24412, 8.66904, 11.2816, 8.97401, 8.81735, 8.26749, 7.45813, 7.81669, 7.91821, 7.99332, 9.02681, 10.2359, 12.2105, 12.0208, 10.7342, 8.00843, 5.38923, 3.37995, 0.670497, 4.01724, 7.24376, 11.4237, 16.134, 20.9783)
(9.55562, 8.34217, 8.42132, 10.7266, 14.6426, 16.2364, 8.5878, 4.91181, 4.08148, 5.7088, 8.78542, 9.83599, 10.2757, 9.1912, 8.18984, 8.26117, 7.57712, 8.30444, 9.07011, 9.08168, 9.79613, 10.4166, 11.2823, 8.54655, 7.1484, 5.19706, 3.30924, 0.822868, 3.95402, 8.67293, 12.9324, 16.9001, 21.2341)
(6.12846, 7.06726, 13.317, 15.8287, 15.7803, 16.0133, 7.43921, 3.96751, 4.44845, 4.59534, 5.41455, 9.37854, 7.3025, 8.26315, 8.57658, 11.2856, 13.0507, 8.9656, 8.04081, 7.66204, 6.92873, 10.5458, 6.54585, 7.27854, 6.44736, 4.27841, 3.29293, 0.953051, 3.64158, 6.87592, 10.6734, 18.1684, 31.8447)
(8.2935, 8.6386, 9.84365, 13.26, 13.4303, 14.1423, 6.67273, 5.81268, 5.14505, 5.24778, 9.51351, 11.5699, 9.9752, 8.95756, 8.26231, 7.6439, 7.93694, 7.88175, 7.47549, 9.24193, 9.62962, 11.4254, 8.08742, 8.92779, 7.1458, 4.67385, 2.81295, 0.749668, 3.74121, 7.22449, 12.4108, 18.6662, 25.5599)
(8.65339, 8.176, 9.47094, 12.6439, 13.0687, 13.9835, 6.96333, 5.87907, 4.95497, 5.62155, 10.5847, 11.3046, 9.94934, 9.29294, 8.62262, 7.3902, 7.83142, 8.06204, 7.6559, 9.16025, 9.44121, 11.2895, 7.33413, 8.23244, 7.07535, 4.88948, 2.75615, 0.753159, 3.25554, 7.1828, 12.5908, 18.9172, 27.013)
(7.92627, 8.49742, 10.6005, 13.5359, 16.0507, 14.8372, 6.42973, 4.12817, 3.46316, 5.20746, 9.32345, 9.62315, 9.26684, 10.2129, 9.04105, 7.48849, 8.9381, 8.57065, 9.1271, 8.36855, 9.84443, 9.51869, 8.58266, 5.69096, 4.76309, 4.15412, 2.39454, 1.02535, 4.00898, 9.30032, 14.3701, 18.6774, 27.0325)
(7.09849, 7.79893, 9.81741, 13.9366, 15.8037, 15.0774, 7.89316, 4.97806, 4.13813, 4.95036, 8.50779, 11.1579, 9.1584, 8.03936, 8.27162, 8.27578, 9.95723, 9.02501, 8.54563, 8.47256, 8.88142, 10.2151, 5.73636, 5.91406, 5.50924, 4.85833, 2.68968, 0.74702, 4.26661, 8.28729, 15, 20.4081, 26.5833)
(5.80546, 7.08647, 11.5308, 18.0705, 19.3732, 15.1008, 6.42519, 4.94768, 3.21458, 3.05273, 5.39259, 8.32667, 8.34988, 9.2854, 10.17, 9.94532, 10.5338, 10.3677, 9.07147, 8.27646, 7.64445, 8.02882, 5.09097, 5.59266, 5.0943, 3.87492, 2.14206, 0.547087, 3.21011, 8.29009, 14.761, 22.5394, 28.8574)
(9.49948, 10.2961, 13.2449, 15.4076, 15.5735, 11.782, 6.32226, 3.22462, 2.69503, 4.14252, 7.81202, 8.81044, 10.4058, 8.84827, 8.59038, 8.47774, 8.79582, 9.11229, 8.26703, 8.78713, 9.7587, 10.1464, 3.43129, 4.34994, 5.0724, 3.58013, 2.89657, 0.579252, 3.76608, 9.12599, 14.2948, 23.2258, 29.6777)
(7.44958, 7.58859, 9.1222, 12.7502, 16.7556, 15.5694, 9.36134, 5.15175, 3.96906, 4.96755, 7.31469, 10.6665, 9.1278, 7.98194, 8.02997, 8.90898, 9.69926, 8.48528, 8.09177, 8.85065, 8.55305, 11.6049, 6.57326, 7.45136, 7.29606, 6.50699, 3.4323, 0.759427, 3.73087, 9.52354, 13.9357, 18.4907, 22.2997)
(9.08362, 10.6578, 12.0724, 13.1946, 13.8147, 12.4134, 6.93596, 4.65526, 3.83965, 4.82908, 8.50354, 10.5882, 9.5556, 8.57192, 7.98007, 8.28643, 8.41313, 8.22952, 8.49964, 9.1385, 9.58304, 11.1539, 5.53397, 6.72965, 6.5003, 4.74178, 3.09773, 0.694081, 4.16269, 8.54918, 12.95, 19.6339, 27.4067)
(9.44167, 6.97274, 7.35461, 8.97072, 11.4659, 14.7167, 8.5082, 6.10972, 5.10081, 7.55744, 13.8015, 11.0216, 9.74099, 9.31309, 8.55101, 7.84589, 8.33062, 7.87433, 8.26163, 8.65987, 9.364, 11.037, 11.0674, 9.16791, 7.35897, 5.64883, 3.22304, 0.852376, 4.08351, 7.84119, 12.9119, 17.2628, 20.582)
(7.79881, 6.42776, 7.04829, 8.92007, 12.7429, 17.3062, 10.5374, 6.87014, 4.91265, 6.71143, 10.7244, 12.7891, 9.82722, 8.76036, 8.0392, 7.4624, 7.46192, 7.44501, 7.42767, 8.267, 9.43771, 13.0823, 7.65705, 8.4452, 7.89624, 6.08155, 3.59807, 0.994679, 4.81466, 9.34294, 13.7002, 16.8237, 20.6457)
(12.009, 10.356, 10.0682, 10.451, 12.5582, 10.6922, 5.92337, 5.60426, 5.41251, 6.60026, 10.325, 12.6716, 10.0679, 8.42091, 8.51339, 7.49376, 7.62559, 6.78123, 8.03784, 8.36462, 10.2429, 11.7802, 11.3628, 9.94674, 7.30899, 5.42869, 2.64978, 0.818945, 3.55809, 8.24329, 12.1807, 16.3991, 22.1029)
(10.5584, 9.31293, 9.1581, 9.94782, 11.5942, 13.2771, 7.73492, 6.21791, 5.68687, 6.62778, 9.88399, 12.35, 9.97549, 8.8952, 8.57368, 7.30506, 7.24496, 6.6301, 8.0255, 8.48799, 10.0823, 12.4297, 11.8199, 11.018, 8.25402, 6.14662, 3.17032, 0.996966, 3.53419, 7.63757, 10.8052, 15.766, 20.8511)
(8.41094, 7.17453, 8.27904, 10.9042, 12.5729, 14.8096, 9.29121, 6.7471, 5.71764, 6.58933, 9.50358, 11.975, 9.54363, 8.42941, 8.19552, 7.34166, 7.70657, 7.94301, 7.74369, 8.89262, 9.85704, 12.3718, 11.291, 9.70834, 7.79901, 5.26402, 3.10267, 0.777766, 4.05551, 7.22365, 11.7127, 16.3006, 22.7647)
(6.8266, 7.56274, 9.00735, 9.7041, 13.677, 19.7051, 9.15297, 6.01363, 4.23824, 4.8768, 9.2355, 12.3469, 9.61449, 8.17509, 8.61837, 7.42306, 8.85976, 8.20304, 8.13449, 8.20365, 8.68899, 11.7321, 9.31526, 9.46804, 7.72817, 5.98275, 3.11424, 0.96052, 4.09904, 8.48834, 11.4182, 16.4647, 22.9607)
(7.752, 6.06377, 7.09682, 10.6278, 13.4318, 18.1456, 10.2516, 7.48961, 5.14002, 4.90846, 9.09264, 11.1978, 10.1867, 9.31672, 8.11734, 7.70103, 8.24514, 8.06486, 8.46586, 9.01437, 9.18035, 10.5099, 11.6825, 10.4617, 8.98138, 6.09621, 3.06624, 0.888758, 4.54393, 8.49405, 11.6929, 15.5743, 18.518)
(7.64235, 10.6018, 10.0902, 13.8824, 14.5336, 12.5105, 9.14733, 4.70676, 3.1046, 5.80556, 7.97485, 10.2348, 8.70447, 9.30963, 8.7677, 8.35079, 8.61506, 9.09755, 6.68413, 9.04159, 10.1523, 11.042, 9.70453, 8.49803, 6.29449, 5.34588, 2.10961, 0.811891, 2.75575, 8.01845, 11.3935, 18.244, 26.8239)
(6.1628, 7.25259, 9.99685, 17.9852, 21.1585, 13.7885, 4.93096, 4.75399, 4.01305, 4.64514, 5.31255, 9.37999, 7.74196, 8.32449, 7.86583, 10.4973, 12.483, 9.94602, 9.18844, 9.33822, 7.79496, 7.4398, 8.19705, 5.46761, 3.7866, 2.89354, 1.832, 0.628424, 3.07828, 8.6705, 17.3611, 22.2471, 25.8378)
(8.00082, 8.41236, 9.85575, 14.1737, 16.5603, 13.8563, 6.12287, 4.87969, 4.42054, 5.81544, 7.90225, 11.1592, 9.1375, 8.32922, 7.82853, 8.93823, 10.0165, 8.77169, 8.61443, 8.91078, 8.62681, 9.66714, 8.28475, 6.11183, 5.23207, 3.81828, 2.20633, 0.833265, 3.58723, 8.04256, 15.2392, 19.9424, 26.702)
(8.06967, 7.50679, 8.6797, 10.6844, 13.0909, 15.3147, 9.10919, 7.17238, 5.79634, 6.01316, 8.56282, 13.0136, 9.14227, 8.44097, 8.0392, 7.44403, 7.78035, 8.57448, 7.5706, 8.25396, 9.52801, 12.2125, 7.79877, 8.66347, 7.44047, 6.16965, 3.43023, 0.830002, 4.058, 8.37747, 12.758, 17.2173, 23.2567)
(10.0202, 7.39334, 7.92863, 9.30873, 11.4643, 14.166, 8.76238, 6.47104, 5.25963, 6.99881, 12.2269, 11.2337, 9.79639, 9.38581, 8.41623, 7.66842, 7.95373, 7.742, 7.92071, 8.98535, 9.55676, 11.3409, 12.048, 9.78543, 7.70541, 5.60329, 3.16635, 0.8565, 3.79894, 7.43065, 12.3936, 16.7605, 20.4513)
(9.92264, 7.74651, 7.30771, 8.77915, 10.8856, 13.9494, 8.58623, 6.50695, 5.81127, 7.71048, 12.7941, 12.7347, 9.72357, 9.23753, 7.75436, 7.20363, 7.41465, 7.07045, 7.53839, 8.11457, 10.2032, 13.005, 9.12399, 9.07284, 7.58882, 5.92066, 3.26164, 0.90064, 3.9659, 8.25807, 12.5253, 16.9966, 22.3855)
(9.69193, 8.16983, 7.64229, 9.20178, 11.315, 14.9625, 8.47104, 6.26203, 5.34208, 7.27363, 11.6679, 13.0199, 9.40848, 9.12881, 7.75155, 7.17783, 7.29109, 7.32122, 7.70838, 8.00318, 10.1689, 13.0207, 8.35766, 8.79297, 7.1885, 5.78406, 3.35196, 0.978337, 4.09916, 8.73117, 12.8841, 17.0135, 22.8186)
(9.45333, 7.01548, 7.38573, 8.13285, 11.2211, 15.1067, 10.3642, 6.69192, 5.15223, 7.43603, 12.0404, 11.9271, 9.65732, 9.08628, 8.22498, 7.69064, 7.81711, 7.3124, 7.71249, 8.4347, 9.70436, 12.4326, 10.5676, 9.39968, 8.73484, 6.67472, 3.61041, 0.948078, 4.33957, 7.62535, 11.9694, 16.1772, 19.9532)
(8.40102, 7.45879, 8.92805, 11.0069, 12.462, 14.2819, 9.37685, 6.4866, 5.16313, 6.51282, 9.92194, 12.6468, 9.56114, 8.1329, 8.23405, 7.27813, 7.63104, 7.91762, 7.69174, 8.70324, 9.77927, 12.4241, 9.61729, 8.91401, 7.08997, 5.21482, 2.8401, 0.808848, 3.85987, 7.15356, 11.9483, 17.6429, 24.9104)
(6.98719, 5.93618, 7.62793, 10.9683, 13.9262, 18.1859, 10.0589, 6.88789, 4.83701, 5.08185, 9.50271, 12.0544, 10.0342, 8.69282, 7.44631, 7.45565, 8.22501, 8.08966, 8.12662, 9.30464, 9.52306, 11.0476, 9.24869, 9.33726, 8.43217, 5.99478, 3.11151, 0.804181, 4.61403, 8.80166, 12.8717, 16.3812, 20.4028)
(8.71728, 10.2513, 9.28572, 12.0763, 14.0717, 13.3797, 9.5827, 4.42402, 3.63283, 5.67905, 8.8993, 10.7344, 8.96303, 8.899, 8.44897, 8.53177, 7.85735, 8.55953, 7.13163, 8.70227, 10.3262, 11.8459, 9.92965, 9.04504, 7.12537, 5.48379, 2.3467, 1.06961, 3.14781, 8.62187, 11.9298, 17.4181, 23.8822)
(6.48029, 7.44987, 9.53068, 14.0531, 17.7642, 16.0235, 8.19438, 5.41253, 4.01221, 4.18623, 6.89292, 12.2218, 8.77419, 7.72576, 8.39468, 8.5449, 9.61758, 8.54769, 8.09038, 8.38979, 8.76997, 10.9232, 5.85658, 5.78374, 6.36015, 5.1834, 2.85426, 0.822737, 4.32157, 8.99037, 15.3261, 19.6596, 24.8415)
(7.4672, 8.80128, 10.3809, 14.8597, 17.4694, 14.8969, 6.14482, 4.41048, 3.90532, 4.88197, 6.78196, 10.5677, 8.9419, 8.28456, 7.72503, 9.85895, 10.6681, 9.26144, 8.50871, 8.64632, 8.21622, 9.32111, 6.77219, 5.13609, 4.85222, 3.64137, 2.2174, 1.01342, 3.80151, 8.74909, 16.0705, 20.1156, 27.6305)
(8.15425, 7.70008, 9.12175, 13.7577, 15.5031, 13.1902, 7.09554, 6.23296, 4.96846, 6.08338, 8.19252, 11.4334, 8.78885, 8.059, 8.3402, 8.52649, 8.89815, 8.62098, 8.51234, 8.88749, 8.9078, 11.0253, 11.1184, 8.18755, 6.44546, 4.82916, 2.31294, 0.774221, 3.18478, 7.8061, 13.6982, 18.4882, 23.1549)
(10.1824, 7.2945, 6.99264, 8.65331, 10.6382, 13.8116, 9.11923, 6.78769, 5.91111, 7.93252, 12.6768, 12.3001, 9.42791, 8.96355, 7.9578, 7.68559, 7.59643, 7.2096, 7.67609, 8.58819, 9.96912, 12.6256, 10.7583, 10.1117, 8.19854, 6.09412, 3.17014, 0.849179, 3.80033, 7.54419, 12.0555, 16.2327, 21.1853)
(10.8187, 8.75753, 9.49428, 11.0156, 11.6923, 12.5996, 7.77113, 6.25061, 5.92131, 6.30617, 9.37268, 11.8523, 9.70333, 8.90029, 8.04887, 7.93498, 7.57225, 7.02014, 7.93843, 9.06893, 9.62578, 12.3347, 12.4798, 11.0433, 8.3234, 5.47485, 2.9684, 0.967558, 3.27156, 7.3042, 11.4309, 16.3102, 20.4258)
(10.3762, 7.3271, 7.36014, 8.45384, 10.905, 14.0592, 9.10173, 6.89777, 5.74682, 7.63163, 12.1406, 11.7547, 9.8523, 9.38389, 8.21157, 7.45123, 7.57159, 7.56527, 7.69432, 8.67334, 9.62978, 12.212, 12.2726, 10.412, 8.39747, 5.92144, 3.27473, 0.855431, 4.02323, 7.5067, 11.8725, 15.9046, 19.5593)
(9.48386, 7.59369, 7.37659, 8.58495, 10.9347, 14.2803, 9.04947, 6.51537, 5.82999, 7.86117, 12.4899, 12.8929, 9.6986, 9.33344, 7.5127, 7.16206, 7.24208, 7.17701, 7.36412, 8.2078, 10.2706, 13.1388, 8.56317, 9.20044, 7.98727, 5.87152, 3.27831, 0.911443, 4.08189, 8.48932, 12.8333, 16.7309, 22.0524)
(10.6931, 9.64437, 11.3085, 11.6878, 11.4409, 10.844, 6.411, 5.73819, 5.61986, 6.03628, 10.5761, 11.7972, 10.0142, 8.79399, 8.25578, 8.10311, 7.09899, 7.29, 8.25057, 8.58706, 9.65802, 12.151, 9.59858, 9.08791, 7.65862, 5.2204, 2.71256, 0.879671, 3.64512, 7.82111, 12.0957, 17.2107, 24.0696)
(9.9336, 7.52096, 7.98078, 8.52172, 11.3084, 14.6111, 9.77775, 6.48343, 5.49623, 7.24266, 11.1233, 12.2616, 9.90068, 8.89993, 8.12874, 7.47567, 7.67016, 7.07986, 7.37808, 8.60426, 9.63008, 12.971, 11.7826, 9.84336, 8.78725, 6.68588, 3.70435, 0.952928, 4.22625, 7.77395, 11.5589, 15.2756, 19.4089)
(11.9157, 10.1414, 9.11346, 10.4245, 10.565, 11.3677, 6.71586, 5.9306, 5.48106, 7.07924, 11.2655, 11.9162, 10.3931, 8.17844, 8.64506, 7.86508, 7.38414, 6.59979, 7.75413, 8.39813, 10.1798, 12.6861, 12.3344, 10.5415, 8.46929, 6.49371, 3.24136, 1.14771, 3.56782, 7.71685, 10.9657, 15.2964, 20.2252)
(7.06979, 6.63385, 8.24913, 9.26666, 12.553, 17.4559, 11.2796, 7.66879, 4.89702, 5.73719, 9.18907, 12.8944, 9.78957, 8.38235, 8.44892, 7.6031, 8.62372, 7.84418, 7.54717, 8.24797, 8.9002, 11.7185, 7.83562, 9.44381, 8.28254, 6.09111, 3.18961, 0.893, 4.49876, 8.62995, 12.6233, 16.8862, 21.6261)
(8.03051, 7.2552, 8.97809, 10.9715, 12.2169, 15.0722, 9.66652, 6.42726, 5.32712, 6.12374, 9.931, 12.3456, 10.1891, 8.41121, 8.0167, 7.34276, 7.85675, 7.96792, 7.87541, 9.32026, 9.5291, 11.1453, 9.30608, 8.34488, 7.54896, 5.39237, 2.92137, 0.772322, 3.90945, 7.43876, 12.3113, 17.0848, 24.9697)
(7.7533, 7.22572, 9.21178, 11.6148, 13.6474, 16.6594, 8.3695, 5.55397, 4.38821, 5.32175, 10.2543, 11.7179, 10.2669, 8.68802, 7.75553, 7.68127, 8.0064, 8.25931, 8.04593, 9.01193, 9.34835, 11.2185, 7.37067, 7.90268, 6.75797, 5.35792, 2.91912, 0.898597, 4.49255, 8.75672, 13.3631, 18.2208, 23.9599)
(7.45721, 7.454, 11.5014, 17.109, 21.4532, 13.6308, 4.33438, 1.60943, 1.47569, 3.51583, 10.4592, 8.4465, 9.08126, 9.02893, 9.17751, 8.899, 8.04383, 10.1063, 10.2093, 8.65162, 9.49523, 8.86048, 2.27354, 2.56045, 3.13228, 3.16736, 2.01288, 1.00472, 4.2055, 10.2458, 16.8259, 23.7886, 30.783)
(7.90677, 7.66085, 11.9376, 16.9365, 17.7251, 12.5339, 5.34989, 2.88815, 2.66383, 4.62135, 9.77604, 10.1658, 8.93658, 8.723, 8.78052, 8.70914, 8.38753, 9.28365, 8.60362, 8.46343, 9.81705, 10.1297, 5.61563, 4.75994, 4.07151, 3.46885, 2.16399, 0.918984, 3.90716, 9.67131, 15.4116, 21.3322, 28.6788)
(13.2646, 10.752, 10.773, 12.4929, 13.7181, 12.4974, 5.07092, 3.33302, 3.35801, 4.53241, 10.2077, 8.87286, 9.09859, 9.94323, 8.42983, 8.78868, 9.26458, 8.98376, 9.31472, 9.19811, 9.03244, 9.0732, 12.7262, 7.81623, 5.45068, 3.66772, 2.19348, 0.850323, 3.57216, 7.82135, 12.9769, 18.2232, 24.7018)
(6.08211, 6.44417, 9.21089, 15.1298, 17.4341, 16.9243, 8.79669, 5.4059, 2.9915, 3.57615, 8.00445, 9.29211, 8.97446, 8.78363, 9.34879, 9.70988, 9.69797, 10.1361, 8.37196, 7.32173, 8.42416, 9.9392, 5.73989, 6.71007, 7.40428, 4.92791, 2.82502, 0.869956, 3.94642, 7.58944, 13.3783, 19.9689, 26.6398)
(5.82694, 6.72568, 8.85515, 15.8015, 16.9159, 17.2233, 8.73885, 5.95773, 2.97595, 3.51858, 7.46037, 9.843, 8.78027, 8.54386, 9.48968, 9.33987, 9.24523, 9.94273, 8.23419, 7.79081, 8.44478, 10.3456, 6.07899, 7.04617, 7.64301, 4.78412, 2.5621, 0.865156, 4.04824, 7.3823, 13.4777, 19.7527, 26.3595)
(9.04222, 9.09061, 10.0022, 11.4162, 14.4977, 14.0428, 8.66749, 4.76371, 3.08171, 5.20815, 10.1871, 11.38, 9.64985, 9.62077, 8.46724, 7.42042, 7.2815, 9.15042, 7.72234, 8.51256, 9.72995, 11.065, 8.76621, 8.18178, 6.61901, 5.59797, 3.24275, 1.41251, 3.77336, 9.15596, 13.4991, 17.2419, 22.5094)
(4.94835, 6.00533, 8.64958, 16.0801, 18.8815, 15.0531, 9.03984, 7.68272, 5.1992, 3.68389, 4.77632, 13.468, 7.98054, 8.11571, 8.56084, 8.58033, 9.89698, 8.48642, 8.84047, 7.56664, 7.6763, 10.8278, 6.4799, 7.72242, 6.89845, 5.37692, 3.00956, 0.600385, 3.63408, 7.68997, 13.6665, 18.9216, 26.0003)
(9.48135, 9.66552, 11.3352, 12.7364, 12.3931, 12.8048, 6.17841, 5.26738, 5.48827, 5.10961, 9.54004, 11.6749, 9.39357, 9.09108, 7.80657, 7.81773, 8.83887, 7.06609, 7.54758, 8.96107, 9.44515, 12.3574, 7.9715, 8.21223, 6.99931, 5.21073, 3.07324, 0.870146, 3.55846, 7.45373, 12.6961, 17.8694, 26.0852)
(9.795, 9.5625, 11.6638, 12.7434, 11.746, 12.2034, 6.03916, 4.85828, 5.52518, 5.5197, 10.3437, 11.846, 9.72861, 9.28807, 8.001, 7.69132, 8.10605, 6.67466, 7.57433, 9.12235, 9.74815, 12.2195, 7.71792, 7.56961, 6.62204, 5.25188, 2.91243, 0.856117, 3.59736, 7.21569, 12.6863, 17.7261, 27.8446)
(9.82003, 9.86192, 10.9787, 12.1211, 11.7997, 12.7621, 6.11496, 5.19465, 5.78183, 5.60792, 9.95705, 12.0473, 9.80778, 9.09919, 8.12046, 7.68742, 7.46032, 6.90667, 7.6596, 9.43012, 9.48217, 12.299, 8.29932, 8.69007, 7.21045, 5.24669, 2.86373, 0.817754, 3.82568, 7.66809, 12.1881, 17.227, 25.9632)
(11.0408, 8.16319, 9.2373, 10.536, 11.2794, 12.9886, 8.52749, 7.07068, 6.01546, 6.18071, 8.96029, 11.5394, 9.57738, 9.19724, 7.96061, 8.33971, 7.70645, 7.26335, 7.91342, 8.81041, 9.31032, 12.3817, 14.1881, 11.7882, 9.16597, 5.41129, 2.87672, 0.987268, 3.04835, 7.23364, 10.9702, 15.7263, 18.6039)
(9.85477, 7.67237, 7.42285, 8.98303, 10.5479, 13.7033, 8.96352, 6.95687, 5.98069, 7.76914, 12.1455, 12.4168, 9.60338, 9.13252, 7.76496, 7.43911, 7.2109, 7.31887, 7.4428, 8.51944, 9.97385, 13.1774, 10.7162, 10.1493, 8.27997, 5.81228, 3.13454, 0.906679, 3.69576, 7.32789, 11.7541, 16.6634, 21.56)
(8.79411, 7.67043, 8.47709, 9.38906, 11.5012, 13.8659, 9.33454, 6.55444, 5.84575, 7.27708, 11.2904, 12.6008, 9.88815, 8.85062, 8.01096, 7.26524, 7.62593, 7.13038, 7.5562, 8.58564, 9.85748, 12.6286, 8.6962, 8.76975, 7.48046, 5.43388, 2.85222, 0.74042, 3.88824, 8.28502, 12.8385, 17.6401, 23.3752)
(10.2361, 8.00616, 9.91721, 11.5151, 13.1221, 11.6097, 6.97877, 6.69748, 5.18902, 6.11657, 10.6118, 11.5985, 9.60277, 7.72433, 7.96864, 7.95722, 8.83387, 8.3967, 7.33823, 8.797, 10.7171, 11.0656, 10.3172, 8.82644, 8.08352, 5.84671, 3.09175, 0.684888, 3.79454, 7.41978, 11.8722, 16.5879, 23.4751)
(11.921, 9.40834, 8.45275, 10.4296, 10.818, 10.1998, 6.82246, 7.34413, 5.77262, 7.34259, 11.4887, 11.8811, 9.63233, 7.56926, 8.37524, 8.25294, 7.51299, 6.92302, 8.0147, 8.50942, 10.5044, 12.8246, 12.552, 11.2609, 8.92362, 6.57693, 3.61147, 1.15033, 3.90418, 7.67336, 11.0541, 14.3998, 18.8933)
(8.51089, 7.97908, 9.33666, 10.2504, 11.5741, 14.1163, 9.55728, 6.56902, 5.29572, 6.45672, 10.3538, 12.7346, 10.2461, 8.411, 8.06204, 7.51956, 7.58344, 7.44327, 7.58735, 8.93747, 9.62524, 11.85, 9.01075, 8.48991, 7.7917, 5.41159, 2.86619, 0.792019, 3.67787, 7.40388, 12.2374, 17.1658, 25.1529)
(8.43394, 6.40531, 6.87483, 8.41187, 11.7771, 17.9094, 10.904, 6.16488, 4.61378, 6.62607, 11.8788, 11.6388, 9.583, 7.76342, 7.79143, 8.18914, 8.45086, 8.0875, 8.07108, 9.06553, 9.40059, 11.9586, 10.5675, 9.80639, 8.88879, 6.59552, 3.45908, 0.98313, 4.21414, 8.46314, 13.2376, 15.5991, 18.1856)
(6.3827, 7.90704, 14.249, 15.7533, 15.7832, 12.6256, 7.96849, 6.37867, 3.29721, 3.46806, 6.18665, 9.5983, 7.28982, 7.50353, 8.52737, 10.9758, 12.9358, 10.5356, 8.23728, 7.49293, 8.0735, 8.8301, 5.9865, 7.62904, 7.00757, 4.93853, 2.87927, 0.738765, 3.21282, 7.03237, 13.015, 20.6623, 26.8978)
(11.1494, 7.98946, 7.5668, 9.41334, 11.442, 12.8884, 7.48723, 6.16218, 4.46234, 6.93564, 14.5033, 11.2671, 8.91885, 8.9698, 8.53882, 8.28547, 7.76854, 7.83066, 8.52775, 9.01806, 9.95386, 10.9211, 9.05734, 9.1155, 7.9478, 6.08771, 3.52374, 0.969354, 3.98149, 7.97896, 11.9415, 16.5365, 22.8601)
(8.03743, 6.61262, 7.58859, 9.16347, 12.0362, 18.0889, 10.6938, 5.63069, 4.50352, 6.22228, 11.4225, 11.9048, 9.6614, 8.22577, 7.5966, 8.07892, 8.31618, 8.15982, 8.09645, 9.08921, 9.39661, 11.4742, 9.08491, 8.54849, 8.37651, 6.21299, 3.2965, 0.963528, 4.39024, 8.82944, 13.6356, 16.3506, 20.3112)
(6.56343, 8.13805, 14.6382, 16.8021, 16.8667, 11.7553, 7.05928, 5.56631, 3.06194, 3.39338, 6.15542, 9.22289, 7.35109, 7.2697, 8.24973, 10.7924, 13.2152, 10.7022, 8.63545, 7.86733, 8.03668, 8.65736, 5.68412, 6.86851, 6.20985, 4.46621, 2.5773, 0.639518, 3.04533, 7.19925, 13.6138, 21.4355, 28.2606)
(11.594, 8.20331, 7.81489, 9.51429, 11.3463, 12.7806, 7.60679, 6.09466, 4.49798, 6.56218, 13.985, 11.2742, 9.093, 9.33014, 8.63708, 8.15722, 7.76911, 7.62367, 8.544, 8.86086, 10.1124, 10.5983, 9.73056, 9.47474, 7.85776, 5.89081, 3.46345, 0.867163, 3.77846, 7.78376, 11.4948, 16.6823, 22.9762)
(7.8077, 8.71607, 12.2594, 15.9052, 16.1952, 13.0353, 6.12113, 5.19045, 3.09745, 3.82363, 7.84838, 8.72906, 8.71635, 8.35488, 7.97168, 9.67154, 10.0015, 9.75918, 9.00236, 8.85512, 8.76597, 10.1723, 5.90539, 6.27669, 5.5133, 4.32586, 2.20125, 0.884638, 3.83311, 8.03638, 14.1349, 20.7741, 28.1143)
(4.25726, 7.61792, 16.0922, 22.4161, 22.5428, 10.6058, 5.03976, 3.34759, 1.89576, 2.49775, 3.68711, 5.78543, 6.02702, 6.45727, 7.92387, 13.0863, 17.5535, 11.9132, 9.72336, 6.76778, 6.42207, 8.34017, 3.49082, 4.39626, 4.13661, 3.18177, 2.21424, 0.44176, 2.82152, 8.67293, 15.9913, 25.5332, 29.1197)
(12.6129, 9.75548, 9.56557, 10.8884, 13.8111, 14.8409, 5.95086, 3.60426, 3.35409, 4.689, 10.9275, 9.69454, 9.32124, 9.48825, 8.20597, 8.44797, 8.81179, 8.60256, 8.71348, 9.05561, 9.37507, 10.2835, 10.8068, 7.50759, 5.47694, 3.88844, 2.35485, 0.911125, 4.10414, 8.67246, 13.4206, 18.0092, 24.8479)
(7.89901, 8.05968, 9.54443, 12.5231, 14.5878, 13.8028, 7.43601, 5.88403, 5.32826, 5.97154, 8.9634, 12.1074, 9.38288, 8.36937, 7.46163, 7.88279, 8.13611, 7.9041, 8.23682, 8.75872, 9.94382, 11.8163, 7.39448, 7.20319, 6.25669, 4.57931, 2.38405, 0.878855, 3.52046, 8.13785, 13.0749, 18.8393, 27.731)
(8.56545, 7.88141, 9.23745, 11.4389, 12.7185, 13.3426, 7.87795, 6.33952, 5.77668, 6.56918, 10.2524, 12.3859, 9.26518, 8.52201, 7.62276, 7.61877, 7.76643, 7.60699, 7.97771, 8.74205, 10.0241, 12.468, 8.21816, 8.44321, 6.79108, 5.03786, 2.53179, 0.808337, 3.49896, 7.46234, 12.5085, 18.4443, 26.2555)
(10.1959, 7.15577, 7.05207, 7.97463, 9.31554, 13.1022, 9.70837, 7.34771, 7.14132, 8.45476, 12.5517, 12.5275, 9.82237, 8.98133, 7.88731, 7.22478, 7.34111, 7.13231, 7.65963, 8.47917, 9.74955, 13.195, 11.7438, 11.2093, 8.78189, 6.27499, 3.33945, 0.946181, 3.98455, 7.72618, 11.5632, 15.1784, 19.2521)
(10.2784, 7.9063, 10.1838, 11.8845, 12.3607, 12.4287, 7.07265, 5.5606, 4.47389, 6.48541, 11.365, 11.2642, 9.94116, 8.20683, 8.55677, 7.68603, 8.69208, 8.04015, 7.72319, 8.89428, 10.2224, 10.773, 10.3691, 9.03804, 7.42213, 5.72172, 2.92123, 0.890522, 3.77275, 7.17757, 11.8743, 16.6573, 24.1553)
(8.18645, 8.62988, 11.3883, 12.1391, 13.5146, 13.6559, 7.93436, 5.50941, 4.29872, 5.28215, 9.46119, 11.1002, 9.71911, 8.50831, 8.25522, 8.73061, 8.45333, 8.49052, 8.20288, 8.86121, 9.57925, 10.0994, 7.70635, 7.30407, 6.40723, 4.87826, 2.53591, 0.767726, 3.80208, 7.6188, 13.0477, 18.4768, 27.4551)
(10.4131, 8.08382, 7.94672, 9.23473, 13.1695, 16.7427, 8.16979, 4.6437, 4.35646, 5.80152, 11.4379, 11.1456, 9.75452, 8.56941, 8.13634, 8.47643, 8.1511, 8.11518, 8.15632, 8.53731, 9.3679, 11.5899, 10.3189, 7.95931, 6.06776, 4.80553, 2.84001, 0.874972, 4.34291, 8.80504, 13.5958, 17.7311, 22.6587)
(7.11365, 8.48319, 13.6795, 17.5482, 18.8594, 11.8904, 5.59689, 4.35111, 2.50788, 3.14951, 6.82021, 7.26008, 7.8862, 7.62334, 8.02235, 11.5931, 12.3016, 10.46, 9.58475, 8.48832, 8.04464, 8.73557, 4.59656, 5.15976, 4.90314, 3.70749, 1.93338, 0.860119, 3.58294, 8.31699, 15.2404, 22.5163, 29.1829)
(7.60357, 7.82908, 10.2034, 12.8653, 15.0204, 17.0889, 8.13246, 4.62807, 3.08438, 4.26099, 9.2835, 9.45772, 9.2733, 8.90546, 8.19318, 8.98412, 8.6347, 9.2007, 8.9356, 9.2156, 9.21689, 9.98272, 5.83232, 6.43206, 6.05119, 5.26844, 3.55406, 1.09007, 5.0213, 9.22647, 14.789, 18.4973, 24.2378)
(12.4271, 10.1908, 11.1871, 13.0286, 14.9793, 13.2033, 4.77835, 2.5652, 3.06546, 4.47134, 10.1035, 9.41503, 8.97061, 10.0744, 8.33375, 8.74346, 9.73356, 8.67866, 8.7098, 8.65232, 8.79875, 9.88971, 7.61316, 5.76134, 4.09916, 3.85981, 2.21429, 0.729902, 3.69221, 8.51584, 14.4831, 19.5524, 29.4788)
(12.253, 11.669, 13.8329, 18.3603, 18.1942, 8.40935, 2.07974, 1.40041, 2.74068, 3.50526, 7.5551, 6.67899, 7.46586, 9.44911, 8.50993, 11.3479, 12.7408, 11.0883, 9.96376, 8.14034, 8.18681, 6.42826, 9.79884, 5.59442, 3.32522, 2.00595, 0.92368, 0.430862, 2.3616, 7.41663, 14.5405, 22.9333, 30.6691)
(9.60494, 10.8396, 17.0443, 20.3044, 17.6152, 8.64576, 2.20866, 1.25952, 2.59823, 3.38854, 6.49081, 7.09389, 8.02643, 10.4096, 8.4296, 10.4018, 12.4218, 10.2661, 10.1796, 7.84085, 7.53097, 7.39936, 6.66042, 3.26885, 2.20321, 2.04598, 1.15254, 0.319201, 2.59934, 6.45475, 15.5756, 23.5547, 36.1654)
(9.02544, 10.3763, 18.005, 21.2325, 18.1646, 8.69784, 2.18, 1.06358, 2.33602, 2.74512, 6.17355, 6.39382, 7.77403, 11.0433, 8.83578, 11.197, 12.5006, 9.98958, 9.97793, 7.92563, 6.89811, 7.46414, 5.31531, 2.63429, 1.96722, 2.32609, 1.32603, 0.335219, 2.57852, 5.49774, 17.1383, 23.5041, 37.3772)
(6.06978, 7.98364, 10.0848, 16.2389, 21.1217, 16.4111, 5.41193, 3.47415, 3.56081, 3.38083, 6.26241, 9.37823, 8.2564, 8.08902, 7.74166, 9.91727, 11.0901, 10.4607, 9.65204, 8.8021, 8.03063, 8.58191, 5.23428, 4.01634, 3.95953, 3.22419, 2.11022, 0.781877, 4.25795, 9.95914, 16.3772, 21.3042, 28.775)
(5.59245, 6.93909, 10.9395, 15.3857, 19.0192, 15.0693, 6.96504, 5.63728, 4.52105, 4.04767, 5.88378, 11.6427, 8.67483, 7.81237, 8.00334, 8.95789, 10.1363, 9.21671, 9.13334, 8.31679, 8.63856, 9.46717, 5.75006, 5.85011, 5.53445, 4.03995, 2.14466, 0.884365, 3.81156, 9.17625, 14.1878, 19.9429, 28.6779)
(9.58774, 7.59749, 8.78334, 10.8908, 12.6738, 15.0053, 7.7177, 5.44456, 4.88725, 6.1919, 11.2202, 12.3564, 9.48845, 8.80974, 7.62879, 7.81659, 7.47395, 7.61208, 7.76582, 8.60738, 10.1867, 12.2541, 8.12969, 8.59249, 6.89783, 5.20268, 2.97807, 0.959406, 3.78104, 8.0223, 13.7044, 18.7311, 23.001)
(8.91823, 7.93756, 8.98437, 11.2836, 13.3221, 14.0435, 7.62397, 5.61678, 5.24497, 6.41275, 10.6122, 12.4642, 9.4387, 8.67402, 7.44784, 7.78638, 7.58514, 7.52608, 7.99396, 8.71097, 9.98623, 12.3865, 7.85224, 8.26369, 6.69227, 4.88014, 2.61511, 0.793495, 3.74867, 7.79667, 13.8072, 18.9219, 24.6287)
(9.7685, 7.98166, 10.849, 12.4609, 12.3619, 12.9525, 7.07404, 5.12081, 4.25206, 5.60289, 11.5757, 9.59138, 9.18151, 9.49394, 9.15264, 8.09947, 9.36776, 7.85945, 7.97281, 8.82538, 9.71924, 10.7364, 8.953, 8.0383, 6.02567, 5.26308, 2.62631, 0.877761, 4.15104, 7.18001, 12.3331, 16.895, 27.6567)
(9.78783, 7.29734, 9.8145, 15.3313, 18.635, 12.3704, 4.54421, 2.21236, 1.88189, 5.79792, 12.3273, 8.63137, 9.03902, 8.18734, 9.57005, 9.02103, 8.45523, 9.97006, 8.91729, 8.82628, 11.0154, 8.36691, 3.72324, 2.84816, 3.29897, 3.85558, 2.0931, 0.643926, 3.7762, 8.61601, 16.6362, 23.0522, 31.4564)
(11.8247, 9.17755, 9.10254, 9.70375, 9.40492, 11.4314, 7.65386, 6.11758, 6.21669, 7.49306, 11.874, 12.4325, 11.1345, 8.33679, 8.05844, 7.56052, 7.28339, 6.44802, 7.80057, 8.63491, 9.22228, 13.0881, 11.0803, 10.1471, 8.09659, 6.17985, 3.29691, 0.985381, 4.01692, 7.66539, 10.7509, 15.0302, 22.7504)
(9.28572, 7.91649, 7.62874, 8.39323, 9.50211, 14.4132, 10.3355, 7.08694, 6.33266, 7.69204, 11.4134, 13.8453, 9.52468, 8.41851, 7.86837, 7.30438, 7.57076, 6.90904, 7.3234, 8.26366, 9.66883, 13.303, 10.5627, 10.6828, 9.30621, 6.81077, 3.40659, 1.04484, 4.18432, 8.05605, 12.4074, 14.6206, 18.9177)
(8.94621, 5.78441, 8.16931, 11.6105, 14.4681, 14.329, 7.00727, 3.39673, 2.95989, 7.52343, 15.8051, 9.25858, 8.35592, 8.88933, 9.52973, 9.22942, 9.03774, 9.29369, 8.73721, 8.81582, 9.1073, 9.74527, 4.78451, 5.10447, 4.92225, 4.52689, 2.84494, 0.787537, 3.9388, 8.58628, 14.5994, 21.7177, 28.1872)
(12.3168, 9.34931, 8.80838, 10.5786, 14.9445, 15.7416, 5.9917, 3.15849, 3.46407, 5.1574, 10.4892, 10.1542, 9.12788, 9.06369, 8.63676, 9.16816, 9.17827, 8.74112, 8.65359, 8.36048, 8.90424, 10.0116, 9.76206, 6.85046, 4.97675, 3.34202, 2.17136, 0.873421, 4.20377, 9.59189, 14.8987, 18.9633, 24.3663)
(9.05032, 6.80931, 10.1424, 14.5238, 17.581, 13.4393, 5.29275, 2.60861, 2.48498, 5.25059, 12.8169, 8.56714, 8.30308, 9.21843, 9.70112, 10.2622, 10.3028, 9.75211, 9.30965, 8.11093, 8.84777, 7.62487, 4.8665, 4.4786, 3.96638, 3.69747, 2.46811, 0.801496, 3.73106, 8.737, 15.466, 23.3187, 28.4686)
(12.772, 12.0291, 12.8839, 16.6915, 17.7923, 10.1623, 2.15182, 1.58277, 2.3324, 3.6119, 7.98995, 7.29861, 7.28891, 9.60442, 8.31476, 11.4109, 11.3226, 10.4138, 10.203, 8.78065, 8.68514, 6.67717, 8.1916, 5.34286, 3.19177, 1.90921, 1.06379, 0.608894, 2.83424, 8.2181, 15.4777, 22.3704, 30.7914)
(4.99847, 7.60513, 12.034, 16.5473, 22.279, 15.5944, 5.59415, 3.72298, 3.56664, 3.092, 4.96589, 9.87576, 7.81371, 7.85787, 8.03899, 10.5106, 11.9274, 10.1422, 9.25854, 8.42448, 7.99808, 8.15242, 4.68476, 4.02256, 4.20078, 3.01521, 1.76719, 0.772967, 4.06828, 10.2989, 16.1604, 20.9523, 30.0566)
(10.9239, 7.96803, 8.4549, 10.1836, 9.75308, 13.5402, 8.22331, 6.22999, 5.49855, 7.38921, 11.8352, 11.2437, 9.7523, 8.60442, 8.04735, 7.57874, 7.85633, 7.77543, 8.20841, 8.22728, 9.74278, 12.9633, 11.9728, 10.1034, 7.65209, 5.51262, 2.84882, 0.801127, 3.56609, 7.32169, 11.5223, 16.8973, 21.8017)
(8.92518, 8.60861, 11.156, 12.7061, 14.1884, 12.5865, 7.58734, 5.36769, 4.93558, 5.48748, 8.45104, 10.5965, 9.2373, 9.06034, 8.74092, 8.51112, 8.34602, 8.50098, 7.4942, 8.45925, 9.40358, 11.6498, 8.85799, 8.62189, 6.87213, 4.4553, 2.58349, 0.669296, 3.24408, 7.90522, 12.45, 17.8129, 26.5278)
(7.44551, 7.3443, 10.8271, 14.1405, 17.5002, 14.0758, 7.36206, 5.13071, 4.34368, 4.5674, 7.26273, 10.9396, 9.01866, 8.52931, 8.45386, 8.83732, 9.31194, 9.04198, 8.37962, 8.53471, 9.04233, 9.9106, 6.55477, 6.98278, 6.12977, 3.9683, 2.45232, 0.633698, 3.45445, 8.94127, 14.4975, 19.8417, 26.5434)
(11.2857, 8.60491, 8.88251, 11.0726, 12.0055, 13.0293, 7.07494, 5.77039, 5.32131, 6.70996, 10.2429, 12.6238, 10.5914, 7.31682, 7.44366, 7.65966, 7.82431, 6.99508, 7.96129, 8.80818, 9.96387, 12.8119, 11.3064, 9.98737, 7.18917, 5.61594, 3.43365, 1.10122, 4.78461, 9.02286, 12.0965, 15.9928, 19.4695)
(6.63089, 7.4827, 10.9978, 13.6972, 15.8868, 14.3938, 8.96359, 6.377, 3.8997, 4.38084, 7.2897, 11.7517, 8.70214, 7.44673, 7.86597, 9.11663, 9.63376, 9.38564, 8.80354, 8.228, 9.16056, 9.90529, 6.27408, 7.73895, 7.40916, 5.0099, 2.58469, 0.534665, 3.92986, 7.66692, 14.4438, 19.7445, 24.6634)
(8.98011, 7.07144, 7.41771, 11.8595, 16.3678, 14.4549, 6.69816, 3.81767, 3.72813, 6.92547, 12.6792, 9.07586, 8.20763, 8.41124, 9.01193, 9.87948, 9.93485, 9.17031, 8.81679, 8.89698, 9.32181, 9.2731, 6.81429, 6.50756, 5.62666, 4.57331, 2.83181, 0.739879, 3.83026, 9.27204, 15.0747, 20.7256, 24.0039)
(5.87591, 6.35141, 10.7033, 15.6891, 18.5831, 17.1117, 7.33388, 3.96903, 3.60486, 4.1296, 6.64814, 10.4094, 8.87135, 8.47209, 8.38323, 8.0687, 9.57058, 8.54364, 8.54128, 9.12991, 9.21905, 10.7908, 5.06961, 5.84417, 5.87264, 4.44454, 2.75064, 0.790295, 3.93378, 9.13623, 14.407, 21.3598, 26.3913)
(6.80643, 6.63713, 10.4782, 14.0947, 17.2287, 16.6362, 8.16352, 4.34739, 4.0438, 4.65802, 6.90593, 11.2503, 8.99438, 8.32378, 7.62631, 7.92147, 9.4149, 8.63102, 7.82961, 8.60449, 9.28388, 12.1199, 6.19917, 7.41316, 6.67551, 5.05246, 3.31841, 0.916491, 4.02201, 8.29048, 13.1655, 19.9994, 24.9475)
(7.64814, 8.51012, 10.917, 14.3814, 14.3102, 14.5906, 8.68213, 4.82402, 4.37288, 4.92748, 6.83598, 10.4006, 8.69736, 9.75304, 8.9403, 8.37922, 10.0936, 7.15227, 8.00828, 8.62958, 9.44851, 10.4972, 8.18009, 8.3213, 6.32458, 5.80895, 3.01071, 0.718921, 3.05405, 6.02696, 12.9157, 19.985, 25.6537)
(8.58432, 8.34112, 12.1894, 13.8025, 14.6928, 12.7087, 7.83858, 4.91937, 4.41595, 5.26691, 7.24042, 10.5633, 8.69517, 8.58411, 8.80563, 8.69089, 8.33278, 8.83987, 7.8898, 9.08664, 9.39134, 11.1204, 9.3105, 8.64862, 6.93069, 4.44152, 2.70264, 0.65476, 2.98669, 7.59366, 12.2053, 18.5864, 25.9392)
(8.95, 8.53922, 9.57076, 13.8264, 16.1287, 13.8036, 5.24993, 3.35141, 3.30829, 5.81315, 11.4586, 9.6833, 9.36261, 8.897, 9.54051, 8.81494, 8.74146, 8.50869, 8.71301, 8.08578, 9.98417, 9.66853, 6.05944, 4.93531, 4.15429, 4.40465, 2.12064, 0.685116, 3.90724, 8.64502, 14.7682, 20.6202, 29.6999)
(9.25552, 8.25011, 9.79827, 14.1876, 19.3415, 12.6298, 3.98607, 2.33274, 2.46176, 5.87593, 11.8808, 9.39445, 8.96685, 8.81255, 9.65872, 8.82648, 8.66261, 9.07955, 8.61238, 8.79297, 10.5175, 8.6759, 4.63005, 3.44309, 3.11636, 3.50506, 1.66202, 0.562368, 3.87823, 9.03702, 16.3751, 23.1024, 30.6883)
(10.7862, 8.01378, 9.18612, 11.4381, 12.3187, 12.7752, 8.08963, 5.27171, 5.06468, 6.12336, 10.9325, 10.875, 9.34395, 7.66868, 8.10782, 8.44638, 8.7333, 7.86997, 8.79092, 8.68518, 9.71135, 11.7675, 9.18104, 8.8783, 6.95857, 5.79743, 3.04484, 1.13743, 4.79922, 9.11, 11.8702, 16.6141, 22.6088)
(10.0653, 8.38364, 8.91929, 11.3036, 12.5041, 13.1665, 8.09314, 5.24169, 5.09029, 5.96035, 11.2721, 10.5757, 9.43173, 7.36014, 8.52595, 8.60049, 8.65515, 7.79022, 8.95511, 8.67787, 9.66446, 11.7631, 9.73872, 8.77399, 6.74122, 5.45588, 3.20816, 1.21377, 4.59312, 9.13661, 12.1515, 16.1988, 22.7882)
(9.9512, 8.17736, 7.88188, 9.11974, 10.0957, 12.7631, 8.63009, 6.12393, 6.25743, 8.43177, 12.5678, 12.0959, 10.282, 9.37798, 7.91763, 7.48218, 7.38549, 6.54028, 7.38844, 8.14375, 9.28406, 14.1023, 11.3205, 10.0405, 8.14427, 6.17501, 3.52277, 0.906522, 3.91828, 8.23315, 12.1731, 15.5467, 20.0191)
(8.51988, 8.56294, 9.95468, 11.6638, 12.7276, 12.6578, 8.76713, 6.09522, 5.24734, 6.10473, 9.69882, 11.9027, 9.59643, 8.87095, 7.94869, 7.95819, 7.92389, 8.04124, 7.93491, 8.5558, 9.39949, 11.8677, 9.22826, 8.81826, 7.84375, 5.39842, 2.94915, 0.759873, 3.43588, 7.69592, 12.1365, 17.4181, 24.3159)
(11.9077, 7.69271, 8.24364, 11.4468, 13.4604, 13.7238, 6.93753, 4.07733, 3.70625, 5.88899, 12.9148, 10.1495, 9.24964, 7.72459, 9.2368, 9.05864, 9.37083, 9.01464, 8.6423, 8.7957, 9.68748, 9.06985, 9.84206, 8.0088, 6.23728, 5.19111, 2.72924, 0.870769, 3.67599, 7.7693, 12.7586, 18.8319, 24.0849)
(8.64303, 7.59448, 9.62818, 13.7131, 15.1514, 15.1608, 6.70435, 3.80916, 3.44769, 5.80445, 10.3434, 9.64676, 8.9583, 8.80435, 8.25319, 9.07654, 9.22743, 8.9163, 9.69129, 8.76001, 8.66516, 10.0007, 6.49745, 6.19995, 5.57742, 4.15586, 2.4658, 0.811502, 3.89651, 8.92992, 15.6071, 21.2805, 24.578)
(6.82961, 8.88703, 11.4464, 15.0074, 13.9732, 15.2205, 8.1368, 5.29613, 3.61838, 4.87679, 6.70766, 10.5151, 9.06149, 9.98826, 8.63912, 7.66108, 10.5627, 7.19638, 8.35685, 9.0981, 8.72741, 10.1935, 8.83726, 8.15032, 6.24719, 6.113, 3.47726, 0.636312, 2.69833, 6.74416, 13.5258, 19.0384, 24.5319)
(9.24196, 7.44459, 8.61033, 10.6439, 11.2591, 13.5949, 8.39787, 5.35972, 5.3037, 7.57756, 12.5664, 10.8992, 10.3204, 9.07275, 7.82134, 7.76871, 7.8436, 7.37733, 7.77704, 8.34559, 9.17757, 13.5964, 9.425, 8.82557, 7.36825, 5.39633, 3.46852, 0.918076, 4.48755, 8.94633, 12.9566, 16.6376, 21.5702)
(9.35911, 8.29705, 8.60316, 10.0454, 11.2342, 12.7303, 9.34958, 5.72484, 5.37061, 7.38565, 11.9, 12.3336, 9.95453, 8.7786, 7.67997, 7.69924, 7.5596, 7.07477, 7.32189, 8.58306, 9.50921, 13.5055, 10.0127, 9.66031, 8.35949, 5.95876, 3.24625, 0.958055, 3.79241, 8.3387, 12.3154, 15.9695, 21.3883)
(6.34638, 7.76173, 11.3239, 16.6775, 18.3937, 12.9648, 7.92373, 5.02134, 3.65234, 4.05391, 5.88052, 10.5445, 8.381, 8.00712, 8.45689, 9.48805, 10.5893, 10.0276, 8.83605, 8.63424, 8.25696, 8.77835, 6.58321, 7.19734, 6.6967, 4.68229, 2.71799, 0.591632, 2.88957, 8.04697, 14.5159, 20.6603, 25.4181)
(10.5518, 7.88191, 8.64187, 12.1437, 15.2275, 14.874, 7.05876, 3.6463, 3.77975, 5.58121, 10.6133, 10.3464, 9.52798, 7.69635, 9.31934, 8.96465, 9.46401, 8.34475, 8.20458, 8.75862, 9.57824, 9.79508, 8.93933, 7.15001, 5.79358, 5.20741, 2.90136, 0.884838, 4.02994, 8.16829, 13.3781, 19.4615, 24.0857)
(7.93716, 7.33181, 9.12069, 11.46, 12.6405, 13.6304, 10.2841, 6.14251, 5.24357, 6.25874, 9.9505, 11.8628, 9.76179, 8.72982, 8.19832, 7.21018, 8.02895, 7.46861, 8.30963, 8.98694, 9.00548, 12.4375, 9.50172, 9.3039, 8.47779, 6.37877, 3.41975, 0.908502, 3.83301, 7.71101, 11.4586, 16.6979, 22.309)
(7.54607, 7.41308, 11.1879, 13.8441, 18.2359, 16.2661, 6.36148, 3.1987, 2.47188, 4.58569, 8.88909, 9.73444, 8.10809, 9.30707, 8.89358, 9.42001, 10.5781, 9.14639, 9.78388, 8.87997, 7.48447, 8.66397, 5.35377, 4.65409, 4.78091, 4.02867, 2.33426, 0.776785, 4.66699, 10.7038, 16.0352, 21.3284, 25.3372)
(7.90009, 7.60366, 9.64396, 15.4415, 15.9694, 13.848, 6.38778, 3.69154, 3.38684, 5.59832, 10.529, 8.25495, 8.88675, 9.36774, 8.4171, 9.27165, 9.52351, 9.00218, 9.23448, 8.74962, 8.94221, 10.3498, 5.78845, 5.57016, 5.21662, 4.02956, 2.65016, 0.793518, 4.40013, 9.64407, 16.3579, 22.1026, 23.4468)
(8.74404, 7.27347, 9.49566, 12.4498, 13.9973, 14.9893, 7.99723, 4.43038, 3.75685, 6.07506, 10.7909, 10.9254, 9.39313, 8.59316, 8.45025, 8.42732, 8.58646, 7.89836, 8.67789, 8.88667, 8.63737, 11.524, 8.76198, 6.87806, 6.59488, 4.71438, 2.92074, 0.839737, 4.40511, 9.4248, 14.1257, 18.1799, 23.1547)
(9.24788, 7.88299, 8.18398, 10.2672, 11.7284, 13.9443, 9.58256, 5.1346, 4.97764, 7.0765, 11.9739, 12.5055, 10.2727, 8.90391, 7.48435, 7.56681, 7.38915, 6.60387, 7.55287, 8.81903, 9.33834, 13.5635, 8.88456, 8.94471, 8.32521, 5.70525, 3.40049, 1.03727, 4.20009, 8.8778, 13.1218, 16.1933, 21.3096)
(9.00435, 7.06036, 8.66939, 14.0317, 18.3293, 14.8527, 4.1833, 1.79505, 2.21807, 6.03567, 13.82, 8.15706, 8.41306, 8.96575, 9.379, 10.0759, 9.982, 9.69798, 9.02751, 8.47102, 9.33527, 8.49545, 3.54961, 2.64411, 2.74512, 3.22129, 2.02349, 0.816664, 4.26091, 9.88538, 16.9154, 23.9908, 29.9472)
(10.4774, 7.25172, 7.62146, 9.07967, 11.3931, 13.7504, 9.71802, 5.4325, 5.32884, 7.02398, 12.9229, 12.2637, 10.153, 8.65367, 7.37591, 7.21365, 7.05248, 7.88163, 8.03303, 8.48661, 9.38043, 13.5059, 11.7051, 10.4713, 7.35424, 6.1014, 3.60218, 1.31486, 4.94679, 10.0181, 12.4164, 14.2288, 17.8408)
(8.55804, 7.4829, 6.63222, 8.30835, 12.068, 15.5407, 8.62199, 5.69855, 5.99475, 8.23816, 12.8563, 12.3459, 10.0186, 8.8734, 8.08998, 7.66292, 6.7421, 7.5958, 7.3083, 7.77217, 9.57054, 14.0204, 11.33, 10.6655, 7.61771, 6.4493, 3.47624, 1.39368, 5.91134, 10.3393, 12.0701, 13.8497, 16.897)
(7.71895, 5.44961, 7.78257, 14.2018, 20.1587, 16.1929, 5.65778, 1.41708, 1.80283, 6.36081, 13.257, 8.07289, 8.03316, 7.55364, 9.57192, 10.8006, 11.0588, 10.7836, 8.90925, 8.72618, 8.16809, 8.32198, 2.6203, 2.62796, 3.51668, 3.57546, 2.62127, 0.697103, 4.76218, 10.3772, 17.7671, 25.7136, 25.7212)
(7.42665, 7.36588, 10.6541, 13.0234, 15.6716, 16.4784, 8.59202, 4.07398, 3.06903, 4.71698, 8.92795, 11.032, 9.35476, 8.22614, 8.17169, 8.93269, 9.41772, 7.4562, 8.71179, 9.41858, 8.22542, 11.053, 7.98839, 6.55879, 6.57529, 4.93856, 2.95416, 0.942028, 4.56935, 9.73923, 14.0105, 18.3004, 23.4233)
(4.71795, 7.1648, 14.2277, 22.0181, 23.7786, 11.0181, 5.9373, 2.91143, 2.12159, 2.58848, 3.51594, 7.39874, 6.62263, 7.6025, 10.3571, 11.8869, 12.7985, 12.0934, 9.30064, 9.0024, 7.02701, 5.91014, 6.25335, 4.81041, 5.00278, 2.99286, 1.73517, 0.579902, 2.22142, 7.91756, 17.5066, 22.9474, 28.0325)
(8.22229, 7.95359, 8.61774, 12.2218, 13.4044, 14.3064, 10.0668, 5.11238, 4.16636, 5.86482, 10.0634, 13.0426, 9.74215, 8.36552, 7.80936, 7.24731, 7.35476, 7.58758, 7.72809, 8.49809, 9.3163, 13.3083, 7.53152, 8.14856, 8.20944, 6.1374, 4.04601, 0.909811, 4.52781, 8.50226, 13.2069, 16.1419, 22.6383)
(7.35765, 5.55918, 7.47157, 15.1069, 22.1969, 16.5189, 4.28792, 1.39076, 1.95882, 6.59484, 11.5565, 7.98572, 8.62002, 7.77402, 9.23709, 11.2809, 12.1765, 10.2045, 8.3736, 8.18759, 8.62644, 7.53358, 2.79622, 2.40962, 2.72481, 3.051, 2.2577, 0.556023, 4.53407, 10.8518, 17.2621, 25.9748, 27.5818)
(8.19245, 7.91135, 8.97226, 13.1085, 14.107, 14.3538, 10.0408, 4.78077, 3.66147, 5.43539, 9.43618, 13.0947, 9.51027, 8.39152, 7.78957, 7.53938, 7.75333, 7.54274, 7.71419, 8.43528, 9.13159, 13.0974, 6.8937, 7.56258, 7.59041, 5.97203, 4.01032, 0.93415, 4.32316, 9.58694, 13.4983, 16.0916, 23.5368)
(7.87278, 12.7713, 18.1343, 19.065, 16.5246, 7.12695, 2.31222, 1.88126, 2.3806, 4.59396, 7.33707, 6.28243, 6.00825, 7.99247, 10.3012, 10.1656, 10.1044, 11.3106, 14.0364, 9.52296, 7.8009, 6.47475, 1.76327, 2.66015, 1.85793, 1.71552, 0.6317, 0.326501, 2.54572, 6.81455, 11.7376, 23.0248, 46.9223)
(7.14361, 11.1107, 15.7809, 19.7143, 19.469, 9.02942, 4.59608, 2.03321, 1.5237, 3.11263, 6.48658, 8.13417, 7.44271, 7.26435, 11.0667, 10.5357, 10.7211, 11.0456, 11.5331, 8.51442, 7.767, 5.97508, 2.07687, 3.11579, 3.77432, 2.83873, 1.44093, 0.687146, 2.96938, 7.94244, 12.8957, 23.5685, 38.6902)
(5.90371, 11.6626, 16.515, 19.1566, 20.7169, 10.1909, 3.41332, 1.47856, 1.54623, 3.22419, 6.19197, 6.59067, 7.15123, 8.33955, 11.1538, 10.4088, 10.7343, 10.3595, 11.3347, 8.7485, 8.48932, 6.68967, 1.92386, 1.64668, 2.9354, 2.17396, 0.898398, 0.460599, 4.12335, 8.12519, 13.0065, 23.3253, 41.3807)
(6.35972, 12.5216, 16.8064, 20.3347, 20.7838, 8.91348, 2.05551, 1.12469, 1.82219, 3.39682, 5.88114, 5.47978, 5.92326, 7.65603, 10.7352, 10.8658, 10.1096, 11.8429, 13.1466, 9.433, 9.20596, 5.60178, 1.37078, 1.42695, 1.67573, 1.48746, 0.55256, 0.418386, 3.33666, 7.83741, 12.3824, 23.5277, 45.984)
(7.37431, 9.60921, 14.6788, 18.4934, 14.0748, 9.51119, 5.54837, 4.51509, 3.4731, 4.08803, 8.63373, 8.02259, 10.3293, 9.45424, 9.22496, 9.13361, 9.35, 8.72953, 10.4649, 8.02264, 8.99857, 8.26971, 7.1947, 6.07326, 4.50229, 4.24574, 1.84948, 0.409891, 1.88215, 5.99999, 12.3248, 20.9699, 34.5478)
(5.41382, 7.3773, 13.6844, 19.9502, 21.0065, 11.9829, 5.67405, 2.23478, 3.04208, 3.4649, 6.16905, 9.4544, 8.88055, 8.35571, 9.42778, 10.6968, 10.7812, 9.71187, 9.30683, 8.23454, 6.38075, 8.76948, 4.09659, 3.96918, 4.80533, 4.43957, 2.19898, 0.769054, 3.50138, 7.23077, 13.2805, 22.3136, 33.3951)
(6.78143, 7.21944, 10.7441, 14.5209, 14.6213, 13.0377, 7.80613, 7.39151, 5.18297, 4.88215, 7.81227, 12.3278, 9.78384, 8.81357, 8.32491, 7.56809, 9.14183, 7.0616, 7.55072, 8.04874, 9.41035, 11.9686, 10.1596, 8.91083, 6.95048, 4.79824, 2.52207, 0.583388, 2.61659, 6.64383, 13.3837, 17.4525, 25.9788)
(10.087, 10.4766, 10.4618, 10.7541, 13.4695, 10.884, 6.03376, 4.57445, 5.06728, 6.15104, 12.0405, 11.4098, 9.48151, 8.92562, 7.79279, 7.81905, 7.89397, 8.26115, 8.64481, 9.23261, 9.03621, 11.5024, 8.22321, 7.23439, 5.76285, 5.00182, 2.43585, 0.616139, 3.77664, 8.5323, 13.0343, 18.4504, 26.9321)
(9.57493, 9.43677, 11.1324, 12.46, 12.9458, 11.0785, 6.69556, 5.71908, 4.63766, 6.0907, 10.2286, 11.6834, 9.81555, 9.29803, 8.03412, 7.9524, 7.41843, 7.69162, 8.33718, 8.52045, 9.64784, 11.6009, 7.81564, 7.7604, 6.23993, 5.30231, 2.94283, 0.807093, 2.96074, 7.22618, 11.919, 18.0885, 28.9374)
(8.70725, 8.94971, 10.8951, 12.4631, 17.7117, 12.36, 6.52062, 2.91717, 4.12091, 5.3779, 9.97646, 10.482, 10.1291, 8.97379, 8.30965, 6.70797, 9.07571, 8.85303, 8.79746, 9.13126, 8.46463, 11.0754, 6.43742, 5.3121, 4.42753, 4.38557, 2.76454, 0.590611, 4.71419, 9.85283, 15.1025, 20.3363, 26.0764)
(7.10566, 7.82465, 11.0691, 14.753, 15.5142, 14.2445, 8.41629, 5.33929, 4.46971, 4.39213, 6.87161, 12.1684, 9.39931, 8.47968, 7.4508, 7.52025, 8.18229, 8.82553, 8.39228, 9.17048, 9.62837, 10.7826, 6.10654, 7.1263, 6.31932, 5.18693, 2.81376, 0.650924, 3.5661, 7.54473, 13.3409, 20.7261, 26.6184)
(7.34386, 8.29871, 11.1103, 14.9008, 17.0255, 15.6571, 7.26219, 3.20581, 3.61666, 3.83395, 7.74513, 9.07507, 8.77688, 9.5126, 8.42978, 8.79239, 8.87822, 8.62925, 8.91501, 9.2489, 9.01565, 10.7262, 4.97087, 5.31839, 4.5886, 3.87546, 2.31231, 0.664574, 3.70732, 6.99464, 13.442, 20.9454, 33.1804)
(8.2313, 8.47285, 10.5549, 12.2516, 13.4825, 12.6411, 9.20605, 6.59974, 5.01206, 5.07019, 8.47776, 10.8912, 9.5473, 8.77313, 8.32936, 8.40463, 7.4694, 9.05383, 8.25303, 8.61637, 9.23633, 11.4255, 9.49374, 8.32048, 6.98927, 5.73621, 2.1435, 0.550257, 3.35199, 6.77204, 11.2609, 18.198, 27.1836)
(4.94823, 6.31674, 10.9221, 14.7884, 21.982, 14.5499, 6.95533, 4.39094, 3.25328, 5.46773, 6.42529, 12.4123, 8.2808, 6.62566, 6.85307, 7.65411, 11.095, 9.70971, 10.6809, 9.40158, 10.0153, 7.27147, 4.4327, 4.69973, 4.28686, 3.45484, 1.78399, 0.474766, 3.03279, 8.74425, 15.4881, 24.0765, 29.5254)
(6.9708, 5.57973, 8.23614, 12.6759, 15.1651, 14.803, 8.73491, 9.69695, 6.49705, 5.96216, 5.67828, 13.1325, 8.37918, 7.24794, 8.48826, 7.87947, 9.49931, 8.79148, 8.25207, 9.42076, 8.13575, 10.7733, 9.22834, 10.3738, 8.25833, 6.018, 3.45091, 0.493749, 2.16997, 6.05203, 11.3604, 19.1623, 23.4322)
(7.59844, 6.25645, 9.37307, 13.0443, 16.2195, 14.8096, 7.81989, 6.01818, 5.64454, 5.39538, 7.82065, 11.3297, 10.286, 9.59868, 8.40299, 7.94429, 7.51042, 7.74086, 7.53315, 8.2252, 9.24709, 12.1816, 7.78512, 7.97999, 6.36823, 5.02592, 3.22164, 0.807681, 4.20343, 9.24656, 13.5464, 17.6404, 24.1746)
(8.00963, 7.31864, 11.4352, 13.9606, 13.9321, 14.8504, 8.68824, 5.80065, 4.18964, 4.63604, 7.17875, 12.5082, 9.53013, 8.48767, 7.78151, 7.64538, 8.26042, 8.38065, 8.9218, 8.65553, 8.84152, 10.9872, 6.58118, 7.83288, 6.71739, 5.84725, 3.72904, 0.790496, 3.44608, 7.58298, 12.7972, 18.7816, 25.8939)
(8.74613, 8.63679, 10.815, 13.6489, 14.0751, 13.9113, 7.70308, 4.92145, 4.40704, 5.04527, 8.08986, 11.7463, 9.811, 8.36222, 7.99017, 8.1872, 8.58551, 8.37517, 8.17635, 8.50317, 9.1132, 11.1497, 7.50679, 7.40307, 6.20574, 4.60365, 2.73135, 0.702095, 3.21463, 7.03903, 12.769, 19.2361, 28.5885)
(7.56959, 7.62099, 9.7838, 12.9155, 13.8303, 14.2559, 8.13043, 6.01516, 5.3109, 5.75838, 8.80899, 11.8595, 9.96008, 8.7717, 7.35357, 7.39572, 7.49683, 7.93305, 8.09388, 8.48552, 9.71654, 12.9336, 8.68544, 7.94823, 6.51627, 4.69657, 2.61555, 0.627338, 3.43489, 7.28897, 13.1923, 18.7482, 26.2462)
(8.81302, 8.57697, 10.112, 14.6354, 17.7276, 14.2476, 5.64226, 2.39453, 1.55603, 3.89501, 12.3995, 8.59723, 9.99437, 8.06312, 8.814, 9.16803, 9.93386, 11.0483, 8.45758, 8.54482, 9.37241, 8.00629, 2.02316, 3.03658, 3.44646, 4.35615, 2.24, 1.13265, 4.03008, 9.4631, 15.8089, 25.1297, 29.3332)
(7.84433, 7.47699, 9.39001, 13.0008, 15.0827, 14.9997, 8.08783, 5.22239, 5.47591, 5.41456, 8.00472, 11.739, 9.40267, 8.54, 7.86324, 7.95969, 8.97989, 8.54596, 8.13962, 8.39076, 9.08525, 11.3539, 9.99676, 8.89077, 7.01013, 5.14117, 2.85163, 0.78183, 3.73396, 7.72832, 13.2354, 17.9058, 22.7242)
(9.71275, 8.86653, 9.04208, 11.6946, 17.9753, 13.8945, 6.11893, 4.44176, 3.73907, 5.03431, 9.48023, 8.74115, 9.80508, 8.80513, 8.62133, 7.27678, 8.61189, 9.3064, 7.90796, 10.4686, 8.90094, 11.5547, 9.88915, 8.50771, 5.34596, 3.60082, 2.1895, 0.493946, 3.65856, 7.54866, 13.1389, 18.2481, 27.3787)
(5.79347, 5.88446, 8.64444, 12.3873, 15.9073, 18.6232, 10.4557, 5.11359, 4.88461, 5.7465, 6.55944, 11.3239, 9.54714, 8.69927, 7.45807, 7.47505, 8.44637, 8.01671, 8.4611, 8.1699, 10.012, 12.3905, 8.96578, 7.58252, 7.33374, 5.66058, 2.89426, 0.84186, 3.73678, 7.05517, 13.0915, 18.3281, 24.5098)
(7.46683, 7.22284, 8.72373, 10.4853, 12.3095, 15.4793, 10.1718, 6.51251, 5.54217, 6.5062, 9.57988, 12.0085, 9.75032, 8.48135, 7.31126, 7.2597, 7.39849, 7.47579, 8.19739, 8.30741, 10.0971, 13.7126, 9.4013, 9.09804, 7.75752, 5.8701, 3.10858, 0.666339, 3.9397, 7.32131, 12.1659, 17.2149, 23.4563)
(8.032, 7.61536, 8.02091, 9.40874, 11.7364, 16.0803, 10.5098, 6.45803, 5.48721, 6.5589, 10.0923, 12.2293, 9.82449, 8.54523, 7.29558, 7.45088, 7.53475, 7.47747, 8.11235, 8.11392, 9.81559, 13.6004, 9.34442, 9.54373, 8.12213, 6.22501, 3.38452, 0.731377, 4.18819, 7.53778, 11.9311, 16.6896, 22.3022)
(8.11843, 6.31079, 8.28439, 12.4011, 15.1548, 15.085, 8.98986, 7.5913, 5.82904, 5.11935, 7.11599, 10.4846, 9.40059, 8.87967, 8.02954, 7.7119, 8.06345, 8.76406, 7.77635, 8.15341, 9.90516, 12.8313, 12.7819, 10.7661, 8.39287, 5.24592, 2.96904, 0.685453, 3.54132, 7.45852, 11.9497, 15.8566, 20.3525)
(8.02273, 7.65396, 8.5377, 11.6631, 15.9783, 16.998, 8.20569, 4.27428, 3.13511, 5.43675, 10.0944, 10.0195, 9.95006, 8.61894, 9.0651, 8.49879, 8.46552, 7.90464, 8.25233, 8.28499, 9.37196, 11.5682, 5.73677, 5.64393, 5.34956, 5.09788, 2.63143, 0.978983, 4.00812, 9.17633, 15.4093, 19.9825, 25.9852)
(8.36383, 7.8767, 9.34325, 12.9774, 19.5298, 15.172, 6.02727, 3.79715, 4.70117, 5.36358, 6.84791, 8.55936, 9.04876, 8.24043, 9.57839, 8.17552, 10.8886, 9.51762, 9.01832, 8.39492, 9.305, 9.2731, 9.90827, 7.52126, 6.2259, 4.57754, 2.4477, 0.738747, 3.14756, 7.16787, 13.3143, 19.5094, 25.4414)
(8.62191, 8.70552, 10.2547, 11.8439, 15.5369, 13.6457, 7.41166, 5.44223, 4.99827, 5.5174, 8.02186, 11.6929, 10.0166, 8.31291, 7.98724, 7.39856, 8.16241, 7.03975, 8.187, 8.58495, 10.9222, 11.6954, 9.62729, 7.86511, 5.94957, 4.2996, 1.96637, 0.766245, 3.94368, 7.9062, 14.3547, 19.7648, 23.5564)
(8.64571, 7.95726, 8.4392, 10.1742, 13.2537, 15.8607, 9.44083, 5.42648, 4.17431, 6.16237, 10.4652, 11.278, 10.3118, 9.03213, 8.05944, 7.4362, 7.47246, 7.31368, 7.96975, 8.01424, 10.4479, 12.6645, 8.59047, 7.99085, 7.19601, 5.55819, 3.02748, 0.948511, 4.24443, 8.05388, 12.977, 17.7447, 23.6686)
(7.49892, 7.90105, 10.0124, 12.0973, 15.7819, 16.8511, 9.41103, 3.97213, 3.08384, 4.79294, 8.59733, 9.5396, 10.6419, 8.85342, 8.97239, 8.07726, 8.71886, 7.34749, 8.13803, 8.69667, 9.89571, 11.1186, 5.11836, 5.46956, 5.38362, 5.71933, 3.28361, 1.14153, 4.43482, 9.91019, 14.7755, 19.5075, 25.256)
(8.09436, 7.24532, 8.7359, 12.3967, 16.0132, 14.9555, 8.30399, 4.70589, 4.86226, 6.16973, 8.51706, 10.3344, 9.89364, 7.83822, 7.77688, 8.35107, 8.46248, 8.79091, 8.68843, 9.25869, 9.9613, 10.644, 8.10396, 7.36305, 6.71556, 5.07263, 2.57544, 0.763888, 3.34647, 8.72392, 13.0115, 19.1729, 25.1507)
(8.31139, 10.1791, 13.6144, 15.6587, 16.1513, 11.301, 5.73123, 3.93703, 3.62611, 3.61754, 7.87223, 8.20201, 8.28832, 8.89207, 9.61898, 9.21686, 10.296, 10.5507, 9.71199, 8.87529, 9.31485, 7.033, 4.67066, 5.35881, 4.4757, 3.42498, 1.73807, 0.462125, 3.02532, 6.82767, 13.5936, 21.9674, 34.4556)
(7.61009, 7.56643, 9.92924, 15.3975, 15.9202, 13.0589, 6.7544, 5.34375, 4.79552, 5.47996, 8.14397, 10.9575, 9.23682, 7.87942, 8.13387, 8.6827, 10.355, 8.9791, 9.45092, 9.85903, 8.16979, 8.29581, 9.20439, 7.62376, 5.55228, 3.9258, 2.19837, 0.553259, 3.48344, 7.82884, 14.8879, 19.8264, 24.9156)
(7.28442, 10.0507, 12.3305, 13.6895, 16.849, 12.5901, 8.02543, 4.76136, 3.40784, 4.00613, 7.00497, 10.2368, 9.57978, 8.37368, 8.44402, 8.14669, 9.12651, 8.42157, 8.85954, 8.70739, 9.39478, 10.7092, 4.77055, 6.14845, 6.53023, 5.0999, 2.81204, 0.629686, 4.24727, 9.42149, 13.5926, 20.0507, 26.697)
(7.90519, 7.2591, 7.38405, 7.97287, 11.6922, 17.8797, 12.2322, 8.0873, 4.98566, 4.97067, 9.63114, 10.3599, 9.64865, 10.0255, 8.39581, 8.04502, 7.9465, 7.74087, 9.32929, 8.31686, 9.04675, 11.1448, 12.2925, 11.2299, 9.37617, 7.19041, 3.63676, 0.847261, 4.68318, 7.44569, 10.5122, 14.5988, 18.1872)
(9.45242, 9.1263, 9.09589, 10.8419, 14.717, 15.384, 7.43612, 4.93656, 4.33595, 5.55461, 9.11917, 10.2836, 10.4197, 9.69064, 9.30983, 7.85564, 7.62892, 7.33489, 8.50348, 8.4396, 10.0294, 10.5042, 9.56573, 7.95385, 6.4378, 4.94627, 2.82871, 0.824889, 3.78551, 8.22621, 13.9363, 18.7117, 22.783)
(8.06161, 6.44177, 7.38811, 11.3672, 13.8367, 16.1538, 8.77778, 7.51622, 6.57314, 5.78264, 8.10111, 10.8175, 9.31151, 8.94066, 8.24291, 7.79329, 7.82157, 7.79233, 7.99191, 8.93657, 10.0287, 12.323, 13.7829, 11.8009, 8.81606, 5.64058, 3.34565, 0.667474, 4.24179, 7.62924, 10.8786, 14.7995, 18.3973)
(7.46399, 6.11135, 7.01003, 10.9364, 13.2608, 16.9012, 9.8245, 8.9155, 6.36563, 4.98502, 8.22551, 11.6973, 10.1121, 9.50318, 8.56404, 7.85774, 8.29758, 7.91446, 7.93917, 8.58767, 8.81159, 10.7152, 14.4306, 12.7625, 9.66224, 6.15939, 3.12539, 0.695971, 4.37605, 7.47701, 10.5205, 13.8744, 16.9159)
(6.90434, 7.17029, 8.74795, 13.0815, 17.7186, 17.2928, 10.3424, 4.62888, 3.63217, 4.24695, 6.23414, 10.358, 8.84094, 8.3201, 8.04115, 8.98278, 10.349, 8.44486, 8.30643, 8.97054, 8.49004, 10.8961, 5.25414, 6.75337, 7.11132, 6.4745, 4.00995, 0.905107, 3.60447, 10.4023, 14.2255, 18.6319, 22.6274)
(8.58082, 7.4388, 8.34978, 9.9483, 13.0759, 15.894, 9.21809, 6.57744, 5.38638, 6.27178, 9.25869, 11.8121, 9.29338, 8.67046, 8.1807, 7.56258, 7.7675, 7.84463, 7.70241, 8.57612, 10.2605, 12.3296, 7.06364, 8.24455, 7.03693, 5.8867, 3.6459, 0.962391, 4.35606, 8.78733, 12.5954, 17.5602, 23.8608)
(9.08813, 10.3346, 12.6376, 13.343, 14.5858, 11.5869, 6.15015, 4.58688, 4.36544, 4.95644, 8.36506, 10.616, 10.1324, 8.86782, 8.44403, 8.3122, 8.12901, 7.93103, 8.39872, 8.65791, 9.87626, 10.6347, 6.59368, 6.69641, 5.62873, 4.01561, 2.51202, 0.671189, 3.90969, 8.69022, 13.3701, 19.8154, 28.0969)
(8.72453, 6.92758, 7.80967, 8.83058, 10.9295, 15.3849, 11.1308, 7.63855, 5.54883, 6.45624, 10.6188, 11.171, 9.45221, 9.60231, 8.32327, 7.76163, 7.91338, 7.57629, 7.76972, 8.65007, 9.44959, 12.3305, 12.1253, 10.6492, 9.50865, 6.8351, 3.6409, 0.743173, 4.1537, 6.96789, 10.9256, 14.8679, 19.5827)
(8.43222, 9.15073, 10.0682, 14.0183, 13.9852, 13.1353, 6.82695, 6.08759, 4.54082, 4.87662, 8.878, 11.0473, 9.40093, 9.03302, 8.46432, 7.51376, 8.56347, 8.3641, 7.75452, 8.87997, 9.5486, 11.43, 7.18825, 8.42881, 7.49472, 4.61352, 2.70355, 0.801952, 3.62129, 7.3858, 13.313, 18.6526, 25.7966)
(5.19521, 5.64545, 7.8113, 10.3118, 15.2677, 18.9793, 10.7978, 8.1191, 6.31385, 5.18143, 6.37709, 11.0617, 9.07218, 8.31889, 8.52926, 8.16549, 8.07753, 8.35548, 7.04981, 7.71581, 9.82458, 13.8293, 7.57496, 8.63281, 7.92541, 6.1857, 3.11845, 0.786243, 4.33887, 8.55786, 13.0135, 17.474, 22.3922)
(8.68726, 7.97127, 9.31262, 11.9841, 14.6144, 14.3621, 8.6739, 5.73451, 4.77113, 5.51822, 8.37043, 11.86, 9.53428, 8.31347, 8.03037, 7.82695, 8.49747, 7.81901, 7.94025, 9.18176, 9.0633, 11.9331, 8.38376, 8.40134, 7.4185, 5.58634, 3.13744, 0.80491, 3.52356, 8.06179, 12.7173, 17.8102, 24.1548)
(8.6189, 10.5252, 12.6227, 14.0375, 14.4387, 12.5939, 6.01393, 3.57639, 3.67951, 4.85335, 9.03989, 10.7184, 10.5116, 9.41046, 9.30037, 8.91952, 8.17628, 7.87483, 7.51191, 8.43976, 9.35829, 9.77861, 5.3135, 5.07805, 4.40434, 4.12474, 2.56688, 0.666647, 4.18998, 9.45081, 13.8605, 20.6978, 29.6468)
(9.02203, 6.9503, 6.96739, 8.32738, 11.003, 15.3259, 10.5684, 6.80447, 5.37422, 7.79613, 11.8608, 12.4285, 9.82655, 8.79292, 7.99498, 7.54237, 7.91708, 7.62073, 7.70358, 8.2097, 9.8091, 12.1545, 9.94115, 9.10231, 8.10344, 6.21614, 3.49101, 0.863932, 4.35868, 8.10038, 12.6874, 16.3257, 20.8099)
(10.2302, 6.90842, 6.56346, 8.82111, 13.0331, 19.2506, 10.6762, 5.6858, 5.03454, 4.53136, 9.26522, 8.39605, 9.53912, 10.0633, 8.50196, 8.46149, 8.54829, 9.50305, 9.49477, 8.73932, 9.26632, 9.48629, 16.4414, 12.2387, 8.40701, 5.50335, 3.13341, 0.91658, 3.84618, 6.85094, 11.2113, 14.2764, 17.1747)
(8.36668, 8.34489, 11.0776, 13.1427, 13.8661, 13.9688, 7.35214, 5.6094, 4.4888, 5.14773, 8.63522, 10.3787, 8.75994, 8.20944, 8.6286, 8.81039, 9.09101, 8.3939, 8.29534, 9.00997, 8.90799, 11.5148, 8.62581, 8.7082, 6.78166, 4.8541, 2.88049, 0.805785, 4.00258, 7.28487, 12.1901, 18.2489, 25.6174)
(10.5012, 9.52505, 9.38073, 10.9462, 13.0984, 13.0729, 7.82268, 4.66919, 4.04939, 6.07621, 10.8581, 11.0831, 9.84202, 9.31987, 8.23262, 8.32193, 7.39083, 8.05536, 8.10953, 8.43672, 9.94116, 11.2668, 10.93, 8.77263, 7.18815, 5.31299, 3.48482, 0.877156, 3.57194, 8.51349, 12.0546, 16.8214, 22.4729)
(8.15951, 7.99125, 8.86481, 12.0509, 12.8646, 14.9164, 7.74735, 6.19109, 5.00884, 5.7325, 10.4729, 12.1177, 10.4396, 9.08384, 8.11051, 7.32692, 7.91795, 7.96486, 7.58219, 8.59433, 9.34837, 11.5138, 7.99489, 8.6148, 7.34138, 5.11043, 2.86519, 0.843656, 3.75575, 7.58895, 12.149, 18.1162, 25.6197)
(7.14012, 7.47651, 9.35233, 13.6773, 16.5457, 15.8067, 7.85112, 5.96862, 4.166, 4.74492, 7.27067, 11.4808, 9.42986, 8.15291, 8.62725, 8.36723, 9.27087, 8.3045, 8.14658, 8.25399, 9.11685, 10.8492, 6.45822, 6.76974, 6.53437, 5.2752, 2.97486, 0.654536, 4.04827, 8.82867, 14.8286, 19.2325, 24.3951)
(12.1745, 10.0152, 7.74217, 9.96858, 11.717, 13.3633, 7.96032, 6.19643, 5.25963, 5.79229, 9.8106, 11.2017, 9.8211, 9.18831, 9.15567, 7.61528, 7.57062, 7.28164, 7.77342, 8.86721, 10.4214, 11.1036, 12.4284, 11.3784, 8.83166, 7.24097, 3.51037, 1.15613, 3.77548, 7.41907, 10.5158, 14.7895, 18.9542)
(7.71857, 8.23667, 12.3414, 13.7264, 15.1067, 13.6017, 7.60414, 5.42915, 3.89548, 4.49142, 7.84852, 10.2657, 8.15877, 7.90414, 8.08073, 9.64738, 10.8363, 8.98021, 8.71019, 8.53622, 8.23939, 10.641, 7.66385, 8.14605, 6.6817, 4.9488, 2.80241, 0.765315, 3.61366, 7.4019, 12.1806, 19.2148, 26.5809)
(7.17624, 7.91953, 11.72, 15.393, 17.9674, 13.8639, 6.06628, 3.10585, 2.92166, 4.62468, 9.24139, 10.591, 9.12271, 8.13997, 8.53645, 8.09513, 8.01445, 9.41039, 8.45168, 8.03244, 10.1442, 11.4616, 5.38981, 4.90845, 4.67654, 3.9494, 2.15446, 1.2058, 4.4046, 10.0948, 15.5367, 20.7568, 26.9226)
(7.12376, 8.16919, 10.3356, 14.8124, 17.3894, 15.6342, 6.78257, 4.3946, 3.65042, 4.56148, 7.14645, 10.8534, 9.09328, 8.29239, 7.92408, 9.28782, 10.2381, 9.34748, 8.49259, 8.36668, 8.26685, 9.83733, 5.94945, 5.06217, 5.04517, 4.20499, 2.426, 0.838085, 4.1225, 8.96584, 16.1779, 20.4884, 26.7196)
(9.11985, 8.97848, 9.54156, 11.9778, 13.6786, 13.4883, 6.90874, 5.61906, 5.36699, 6.34596, 8.97468, 12.3991, 9.10577, 8.57585, 7.6514, 7.74682, 8.4495, 8.37089, 8.41035, 8.67021, 9.49413, 11.126, 8.38261, 7.47936, 6.1553, 4.68998, 2.37331, 0.856153, 3.5618, 7.59524, 13.0328, 18.6438, 27.2296)
(8.05338, 7.91777, 9.51468, 11.7526, 12.3115, 14.4159, 8.96467, 6.08045, 4.91748, 6.03691, 10.0347, 12.3441, 9.92081, 8.16153, 8.11119, 7.75061, 7.81656, 8.07133, 7.7987, 9.40631, 9.55479, 11.064, 8.7102, 8.09182, 7.14658, 4.76819, 2.68324, 0.708399, 3.57638, 7.25063, 12.0023, 17.5695, 27.4927)
(8.58396, 8.26719, 11.0154, 11.7658, 13.2039, 13.1377, 8.35475, 6.35932, 4.42444, 5.68225, 9.20526, 11.6413, 9.52549, 8.1346, 8.44297, 8.29463, 8.79007, 8.46649, 8.08097, 8.4355, 8.93921, 11.2487, 8.25603, 8.22405, 6.90929, 4.87154, 2.61525, 0.704806, 3.46283, 7.01114, 12.1001, 18.6124, 27.2326)
(9.83851, 8.89386, 10.5528, 12.4395, 14.6037, 12.5763, 8.21677, 4.31694, 3.63764, 5.00216, 9.92177, 10.584, 9.55383, 9.07503, 8.1435, 8.94056, 7.85567, 9.27139, 8.10042, 8.67644, 9.87984, 9.91926, 10.7449, 8.40852, 6.40042, 4.63472, 3.03228, 0.828331, 3.37061, 8.32553, 12.9537, 18.2883, 23.0127)
(6.17062, 6.92874, 9.30781, 15.7472, 18.1695, 15.7885, 9.28011, 5.157, 2.99284, 3.08723, 7.37043, 9.99973, 8.38265, 8.39672, 8.45074, 9.91939, 10.3093, 9.66344, 8.56025, 8.14437, 8.05336, 10.1201, 5.4976, 7.14219, 7.40239, 4.80672, 2.44814, 0.863393, 3.85026, 8.01043, 14.2142, 20.2115, 25.5532)
(5.52602, 6.45487, 9.26464, 15.4119, 18.4397, 15.5557, 8.40338, 6.48758, 5.0129, 4.06298, 5.38035, 13.1121, 8.75242, 7.81158, 8.28542, 8.56618, 9.65812, 8.6201, 8.58276, 7.69067, 7.87934, 11.0413, 6.19594, 6.68093, 6.66121, 5.15569, 3.16742, 0.717004, 4.09288, 8.60727, 14.2075, 18.6304, 25.8837)
(6.49333, 7.19242, 9.49226, 15.6921, 17.7762, 14.281, 6.99932, 5.97466, 4.1004, 5.0331, 6.96518, 11.3952, 8.41231, 7.47646, 7.85432, 9.23953, 10.0749, 9.30655, 8.60887, 9.10467, 8.40522, 10.1219, 9.47056, 6.70985, 6.1935, 4.4042, 2.36467, 0.713907, 3.31177, 8.66271, 15.6748, 19.3441, 23.1499)
(7.56217, 7.068, 8.15787, 10.4932, 13.6403, 16.9862, 10.1545, 6.53399, 4.93842, 5.64333, 8.82202, 11.7852, 9.56831, 8.99023, 7.7057, 7.48278, 7.50632, 8.25129, 7.12277, 8.49469, 10.2488, 12.8438, 6.22137, 8.24526, 7.96489, 6.1755, 3.42942, 0.867657, 4.56447, 9.92623, 13.6141, 16.5455, 22.4456)
(10.2361, 8.00616, 9.91721, 11.5151, 13.1221, 11.6097, 6.97877, 6.69748, 5.18902, 6.11657, 10.6118, 11.5985, 9.60277, 7.72433, 7.96864, 7.95722, 8.83387, 8.3967, 7.33823, 8.797, 10.7171, 11.0656, 10.3172, 8.82644, 8.08352, 5.84671, 3.09175, 0.684888, 3.79454, 7.41978, 11.8722, 16.5879, 23.4751)
(8.43394, 6.40531, 6.87483, 8.41187, 11.7771, 17.9094, 10.904, 6.16488, 4.61378, 6.62607, 11.8788, 11.6388, 9.583, 7.76342, 7.79143, 8.18914, 8.45086, 8.0875, 8.07108, 9.06553, 9.40059, 11.9586, 10.5675, 9.80639, 8.88879, 6.59552, 3.45908, 0.98313, 4.21414, 8.46314, 13.2376, 15.5991, 18.1856)
(11.4214, 8.89872, 8.769, 9.94721, 10.4383, 12.2765, 7.88078, 6.36889, 5.98116, 7.1681, 10.85, 12.2262, 10.1552, 8.7047, 7.37026, 7.50983, 7.90609, 6.92213, 7.47379, 8.71953, 10.2639, 12.7484, 13.5022, 10.8754, 8.31768, 6.07538, 3.14826, 0.879639, 3.93281, 7.74448, 10.6763, 15.8674, 18.9804)
(13.4521, 9.85232, 8.50513, 10.4928, 14.0288, 14.2533, 6.38566, 3.98191, 3.71196, 4.85101, 10.4849, 9.91236, 9.14607, 8.45179, 8.73378, 9.16011, 8.9602, 8.79217, 9.23814, 9.09088, 9.4451, 9.06939, 12.7249, 9.2225, 6.23698, 4.20263, 2.38242, 0.888966, 3.9813, 8.67956, 12.9057, 17.2652, 21.5099)
(9.11018, 7.08667, 9.59345, 12.7204, 14.8442, 13.2245, 6.38047, 3.56263, 3.36484, 6.5052, 13.6075, 9.99561, 8.81968, 9.21123, 9.01059, 8.90709, 8.62897, 8.83233, 9.09073, 8.70223, 9.14264, 9.65891, 6.65329, 5.95368, 4.89757, 4.15658, 2.67836, 0.769248, 3.42218, 8.15873, 13.3552, 21.0785, 28.8766)
(10.163, 7.73516, 9.60755, 12.965, 14.9448, 12.5357, 6.45826, 4.01864, 3.4726, 5.96399, 12.1354, 9.69886, 8.68043, 9.13336, 9.04918, 9.36932, 8.8041, 8.88669, 9.01488, 8.8335, 9.45071, 9.07894, 8.50758, 6.95885, 5.40903, 4.27126, 2.72022, 0.707623, 3.12581, 7.73186, 13.1395, 20.8242, 26.6041)
(10.9744, 8.52106, 8.14289, 9.65746, 13.3637, 16.7384, 7.57246, 4.12712, 4.01442, 5.81282, 11.0753, 10.6924, 8.91741, 9.12532, 8.19925, 8.66765, 8.58333, 8.12088, 8.48616, 8.59436, 9.56318, 11.05, 8.97227, 7.07941, 6.02844, 4.43797, 2.82159, 0.928896, 4.23495, 8.88151, 14.1445, 18.0765, 24.394)
(7.60357, 7.82908, 10.2034, 12.8653, 15.0204, 17.0889, 8.13246, 4.62807, 3.08438, 4.26099, 9.2835, 9.45772, 9.2733, 8.90546, 8.19318, 8.98412, 8.6347, 9.2007, 8.9356, 9.2156, 9.21689, 9.98272, 5.83232, 6.43206, 6.05119, 5.26844, 3.55406, 1.09007, 5.0213, 9.22647, 14.789, 18.4973, 24.2378)
(5.87149, 8.20926, 10.9441, 16.3282, 19.8707, 16.783, 5.38662, 3.57612, 3.00489, 3.54071, 6.48484, 9.01134, 8.6864, 7.93342, 8.01595, 9.08856, 11.7167, 10.5985, 8.66375, 9.39133, 8.37844, 8.51552, 5.26718, 4.06485, 3.99938, 3.22497, 2.24388, 0.835275, 4.49009, 10.1098, 15.9337, 22.0902, 27.7406)
(5.65632, 7.11597, 10.3944, 14.7413, 16.7307, 15.0621, 8.17946, 5.94365, 4.99394, 4.69344, 6.48875, 11.2005, 8.66113, 8.75442, 8.23305, 8.56802, 8.9339, 8.5342, 8.90402, 8.6049, 8.8382, 10.7676, 5.55321, 7.32029, 6.41067, 4.83103, 2.61221, 1.09195, 3.69647, 8.70302, 13.3976, 19.4048, 26.9787)
(10.2094, 8.0965, 7.83656, 8.80794, 9.98651, 12.6384, 8.85703, 6.83434, 6.60287, 7.93709, 12.1934, 12.3889, 9.76098, 8.93713, 7.89974, 7.38969, 7.31063, 7.15166, 7.57131, 8.566, 9.83056, 13.1934, 11.1129, 10.7785, 8.13441, 5.58655, 3.11254, 0.88535, 3.60073, 7.48652, 11.5036, 15.8153, 21.9836)
(11.1216, 8.21269, 9.39672, 11.0159, 11.8172, 12.7253, 7.58793, 6.11798, 4.85606, 6.09951, 11.0491, 11.4954, 9.50493, 8.16909, 8.42008, 8.16962, 8.26273, 7.57072, 8.25948, 8.5418, 10.0073, 11.5989, 10.3492, 9.7233, 7.78534, 6.20971, 3.279, 1.06746, 3.97907, 7.19796, 11.9848, 16.251, 22.173)
(11.321, 8.91546, 8.4543, 11.1322, 11.3154, 11.916, 7.03826, 6.47822, 5.30265, 6.98161, 11.1448, 11.6231, 9.7491, 7.27134, 8.07057, 7.74739, 8.44092, 7.14369, 7.81393, 8.88501, 10.6515, 12.6034, 11.3149, 10.1783, 7.75049, 5.75711, 3.63376, 0.961539, 4.09915, 8.08997, 12.2374, 16.041, 19.9364)
(6.96937, 7.27605, 11.2734, 14.8371, 18.7816, 14.9886, 7.28789, 4.40266, 3.58703, 3.93749, 6.65889, 9.26464, 8.54745, 8.58587, 8.80314, 9.09632, 10.1074, 10.0644, 8.00082, 9.06686, 8.83877, 9.62442, 6.0614, 7.02226, 6.04994, 3.53908, 2.4688, 0.574759, 4.36729, 9.51636, 15.1167, 19.5295, 25.7539)
(8.01643, 8.11741, 10.5679, 12.6885, 14.6856, 13.5315, 7.99761, 5.82458, 4.81822, 5.42016, 8.33208, 11.475, 9.76255, 8.51251, 8.24716, 8.25047, 8.27622, 8.43847, 8.10999, 8.61472, 9.37739, 10.9356, 7.21381, 7.8729, 7.0077, 4.81359, 2.75089, 0.63327, 3.27682, 7.98549, 13.0739, 19.1289, 26.2427)
(6.02545, 6.68517, 11.1915, 15.6114, 20.0484, 14.8307, 7.50396, 5.47567, 3.42636, 3.37043, 5.83098, 11.0393, 8.59117, 7.37723, 8.15047, 9.37286, 10.6887, 10.5639, 9.27591, 8.17182, 8.10646, 8.66214, 4.91393, 6.52821, 6.5154, 4.43174, 2.64063, 0.56499, 3.44331, 8.85466, 16.0616, 20.6841, 25.3614)
(9.01022, 7.28126, 7.08562, 8.59948, 11.2688, 16.8832, 9.76118, 5.52644, 5.44009, 7.32333, 11.8204, 11.8166, 10.1571, 8.84591, 8.15141, 8.52822, 8.18615, 7.35831, 7.48651, 8.16492, 9.02642, 12.2785, 10.4147, 9.43681, 7.80469, 6.26378, 3.44091, 1.07444, 4.57732, 8.79724, 12.8872, 15.4406, 19.8623)
(7.52118, 7.97811, 10.9013, 12.7362, 14.5577, 14.9392, 8.76338, 5.66687, 3.74366, 4.64605, 8.54641, 9.97144, 9.04005, 8.56151, 8.19568, 9.44236, 9.21316, 9.08132, 8.9327, 8.81144, 9.12873, 9.62159, 6.86102, 7.34008, 6.78825, 5.38613, 2.84786, 0.811945, 4.34441, 8.13648, 14.1313, 18.6473, 24.7052)
(6.15012, 7.81269, 13.6028, 17.9018, 20.0562, 12.3725, 5.89697, 4.74569, 2.67752, 3.21163, 5.57208, 8.35201, 6.97517, 6.71236, 8.6247, 10.6504, 13.4634, 11.7837, 10.0056, 8.10651, 7.86786, 7.45823, 4.36844, 5.49871, 5.30278, 3.6909, 2.17342, 0.481546, 3.78806, 7.96033, 15.6622, 23.4515, 27.6222)
(7.749, 6.80492, 9.38619, 10.8109, 16.2993, 19.18, 8.97106, 3.96461, 2.70284, 4.12212, 10.009, 9.63231, 9.70256, 10.4982, 9.23534, 9.47225, 9.68934, 7.59424, 7.96202, 7.3408, 9.03026, 9.84271, 5.21869, 7.28977, 6.1312, 5.70305, 3.10057, 0.94085, 5.12609, 9.77844, 13.4341, 17.4888, 25.7884)
(10.3028, 6.44497, 7.79976, 11.628, 14.9109, 14.5735, 6.55394, 3.35723, 3.00671, 6.86533, 14.5569, 10.0323, 8.58269, 7.68625, 9.54423, 9.76167, 9.86358, 9.37877, 8.94287, 8.36392, 9.20389, 8.63981, 5.96828, 5.20105, 5.16372, 4.88582, 2.52368, 0.710181, 3.65555, 8.62538, 14.565, 21.2022, 27.4991)
(11.3787, 11.5754, 13.2688, 15.227, 17.2338, 13.0574, 3.02012, 1.68564, 1.8648, 3.1503, 8.53803, 7.71691, 7.87634, 10.1209, 9.57299, 9.49077, 9.95821, 10.0743, 9.23568, 9.14266, 8.76332, 8.04793, 4.60439, 3.75368, 2.74017, 2.31818, 1.44818, 0.640247, 3.8573, 9.88506, 16.1158, 22.9353, 31.7017)
(6.89604, 9.34857, 10.018, 14.3878, 16.1436, 14.6318, 6.51332, 3.46111, 3.23231, 5.58991, 9.77759, 10.6003, 9.4859, 8.4835, 9.5695, 8.43067, 9.68314, 8.42556, 9.68095, 6.53623, 8.78983, 10.3144, 4.26094, 3.98804, 4.0592, 4.25729, 2.74583, 0.78233, 4.04185, 9.61779, 14.468, 20.7254, 31.0533)
(9.80458, 8.32367, 9.45279, 11.7157, 12.9093, 14.3559, 8.52575, 5.46753, 4.3806, 5.48962, 9.57453, 10.4993, 9.33868, 8.29281, 9.26677, 8.54415, 8.65094, 7.24939, 8.51597, 8.81654, 10.3232, 10.5023, 10.4097, 8.66181, 6.28961, 6.26583, 3.04073, 1.05059, 4.38409, 7.46716, 12.8516, 17.1961, 22.3827)
(9.62867, 7.7954, 7.46251, 9.40869, 11.6255, 13.3796, 8.67589, 6.13594, 5.68514, 7.98749, 12.2151, 12.3457, 10.446, 9.31501, 7.73569, 7.43173, 7.29626, 6.87476, 7.3601, 8.31577, 9.2724, 13.6066, 10.6849, 9.94638, 8.24239, 5.92973, 3.47742, 1.0178, 4.24007, 8.15886, 11.395, 15.7254, 21.182)
(8.61417, 7.8608, 10.7783, 12.325, 15.0662, 14.5835, 8.11888, 4.70861, 3.81431, 5.08249, 9.04783, 11.0012, 9.10835, 8.81421, 8.55701, 8.62519, 8.59721, 8.41134, 8.58704, 8.79199, 8.38261, 11.1238, 8.87123, 7.94722, 6.8066, 5.05599, 2.91147, 0.964993, 3.85181, 8.68189, 12.883, 18.0304, 23.9953)
(9.17733, 7.87502, 8.51427, 10.1208, 13.6137, 13.5394, 7.88831, 4.72324, 4.64996, 7.12945, 12.7685, 12.1493, 9.72367, 8.84567, 7.99898, 7.07669, 7.23079, 7.54463, 8.05333, 8.24137, 9.69481, 13.4407, 8.16588, 8.24074, 6.56044, 5.36487, 3.10784, 0.968733, 5.20828, 9.51246, 13.157, 16.6918, 23.022)
(8.89102, 10.3693, 12.11, 14.5402, 15.6712, 10.9674, 5.54144, 3.74807, 3.27154, 4.50562, 10.3841, 10.0218, 8.81012, 8.68869, 9.434, 8.39652, 8.35962, 8.83962, 9.979, 9.0698, 8.64008, 9.76078, 4.37228, 5.40178, 4.78358, 3.73378, 2.09852, 0.632267, 4.19162, 8.97863, 12.7465, 19.2531, 33.8079)
