5.000000
32 32 32
125.999998 125.999998 125.999998
45.999996 45.999996 45.999996
10.450620 290.819719 106.266348
14727 7 12 14
0.368589 0.795366 -0.481181 1.657207
18823 7 12 18
0.010180 -0.370152 -0.928916 0.901929
16680 8 9 16
0.928628 0.363394 -0.074798 0.915735
14760 8 13 14
-0.839692 -0.186387 -0.510075 1.330836
12744 8 14 12
0.169360 -0.872970 0.457428 0.880815
20936 8 14 20
0.938309 0.167171 -0.302705 1.431328
16872 8 15 16
0.410725 0.130880 0.902317 1.907436
13673 9 11 13
-0.345071 0.259965 -0.901856 1.592369
12681 9 12 12
-0.886554 -0.436874 0.152197 2.065750
18921 9 15 18
0.971748 -0.209116 -0.109436 6.898000
18153 9 23 17
0.763841 0.618433 0.184627 6.801013
19177 9 23 18
0.489786 0.443905 -0.750372 5.031227
18185 9 24 17
0.920163 -0.378147 0.101511 7.353366
19209 9 24 18
0.598583 -0.311701 -0.737930 5.248822
22954 10 13 22
0.353520 0.349397 -0.867724 0.832148
17866 10 14 17
0.744260 0.377153 0.551210 9.154147
17898 10 15 17
0.233569 -0.738434 0.632583 8.161723
18922 10 15 18
0.011657 -0.971493 -0.236781 9.048490
20970 10 15 20
0.136686 -0.733106 -0.666238 7.319573
19978 10 16 19
-0.201546 -0.978827 -0.035735 4.556570
11850 10 18 11
-0.347641 -0.020364 0.937407 2.086287
12874 10 18 12
0.486490 0.850995 0.197828 2.455245
13930 10 19 13
0.765454 -0.638832 0.077298 2.233024
18154 10 23 17
0.392082 0.919918 -0.004728 10.134097
18186 10 24 17
0.941554 -0.252282 -0.223227 12.915496
19274 10 26 18
0.689099 -0.577077 -0.438320 4.700398
18699 11 8 18
0.867252 0.228659 -0.442255 8.657710
19723 11 8 19
0.470519 0.135958 -0.871853 5.294688
13611 11 9 13
0.861058 0.119795 0.494195 2.942271
18731 11 9 18
0.867922 -0.474399 -0.147166 7.536141
17771 11 11 17
0.967580 0.252201 -0.013553 7.033552
18827 11 12 18
0.806878 0.446048 -0.387285 7.440116
16811 11 13 16
0.651117 0.234979 0.721687 7.055960
17835 11 13 17
0.605617 0.764858 0.219592 9.398396
19883 11 13 19
0.496613 0.832730 -0.244820 8.664289
17867 11 14 17
0.622478 0.279438 0.731051 11.508588
19915 11 14 19
-0.173117 -0.638099 -0.750240 9.889903
20939 11 14 20
-0.304591 -0.178628 -0.935584 8.092928
9707 11 15 9
0.848281 -0.501167 0.171031 3.252995
9771 11 17 9
0.355402 -0.913598 0.197556 0.959795
14923 11 18 14
0.807393 0.494654 -0.321610 5.450365
15947 11 18 15
0.390765 0.347048 -0.852561 3.160572
19147 11 22 18
0.668640 0.737318 -0.096341 6.096636
18155 11 23 17
0.331832 0.943226 0.014553 12.752227
21227 11 23 20
0.667496 0.739715 0.085272 8.261526
22251 11 23 21
0.519083 0.837819 -0.169148 8.130171
23275 11 23 22
0.480507 0.723026 -0.496332 6.220860
17163 11 24 16
0.704485 0.455688 0.544104 16.646355
18187 11 24 17
0.876824 0.090869 -0.472147 17.476999
21259 11 24 20
0.979066 0.002767 0.203525 11.186809
22283 11 24 21
0.926083 -0.109354 -0.361126 10.816000
23307 11 24 22
0.674156 -0.294868 -0.677176 7.404683
15147 11 25 14
0.864933 0.072069 0.496686 13.079168
17195 11 25 16
0.809115 -0.586268 -0.040291 15.265401
16203 11 26 15
0.750366 -0.653068 -0.102241 11.967356
19275 11 26 18
0.562715 -0.727810 -0.391974 7.778720
19692 12 7 19
-0.085870 0.736257 -0.671232 4.162595
16652 12 8 16
0.379966 0.479296 0.791139 9.494390
17676 12 8 17
0.522405 0.843091 0.127631 12.054025
15660 12 9 15
0.831803 0.441753 0.336093 9.590878
18732 12 9 18
0.479597 -0.434356 -0.762444 10.252001
19756 12 9 19
0.155452 0.199113 -0.967568 6.973919
15692 12 10 15
0.601546 -0.535231 0.593018 9.046924
16716 12 10 16
0.941796 -0.323831 -0.090302 10.328824
19788 12 10 19
0.582455 0.246046 -0.774731 7.961944
16748 12 11 16
0.782604 -0.199152 0.589805 9.483890
17772 12 11 17
0.518698 0.068931 -0.852174 9.415795
19820 12 11 19
0.978364 0.059755 -0.198072 8.462320
20876 12 12 20
0.846110 0.466460 -0.257901 9.305369
10668 12 13 10
0.378979 0.912060 0.156596 4.893231
16812 12 13 16
0.360536 0.112344 0.925955 9.221099
10700 12 14 10
0.941715 -0.026483 0.335366 6.564864
18892 12 14 18
0.115659 0.803748 -0.583620 11.448153
9708 12 15 9
-0.154961 -0.835815 0.526688 3.966809
15852 12 15 15
0.719694 -0.544319 0.430995 7.502601
16876 12 15 16
0.415199 -0.855268 0.310042 9.355958
17900 12 15 17
0.063027 -0.996121 -0.061412 10.004160
13900 12 18 13
0.871865 0.283231 0.399540 8.936335
13932 12 19 13
0.345256 -0.865882 0.362003 7.166553
14956 12 19 14
0.009768 -0.805454 -0.592577 6.793871
19148 12 22 18
0.497919 0.865643 0.052326 10.108740
17132 12 23 16
0.088451 0.846801 0.524504 12.512088
19180 12 23 18
0.491204 0.870212 -0.038066 15.456911
20204 12 23 19
0.671708 0.664955 -0.326562 14.190911
23276 12 23 22
-0.221422 0.829177 -0.513262 6.670852
15116 12 24 14
-0.293553 0.867000 0.402664 10.529243
17164 12 24 16
-0.411841 0.695826 0.588399 17.807808
18188 12 24 17
-0.616898 0.759209 -0.207455 18.873228
19212 12 24 18
0.521458 -0.172757 -0.835606 17.607227
20236 12 24 19
0.995171 -0.056492 -0.080270 16.264122
21260 12 24 20
0.816899 0.557338 -0.148493 16.341867
22284 12 24 21
0.144978 0.441592 -0.885425 14.184299
23308 12 24 22
0.043884 0.004205 -0.999028 9.459794
15148 12 25 14
-0.306463 0.458754 0.834041 15.521581
16172 12 25 15
-0.405530 0.517671 0.753367 17.961447
19244 12 25 18
0.469090 -0.712004 -0.522499 15.436209
21292 12 25 20
0.890102 -0.455339 -0.019633 15.837616
22316 12 25 21
0.550032 -0.453963 -0.700987 13.262071
14156 12 26 13
0.413966 -0.388616 0.823171 10.589601
16204 12 26 15
0.519084 -0.840603 0.154723 16.192068
17228 12 26 16
0.550927 -0.775724 -0.307786 15.325925
18252 12 26 17
0.554914 -0.792513 -0.252969 13.468093
21324 12 26 20
0.781174 -0.613304 -0.116726 11.949440
14188 12 27 13
0.411566 -0.798234 0.439814 6.694299
19693 13 7 19
0.154300 0.778234 -0.608723 4.087114
17677 13 8 17
-0.432899 0.901320 -0.014856 11.221692
14637 13 9 14
-0.157703 -0.353639 0.921992 9.040519
15661 13 9 15
-0.296870 0.577752 0.760310 10.798908
17709 13 9 17
0.688208 -0.477039 -0.546630 12.639114
11597 13 10 11
0.031787 0.967227 0.251915 5.769589
15693 13 10 15
-0.072552 -0.603928 0.793730 9.932139
18765 13 10 18
0.827508 -0.237394 -0.508798 11.235425
11629 13 11 11
0.350679 0.014067 0.936390 8.605714
12653 13 11 12
0.666810 0.328286 -0.669024 8.092985
15757 13 12 15
0.396925 -0.076897 0.914624 8.137714
16781 13 12 16
-0.141833 -0.760825 0.633268 10.118445
19885 13 13 19
-0.215144 0.561655 0.798910 10.601222
20909 13 13 20
-0.663235 -0.709178 0.239135 12.089271
21933 13 13 21
0.466921 -0.531922 -0.706430 10.775036
22957 13 13 22
0.382487 -0.343382 -0.857784 6.866661
10701 13 14 10
-0.847031 0.070551 0.526840 6.003344
13773 13 14 13
0.934046 -0.085811 0.346692 8.029495
14797 13 14 14
0.789414 0.211429 0.576302 8.895088
19917 13 14 19
-0.702077 -0.711961 0.014130 11.197663
20941 13 14 20
0.077970 -0.808415 -0.583426 9.896499
11757 13 15 11
-0.449016 -0.576860 0.682362 6.533723
12781 13 15 12
0.430155 -0.287698 0.855685 7.609863
15853 13 15 15
0.371749 -0.868516 0.327846 9.552470
13837 13 16 13
0.761161 0.568847 0.311525 8.720408
14861 13 16 14
0.825343 0.119007 -0.551948 8.189295
11821 13 17 11
0.654129 -0.058768 0.754097 5.276403
13869 13 17 13
0.566166 0.488003 0.664311 9.785667
14893 13 17 14
0.385463 -0.028329 -0.922288 8.493825
21037 13 17 20
0.993839 -0.102024 -0.043300 4.597502
12877 13 18 12
0.028869 -0.210267 0.977218 7.715266
13901 13 18 13
-0.649111 -0.708562 0.276758 10.001845
13933 13 19 13
-0.201383 -0.979455 0.010662 7.514927
14957 13 19 14
-0.390714 -0.630112 -0.671045 5.605436
18125 13 22 17
0.163383 0.876496 0.452836 10.914500
19149 13 22 18
0.104181 0.994550 -0.004035 12.131330
20173 13 22 19
0.069433 0.925219 -0.373028 10.789465
17133 13 23 16
-0.405935 0.510508 0.758023 11.291818
20205 13 23 19
-0.232852 0.953560 -0.191059 16.006044
21229 13 23 20
0.014790 0.760351 -0.649344 13.213830
17165 13 24 16
-0.647079 0.409352 0.643210 14.255317
18189 13 24 17
-0.850478 0.512152 0.119947 16.639462
21261 13 24 20
-0.531412 0.467873 -0.706184 16.649040
23309 13 24 22
0.110383 0.414252 -0.903444 9.493793
14125 13 25 13
-0.572084 0.539215 0.618035 8.299925
16173 13 25 15
-0.582440 0.734109 0.349067 14.860280
18221 13 25 17
-0.844981 -0.160036 -0.510290 17.316883
21293 13 25 20
-0.917372 -0.085245 -0.388796 17.175932
23341 13 25 22
0.268825 -0.209329 -0.940167 9.796060
14157 13 26 13
-0.353118 -0.001388 0.935578 10.630356
16205 13 26 15
0.352109 -0.495904 0.793787 17.928699
18253 13 26 17
0.153561 -0.886870 -0.435753 15.735607
21325 13 26 20
0.415889 -0.883678 -0.214825 15.936641
22349 13 26 21
0.392811 -0.545316 -0.740493 13.199086
23373 13 26 22
0.327904 -0.433387 -0.839437 7.326415
15213 13 27 14
0.326746 -0.890178 0.317521 11.567309
16237 13 27 15
0.412171 -0.910615 0.029917 13.039166
19309 13 27 18
0.985668 -0.139155 0.095360 12.903267
21357 13 27 20
0.746537 -0.556976 -0.363950 12.491691
19341 13 28 18
0.977516 0.013466 0.210432 12.767719
21389 13 28 20
0.775700 -0.299923 -0.555280 9.480585
18349 13 29 17
0.813923 -0.198045 0.546176 9.929021
19373 13 29 18
0.969541 -0.191832 0.152283 12.391311
20397 13 29 19
0.858878 -0.316487 -0.402697 11.411911
19405 13 30 18
0.809111 -0.585393 0.051525 9.621949
22766 14 7 22
-0.530231 -0.350359 -0.772078 0.512044
13582 14 8 13
-0.563450 0.287038 0.774683 6.845299
18702 14 8 18
0.052345 0.878563 -0.474750 10.405090
19726 14 8 19
0.034049 0.330161 -0.943310 7.663875
16686 14 9 16
-0.799057 0.543976 0.256122 11.643209
17710 14 9 17
-0.941068 0.310588 -0.133891 11.489044
19758 14 9 19
-0.346989 0.122355 -0.929854 8.468843
13646 14 10 13
0.665091 0.614136 0.424842 5.533403
16718 14 10 16
-0.594230 -0.491411 0.636715 11.624489
18766 14 10 18
-0.808759 0.237861 -0.537896 11.425893
20814 14 10 20
-0.267717 0.626178 -0.732276 6.705419
11630 14 11 11
-0.747611 0.128072 0.651672 6.641792
12654 14 11 12
-0.685283 0.726293 -0.053716 8.250165
15726 14 11 15
0.061643 -0.653574 0.754349 9.388140
16750 14 11 16
-0.576420 -0.690845 0.436433 10.588925
17774 14 11 17
-0.591773 -0.725775 0.350792 11.440414
18798 14 11 18
-0.244021 -0.692507 -0.678888 11.322173
21870 14 11 21
-0.292390 0.713216 -0.637048 6.984275
12686 14 12 12
-0.568413 -0.600594 0.562311 8.068271
13710 14 12 13
-0.041443 0.533352 -0.844878 8.388727
17806 14 12 17
-0.583052 -0.700441 0.411623 10.123130
21902 14 12 21
-0.710774 0.551134 -0.437095 9.763334
11694 14 13 11
-0.372016 0.020542 0.927999 4.573031
14766 14 13 14
-0.691039 0.698004 -0.187766 8.588405
15790 14 13 15
-0.712144 0.691779 -0.119558 8.266739
17838 14 13 17
-0.491348 0.379368 0.784001 9.722992
18862 14 13 18
0.823213 0.492205 -0.282940 9.924357
21934 14 13 21
-0.721707 -0.354133 -0.594752 10.375084
22958 14 13 22
-0.367640 -0.259556 -0.893013 6.795415
9678 14 14 9
0.101515 0.911286 0.399066 3.883306
12750 14 14 12
-0.251482 0.040779 0.967003 7.079725
15822 14 14 15
-0.490269 0.814520 0.310151 10.097137
16878 14 15 16
-0.149589 -0.929353 -0.337529 10.067781
17902 14 15 17
-0.093026 -0.932497 -0.348992 8.662989
10766 14 16 10
0.391638 0.886568 -0.246203 5.084077
16910 14 16 16
0.128323 -0.890111 -0.437306 6.071481
19982 14 16 19
0.575119 -0.267016 0.773266 7.682851
22030 14 16 21
0.906159 0.081030 -0.415103 8.686012
10798 14 17 10
-0.015842 -0.902881 0.429598 4.792560
11822 14 17 11
-0.956266 -0.268883 0.115139 5.178123
7758 14 18 7
0.556003 0.370454 0.744059 2.312412
21070 14 18 20
0.954330 -0.222426 0.199451 8.351829
13934 14 19 13
-0.470160 -0.852405 -0.228812 5.971777
21102 14 19 20
0.851997 -0.330862 0.405749 7.107609
19150 14 22 18
-0.313598 0.940956 -0.127509 11.490485
21230 14 23 20
-0.155494 0.759036 -0.632207 12.440516
18190 14 24 17
-0.692579 0.641804 0.329276 14.783357
20238 14 24 19
-0.840865 -0.169837 0.513908 14.106113
21262 14 24 20
-0.848998 0.205257 -0.486901 14.367494
23310 14 24 22
0.225027 0.422371 -0.878046 10.765516
18222 14 25 17
-0.808026 0.164616 -0.565681 15.522181
24366 14 25 23
0.085281 -0.230039 -0.969438 4.974057
15182 14 26 14
-0.416140 0.608706 0.675503 13.563146
16206 14 26 15
-0.590082 0.708304 0.387439 16.792486
18254 14 26 17
-0.251027 -0.409024 -0.877317 15.292846
22350 14 26 21
-0.178450 -0.104520 -0.978382 13.828459
15214 14 27 14
0.091909 -0.790526 0.605492 13.141900
16238 14 27 15
0.162955 -0.974012 0.157312 15.424301
19310 14 27 18
-0.016886 0.368348 0.929535 14.851554
20334 14 27 19
0.372742 0.748091 0.549020 16.159595
21358 14 27 20
0.553712 -0.133317 -0.821967 15.742475
22382 14 27 21
0.506349 -0.349778 -0.788204 12.603906
19342 14 28 18
0.320382 0.437232 0.840347 15.737541
21390 14 28 20
0.630351 -0.315388 -0.709358 14.807428
17326 14 29 16
0.487310 -0.428356 0.760947 9.832054
18350 14 29 17
0.622286 -0.278626 0.731524 13.786991
20398 14 29 19
0.443449 -0.701533 -0.557857 15.827205
19406 14 30 18
0.097555 -0.995119 0.014890 12.935079
20430 14 30 19
0.072654 -0.828342 -0.555492 10.300141
19438 14 31 18
-0.095506 -0.990229 -0.101609 6.566368
17647 15 7 17
0.381147 0.649561 0.657874 8.290373
18671 15 7 18
0.464434 0.816005 -0.344147 9.283725
14607 15 8 14
-0.859303 0.454324 0.234921 5.047097
18703 15 8 18
-0.661661 -0.666369 -0.343740 9.053926
14671 15 10 14
0.118758 0.598601 0.792196 8.625459
15695 15 10 15
-0.793985 0.291687 0.533392 10.199095
15727 15 11 15
-0.450929 -0.891328 -0.046872 8.433351
19855 15 12 19
-0.696964 0.620846 -0.358875 9.501734
20911 15 13 20
-0.694767 0.470902 -0.543645 9.700882
9679 15 14 9
-0.143901 0.952063 -0.269940 3.779189
12751 15 14 12
0.242315 0.239325 0.940216 7.217039
18895 15 14 18
-0.913949 -0.238394 0.328429 9.552672
20943 15 14 20
-0.863703 -0.379594 0.331550 9.993544
21967 15 14 21
-0.214990 0.324768 -0.921035 8.797041
13807 15 15 13
0.383127 -0.061571 0.921641 9.524978
14831 15 15 14
-0.142838 0.969409 0.199607 10.437010
17903 15 15 17
-0.661963 -0.744914 -0.083114 7.180933
21999 15 15 21
0.302431 0.699124 -0.647890 10.391281
9743 15 16 9
0.377924 -0.445652 -0.811522 6.871278
21007 15 16 20
0.270503 0.601148 0.751963 12.934632
22031 15 16 21
0.678195 0.488015 -0.549447 12.965353
14895 15 17 14
0.243022 -0.649668 -0.720327 9.639333
21039 15 17 20
0.691598 -0.253276 0.676419 13.418430
24111 15 17 23
0.711236 0.263743 -0.651600 10.079068
14927 15 18 14
-0.001853 -0.903193 -0.429230 6.718931
21071 15 18 20
0.661493 -0.626918 0.411583 11.704260
23119 15 18 22
0.948243 -0.315960 -0.031709 12.717753
8815 15 19 8
-0.613207 -0.459610 -0.642446 2.618086
12911 15 19 12
-0.454176 -0.716740 0.529157 3.776000
14959 15 19 14
-0.133660 -0.890882 -0.434124 2.977864
21103 15 19 20
0.684631 -0.353455 0.637456 9.992376
23151 15 19 22
0.396557 -0.605370 -0.690124 11.009501
9871 15 20 9
-0.250559 -0.903928 -0.346605 1.612763
21135 15 20 20
0.794642 -0.327825 0.510954 9.059749
22159 15 20 21
0.841320 -0.527728 0.116981 10.479959
24271 15 22 23
0.706054 -0.001633 -0.708156 5.509081
17135 15 23 16
0.219504 0.456200 0.862380 9.262638
18159 15 23 17
-0.008801 0.865689 0.500504 13.079751
20207 15 23 19
0.740352 0.520970 0.424817 13.477336
22255 15 23 21
0.707182 0.678637 -0.198357 12.500973
18191 15 24 17
0.185468 0.796702 -0.575210 14.211370
23311 15 24 22
0.010346 -0.016535 -0.999810 11.219839
17199 15 25 16
0.058593 0.640664 0.765583 14.359079
20271 15 25 19
-0.123457 0.805482 0.579618 13.949827
21295 15 25 20
0.637903 0.170927 -0.750909 14.096175
24367 15 25 23
-0.143495 -0.076812 -0.986666 4.635177
17231 15 26 16
-0.570531 0.621673 0.536672 16.319054
20303 15 26 19
-0.992375 -0.001525 0.123246 14.601848
14191 15 27 13
-0.026978 -0.169118 0.985227 7.983390
15215 15 27 14
-0.056445 -0.527306 0.847799 13.245983
16239 15 27 15
-0.252717 -0.794260 0.552525 15.214540
17263 15 27 16
0.159951 -0.437000 0.885125 16.603233
21359 15 27 20
-0.872201 0.483741 0.072520 15.042853
16271 15 28 15
0.251353 -0.774768 0.580134 11.141874
17295 15 28 16
0.464084 -0.470308 0.750624 15.328741
18319 15 28 17
0.945766 0.142474 -0.291938 16.439991
20367 15 28 19
-0.781869 0.618355 0.079487 16.574446
21391 15 28 20
-0.573606 0.087086 -0.814489 15.755635
23439 15 28 22
0.402748 -0.481654 -0.778333 9.534654
19375 15 29 18
-0.530241 -0.826256 0.190118 16.727060
20399 15 29 19
-0.263217 -0.901482 -0.343580 16.321339
21423 15 29 20
0.183925 -0.785204 -0.591291 14.013005
22447 15 29 21
0.183288 -0.726348 -0.662438 10.005630
19407 15 30 18
-0.349465 -0.934987 -0.060612 11.543682
19664 16 6 19
0.199634 0.891651 -0.406331 6.461583
17648 16 7 17
-0.170195 0.581112 0.795828 8.895738
19696 16 7 19
0.033459 -0.503188 -0.863529 7.443438
15696 16 10 15
-0.894886 0.235900 0.378855 8.304079
16720 16 10 16
-0.579308 0.714320 -0.392619 8.724129
11632 16 11 11
-0.342331 0.192036 0.919746 2.600235
13680 16 11 13
-0.988665 0.148174 -0.024195 8.281283
16752 16 11 16
-0.208444 -0.959518 0.189409 7.204717
17776 16 11 17
-0.228440 -0.957548 -0.175833 7.439350
13712 16 12 13
-0.958936 -0.275964 0.065459 7.992823
18832 16 12 18
-0.425683 0.244884 0.871106 7.994283
13744 16 13 13
-0.215833 0.786634 0.578466 7.941530
14768 16 13 14
-0.340821 0.438690 -0.831500 6.814133
14800 16 14 14
-0.430039 0.667473 -0.607903 8.500190
8688 16 15 8
0.132062 0.977036 -0.167213 9.711391
15856 16 15 15
-0.618672 0.541312 -0.569408 8.586966
19952 16 15 19
-0.532435 -0.574853 0.621335 8.303501
7696 16 16 7
-0.044208 -0.497421 0.866382 8.670474
8720 16 16 8
0.292831 -0.936296 -0.193908 10.664702
13840 16 16 13
-0.204631 -0.288528 0.935349 9.373847
14864 16 16 14
-0.961551 0.049553 -0.270119 9.803133
16912 16 16 16
0.070913 -0.087733 -0.993617 6.812636
22032 16 16 21
-0.286677 0.948228 0.136674 13.810527
23056 16 16 22
0.307762 0.869325 -0.386726 13.067639
15920 16 17 15
0.359974 -0.687186 -0.631026 8.487393
21040 16 17 20
-0.280061 0.281279 0.917850 13.972707
22064 16 17 21
0.916778 0.119830 0.380996 15.677689
24112 16 17 23
0.126889 0.153518 -0.979965 13.057484
8784 16 18 8
-0.047053 -0.727208 -0.684803 2.632612
12880 16 18 12
-0.072269 -0.580674 0.810922 4.346243
21072 16 18 20
0.435016 -0.738062 0.515777 13.355618
12912 16 19 12
0.018894 -0.887288 0.460828 3.286308
19056 16 19 18
0.861971 0.139012 0.487525 7.969601
20080 16 19 19
0.837477 -0.136954 0.529033 10.334756
18064 16 20 17
0.889913 0.014737 0.455891 5.891654
21136 16 20 20
0.887041 0.008484 0.461612 12.138960
22160 16 20 21
0.939892 -0.198610 0.277772 12.892876
23184 16 20 22
0.802406 0.043519 -0.595190 12.395018
19120 16 21 18
0.770300 0.377219 0.514145 8.524700
23216 16 21 22
0.923465 -0.248734 -0.292137 11.908936
18128 16 22 17
0.351794 0.877988 0.324619 9.912123
20176 16 22 19
0.356711 0.802467 0.478334 12.900331
22224 16 22 21
0.665802 0.745920 -0.017625 12.914011
23248 16 22 22
0.751806 0.454262 -0.477948 12.323624
20208 16 23 19
-0.174322 -0.164503 0.970850 14.167201
22256 16 23 21
0.872574 0.470596 -0.130974 16.448347
23280 16 23 22
0.529888 -0.002200 -0.848065 13.682731
17168 16 24 16
0.280003 0.338880 0.898197 13.602951
21264 16 24 20
-0.208830 -0.607743 0.766185 14.652033
19248 16 25 18
0.079759 0.266258 -0.960596 13.843926
17232 16 26 16
-0.641256 0.518162 0.565949 14.951684
19280 16 26 18
-0.534965 0.236404 -0.811126 14.201388
21328 16 26 20
0.408558 0.362103 0.837832 14.867347
22352 16 26 21
0.800933 0.597170 0.043514 16.842171
23376 16 26 22
0.222725 0.338962 -0.914056 13.192981
15216 16 27 14
-0.207031 -0.032211 0.977804 12.670999
16240 16 27 15
0.811596 0.121923 0.571355 15.573489
18288 16 27 17
-0.555464 0.745030 -0.369311 16.271170
19312 16 27 18
0.025488 0.275592 -0.960937 14.624222
22384 16 27 21
0.950421 -0.142270 0.276513 18.009880
23408 16 27 22
0.169767 -0.068836 -0.983077 14.671026
18320 16 28 17
-0.367959 -0.125855 -0.921286 17.453981
23440 16 28 22
0.060669 -0.634155 -0.770822 11.380229
17328 16 29 16
0.015656 -0.865896 0.499979 13.066598
18352 16 29 17
-0.453455 -0.890563 -0.035730 14.736739
19376 16 29 18
-0.666918 -0.744900 -0.018532 14.193922
21424 16 29 20
-0.174971 -0.727456 -0.663471 14.029348
17649 17 7 17
-0.719702 0.473450 0.507813 6.704219
18673 17 7 18
-0.998863 -0.002189 -0.047613 7.870126
19697 17 7 19
-0.539702 -0.515617 -0.665479 6.406287
17681 17 8 17
-0.868896 0.022045 0.494504 7.734219
17713 17 9 17
-0.757909 -0.053976 0.650124 7.653486
18737 17 9 18
-0.002085 0.087263 -0.996183 6.138344
23857 17 9 23
-0.888458 -0.437339 -0.139204 0.505909
16721 17 10 16
-0.930949 0.062587 0.359747 6.487679
19825 17 11 19
-0.000734 0.629556 -0.776955 5.501376
12721 17 13 12
0.554110 0.782836 0.283072 7.714087
19889 17 13 19
-0.857364 0.320132 0.403042 8.944592
10705 17 14 10
0.469419 0.631737 0.616890 5.150930
13777 17 14 13
-0.306764 0.349541 -0.885278 8.922666
19921 17 14 19
-0.768648 -0.522454 0.369083 8.594141
21969 17 14 21
0.188706 0.614509 -0.766008 7.587638
8689 17 15 8
-0.475572 0.862390 0.173534 8.739162
13809 17 15 13
-0.676527 -0.202977 -0.707892 8.923343
19953 17 15 19
-0.731673 -0.616618 0.290580 6.626774
23025 17 15 22
-0.341517 0.868724 -0.358727 8.554395
8721 17 16 8
-0.634131 -0.686398 0.355999 9.983257
9745 17 16 9
-0.128069 -0.887214 -0.443226 9.914170
10769 17 16 10
0.880858 -0.254672 -0.399038 8.814747
13841 17 16 13
-0.194035 0.669607 -0.716922 8.990097
16913 17 16 16
-0.319859 0.547446 -0.773300 6.167408
21009 17 16 20
-0.738443 0.393934 0.547282 8.087902
22033 17 16 21
-0.669361 0.579982 0.464303 11.209031
23057 17 16 22
-0.532899 0.840878 -0.094568 12.382056
25105 17 16 24
0.221978 0.469784 -0.854417 7.764906
26129 17 16 25
0.277524 0.092962 -0.956211 4.550517
7761 17 18 7
-0.545971 -0.615953 0.567906 2.270632
21073 17 18 20
-0.258808 0.118761 0.958600 13.846324
22097 17 18 21
0.482399 -0.540114 0.689614 16.007364
23121 17 18 22
0.669761 -0.568554 -0.477668 16.500595
24145 17 18 23
0.323647 -0.077284 -0.943016 13.215957
20081 17 19 19
0.860876 0.243994 0.446497 12.814693
23153 17 19 22
0.309279 -0.892768 -0.327585 14.483656
24177 17 19 23
0.479709 -0.282481 -0.830713 12.121624
11921 17 20 11
0.126978 -0.362196 0.923412 2.147027
18065 17 20 17
0.870777 0.144835 0.469862 11.344936
19089 17 20 18
0.995623 -0.071575 0.060104 12.536452
21137 17 20 20
0.054668 -0.888715 -0.455189 13.303144
23185 17 20 22
-0.848109 -0.422723 -0.319400 13.546494
21169 17 21 20
-0.204907 0.192316 -0.959702 12.797922
24241 17 21 23
-0.105473 -0.303379 -0.947014 9.577886
18129 17 22 17
0.870453 0.456381 0.184467 12.159326
21201 17 22 20
-0.083847 0.845870 0.526757 14.244848
18161 17 23 17
0.424828 0.899647 -0.100776 14.083621
21233 17 23 20
-0.210599 -0.094820 0.972963 15.545131
22257 17 23 21
0.445810 0.876102 0.183572 18.175016
23281 17 23 22
-0.113648 0.048999 -0.992312 14.929793
24305 17 23 23
-0.223147 -0.165745 -0.960590 7.703351
17169 17 24 16
0.317352 0.405093 0.857431 14.964272
19217 17 24 18
0.572458 0.287052 -0.768045 14.712275
21265 17 24 20
-0.053102 -0.494689 0.867446 13.873773
22289 17 24 21
0.387112 -0.875445 0.289379 16.946552
23313 17 24 22
0.045952 -0.305493 -0.951085 13.379480
23345 17 25 22
0.056683 0.055554 -0.996845 12.317307
16209 17 26 15
0.299264 0.622239 0.723367 14.908844
23377 17 26 22
-0.142837 0.142513 -0.979432 13.469392
16241 17 27 15
-0.293286 0.030171 0.955548 16.501036
19313 17 27 18
-0.119647 0.991741 -0.046190 14.461974
20337 17 27 19
0.610910 0.087163 0.786887 14.999379
21361 17 27 20
0.394189 -0.096453 0.913954 17.797218
22385 17 27 21
-0.278968 -0.586014 -0.760766 19.904842
23409 17 27 22
-0.241015 -0.084717 -0.966817 14.010069
16273 17 28 15
-0.313798 -0.571576 0.758176 15.116000
17297 17 28 16
-0.713410 -0.693524 -0.100354 16.927977
18321 17 28 17
-0.771962 -0.385486 -0.505445 15.750827
19345 17 28 18
-0.250344 -0.763616 -0.595162 14.705661
22417 17 28 21
-0.133109 -0.957066 -0.257502 15.917472
23441 17 28 22
-0.175704 -0.573695 -0.800001 10.722992
16305 17 29 15
-0.179819 -0.876680 0.446203 9.822673
17329 17 29 16
-0.342208 -0.937688 0.060293 11.842790
20401 17 29 19
0.270401 -0.940345 0.206479 14.595583
21425 17 29 20
-0.378128 -0.643738 -0.665297 12.687496
19698 18 7 19
-0.888586 -0.286723 -0.358056 3.627697
21746 18 7 21
-0.234931 -0.321080 -0.917450 1.204722
12722 18 13 12
0.485921 0.825659 -0.286649 9.997093
20914 18 13 20
-0.920215 0.383750 -0.077072 6.530890
12754 18 14 12
0.421150 -0.267055 -0.866784 11.205540
21970 18 14 21
-0.864294 0.091471 -0.494600 6.407405
22002 18 15 21
-0.974909 -0.078493 0.208304 6.036495
10770 18 16 10
-0.854375 -0.347007 0.386819 8.007815
11794 18 16 11
-0.539501 -0.457769 0.706672 9.632748
12818 18 16 12
0.493602 0.650293 -0.577474 10.285222
24082 18 16 23
-0.417534 0.835508 -0.357200 9.096551
25106 18 16 24
-0.632074 0.468220 -0.617457 6.585465
11826 18 17 11
-0.349863 -0.842037 0.410573 6.783255
12850 18 17 12
-0.221768 -0.904564 0.364120 8.807589
13874 18 17 13
-0.185693 -0.976387 0.110389 9.621117
14898 18 17 14
-0.533920 0.729071 0.428234 9.675946
15922 18 17 15
0.199766 0.978715 0.047025 9.944172
16946 18 17 16
0.327526 0.524840 -0.785665 8.768991
23090 18 17 22
-0.133784 0.988340 0.072704 15.471622
19026 18 18 18
-0.346112 0.914795 0.208223 8.373452
20050 18 18 19
-0.672286 0.711785 0.203456 9.350236
22098 18 18 21
-0.549555 -0.050225 0.833946 15.515752
24146 18 18 23
0.279306 -0.076965 -0.957113 15.104994
14962 18 19 14
0.743685 0.400542 0.535255 7.554689
19058 18 19 18
-0.431110 0.896218 0.104582 12.369127
20082 18 19 19
-0.753331 0.654691 0.062216 12.486315
21106 18 19 20
-0.916015 0.186024 0.355403 13.055321
22130 18 19 21
-0.508186 -0.855777 0.096913 13.676794
24178 18 19 23
-0.195161 -0.833279 -0.517260 12.873672
25202 18 19 24
-0.010825 -0.262841 -0.964778 8.671427
17042 18 20 16
0.626394 0.555929 0.546419 12.057414
19090 18 20 18
-0.014922 0.845832 -0.533240 14.586384
25234 18 20 24
-0.222428 -0.582456 -0.781838 5.871586
17074 18 21 16
0.710836 -0.100098 0.696199 13.078607
18098 18 21 17
0.962106 0.073922 0.262465 15.677697
19122 18 21 18
0.854971 -0.119313 -0.504766 15.046414
20146 18 21 19
0.552455 -0.486338 -0.676955 13.563709
23218 18 21 22
-0.449272 -0.290653 -0.844793 11.682999
18130 18 22 17
0.974861 -0.117088 0.189568 15.430737
21202 18 22 20
-0.125269 0.574231 0.809053 13.981612
22226 18 22 21
-0.197162 0.946018 -0.257248 14.943364
22258 18 23 21
-0.781117 0.558445 -0.279278 17.809454
17170 18 24 16
0.038799 0.280440 0.959087 16.252947
19218 18 24 18
0.353433 0.540738 -0.763340 16.523342
20242 18 24 19
0.574494 0.419467 -0.702854 13.666442
22290 18 24 21
0.041786 -0.947501 -0.317010 17.713282
23314 18 24 22
-0.204728 -0.118465 -0.971624 12.651658
17202 18 25 16
-0.613406 -0.082761 0.785420 16.596422
18226 18 25 17
0.052967 -0.965652 0.254384 17.935627
19250 18 25 18
0.721737 -0.101832 -0.684635 17.159206
22322 18 25 21
0.359976 -0.078529 -0.929651 17.304514
16210 18 26 15
-0.691212 0.067355 0.719506 13.668708
17234 18 26 16
-0.914569 -0.403227 0.031175 15.759445
19282 18 26 18
0.898710 -0.399706 -0.180430 16.351168
20306 18 26 19
0.932460 0.354982 0.067132 15.710151
21330 18 26 20
0.330068 0.651828 0.682771 17.140587
23378 18 26 22
-0.357524 -0.058022 -0.932100 10.841255
17266 18 27 16
-0.977235 -0.200784 0.068540 14.728726
21362 18 27 20
-0.340815 -0.494727 0.799431 17.956152
22386 18 27 21
-0.702484 -0.193583 -0.684866 17.424284
17298 18 28 16
-0.823905 -0.522221 0.220149 13.117378
19346 18 28 18
0.687796 0.128556 0.714430 14.982061
21394 18 28 20
-0.314094 -0.941293 -0.123743 14.677396
22418 18 28 21
-0.417635 -0.846040 -0.331358 13.523389
23442 18 28 22
-0.302187 -0.500591 -0.811229 8.432759
19378 18 29 18
0.412728 -0.501060 0.760654 14.196609
20402 18 29 19
0.094318 -0.515986 -0.851389 15.076322
20434 18 30 19
0.028777 -0.955625 -0.293176 10.001787
13683 19 11 13
0.581419 0.494561 -0.646035 3.322377
14707 19 11 14
0.176342 -0.095664 -0.979669 1.578293
11699 19 13 11
0.376482 0.661518 0.648580 10.738694
12723 19 13 12
0.210653 0.372300 -0.903891 10.784052
10707 19 14 10
0.051575 -0.016317 0.998536 8.776298
11731 19 14 11
-0.551004 -0.134999 0.823511 11.948605
11763 19 15 11
-0.426904 -0.693920 0.579852 10.234694
12787 19 15 12
0.091036 -0.132404 -0.987006 10.706000
23091 19 17 22
-0.739478 0.639903 0.209038 12.416655
24115 19 17 23
-0.622025 0.614271 -0.485547 11.368023
22099 19 18 21
-0.759022 0.161926 0.630608 11.968733
24147 19 18 23
-0.808607 -0.159069 -0.566438 13.584739
25171 19 18 24
-0.429314 0.052366 -0.901636 7.755916
17011 19 19 16
0.269067 0.961025 0.063511 10.581465
18035 19 19 17
-0.609216 0.760084 -0.226116 10.387957
24179 19 19 23
-0.661511 -0.621642 -0.419481 10.466500
25203 19 19 24
-0.566856 -0.384312 -0.728682 6.478220
9875 19 20 9
0.212605 -0.970949 0.109808 0.567319
14995 19 20 14
-0.192770 -0.150882 0.969574 9.165992
16019 19 20 15
0.142765 0.636196 0.758204 12.397135
19091 19 20 18
-0.733078 0.607689 -0.305468 12.275599
21139 19 20 20
-0.996537 0.080595 -0.020474 10.089497
23187 19 20 22
-0.721264 -0.108563 -0.684099 11.049320
16051 19 21 15
0.114777 -0.459141 0.880917 11.781631
17075 19 21 16
0.142392 0.013865 0.989713 15.711534
20147 19 21 19
-0.658498 0.389407 -0.644005 12.993402
21171 19 21 20
-0.885380 0.327237 -0.330178 10.844343
23219 19 21 22
-0.738376 -0.403088 -0.540668 10.124923
19155 19 22 18
0.167143 -0.356994 -0.919031 16.769213
21203 19 22 20
-0.951002 0.307248 -0.034542 12.269339
22227 19 22 21
-0.921009 0.280844 -0.269943 11.726262
16115 19 23 15
-0.104733 0.057918 0.992812 10.148068
17139 19 23 16
-0.511890 0.121021 0.850484 15.001640
18163 19 23 17
-0.967273 -0.236182 0.092738 16.326876
22259 19 23 21
-0.925506 0.234822 -0.297149 13.453909
16147 19 24 15
-0.410257 -0.322817 0.852923 8.928243
17171 19 24 16
-0.717938 -0.367944 0.590917 14.125377
18195 19 24 17
-0.979526 -0.074508 0.187021 16.255426
19219 19 24 18
-0.800435 0.419388 -0.428273 15.772429
20243 19 24 19
-0.512945 0.766397 -0.386681 13.933471
21267 19 24 20
-0.590582 0.578746 0.562375 14.646001
22291 19 24 21
-0.861839 0.289609 -0.416366 15.242064
23315 19 24 22
-0.517291 0.055458 -0.854011 9.268611
22323 19 25 21
-0.579494 -0.028428 -0.814480 16.237514
16211 19 26 15
-0.898587 -0.087114 0.430062 6.966914
19283 19 26 18
-0.774634 -0.440361 0.453899 17.411785
21331 19 26 20
-0.229218 0.968897 0.093257 17.602831
22355 19 26 21
-0.376201 -0.253217 -0.891266 15.101643
18291 19 27 17
-0.474636 -0.074528 0.877021 14.436057
21363 19 27 20
-0.592353 -0.714154 -0.372964 16.825583
22387 19 27 21
-0.567213 -0.265730 -0.779524 13.645349
18323 19 28 17
-0.132254 -0.391832 0.910482 13.391630
20371 19 28 19
0.159211 -0.203455 -0.966053 16.286751
22419 19 28 21
-0.519952 -0.744558 -0.418668 9.950397
23443 19 28 22
-0.457453 -0.442956 -0.771056 5.762213
19379 19 29 18
0.063374 -0.637514 0.767828 15.905526
20403 19 29 19
-0.202490 -0.476638 -0.855461 14.897154
19411 19 30 18
-0.072570 -0.937649 0.339923 9.947241
20435 19 30 19
-0.223228 -0.845998 -0.484208 9.271682
13652 20 10 13
0.407807 0.761357 -0.504012 3.121814
10612 20 11 10
0.788575 0.591567 0.167922 10.061821
12692 20 12 12
0.754654 0.551595 -0.355303 11.578526
9684 20 14 9
0.124492 -0.208042 0.970165 5.004045
10708 20 14 10
0.056029 -0.583290 0.810329 8.577173
13844 20 16 13
-0.235575 0.008250 -0.971821 9.182045
13876 20 17 13
-0.306831 -0.704701 0.639727 7.891194
14900 20 17 14
0.212287 0.975598 0.056055 9.046626
14932 20 18 14
0.015537 -0.215842 0.976305 9.510151
15956 20 18 15
0.483903 0.871170 -0.083075 11.243062
22100 20 18 21
-0.884662 0.266125 0.382820 6.128356
9844 20 19 9
-0.140232 -0.942988 -0.301842 1.460283
15988 20 19 15
0.521417 -0.142360 0.841343 11.375016
22132 20 19 21
-0.939089 0.032906 0.342095 7.070565
23156 20 19 22
-0.973290 -0.070971 -0.218336 7.406956
23188 20 20 22
-0.944896 -0.141401 -0.295257 6.895419
17076 20 21 16
-0.974155 -0.058217 0.218250 12.551465
18100 20 21 17
-0.947602 0.303865 -0.098568 12.727364
19156 20 22 18
-0.985794 -0.013407 -0.167420 13.515336
20180 20 22 19
-0.799408 0.262484 -0.540416 11.102637
17140 20 23 16
-0.940382 -0.163025 0.298504 10.374378
19188 20 23 18
-0.920935 -0.383049 -0.071777 11.578572
20212 20 23 19
-0.900913 -0.351313 -0.254825 10.785981
18196 20 24 17
-0.976170 -0.170138 0.134705 10.232971
21300 20 25 20
-0.591255 0.800587 -0.097351 15.197901
22324 20 25 21
-0.628855 0.263610 -0.731472 12.225834
20308 20 26 19
-0.641682 0.237732 0.729197 17.303436
21332 20 26 20
-0.614524 -0.303483 -0.728189 16.907091
22356 20 26 21
-0.465975 -0.248439 -0.849203 12.189243
19316 20 27 18
-0.785298 0.117091 0.607945 15.076572
18324 20 28 17
-0.547113 -0.111203 0.829639 11.088221
19348 20 28 18
-0.928972 -0.112720 0.352571 15.352133
20372 20 28 19
-0.766439 -0.280206 -0.577976 14.011535
18356 20 29 17
-0.528560 -0.460725 0.712992 8.937081
19380 20 29 18
-0.788253 -0.568101 0.236470 13.044759
20404 20 29 19
-0.673713 -0.458135 -0.579848 11.118927
9589 21 11 9
-0.138645 0.417791 0.897902 7.765676
10613 21 11 10
0.132582 0.864769 0.484353 12.513391
12661 21 11 12
0.565658 0.663921 -0.489122 12.100903
9621 21 12 9
-0.106326 -0.163054 0.980871 8.602586
10645 21 12 10
0.135732 -0.122225 0.983177 14.173150
12693 21 12 12
0.334733 0.464640 -0.819795 14.582998
10677 21 13 10
0.103619 -0.468747 0.877234 12.579768
12725 21 13 12
0.161960 0.027663 -0.986409 15.418074
13749 21 13 13
0.007420 0.105272 -0.994416 9.789210
11733 21 14 11
0.294495 -0.686144 0.665191 13.512890
12757 21 14 12
0.365512 -0.667954 -0.648258 14.755990
13781 21 14 13
0.183468 0.030610 -0.982549 10.354507
13813 21 15 13
0.164005 -0.305813 -0.937860 9.835182
12821 21 16 12
-0.334321 -0.881018 0.334718 7.499370
14901 21 17 14
-0.441128 0.116289 0.889878 8.639165
18997 21 17 18
-0.019251 0.260950 -0.965160 1.668579
16021 21 20 15
-0.561701 -0.698429 0.443497 8.966916
21237 21 23 20
-0.922157 0.277459 -0.269525 6.909965
22261 21 23 21
-0.444466 0.255214 -0.858671 4.339013
21301 21 25 20
-0.849538 0.483018 -0.212083 10.501222
20309 21 26 19
-0.974418 0.076706 0.211250 13.584167
21333 21 26 20
-0.884357 -0.132684 -0.447558 12.348471
22357 21 26 21
-0.686760 -0.179986 -0.704248 7.268371
20341 21 27 19
-0.835066 -0.527277 -0.156985 11.198552
19349 21 28 18
-0.946839 -0.311502 0.080390 9.378309
11606 22 10 11
-0.220629 0.975187 0.018236 9.679828
10614 22 11 10
-0.468872 0.328830 0.819775 11.319414
11638 22 11 11
-0.513779 0.838837 0.179956 14.390335
12662 22 11 12
-0.441337 0.509889 -0.738400 12.370077
13686 22 11 13
-0.307548 0.260403 -0.915207 6.518950
11670 22 12 11
-0.818899 -0.145704 0.555135 15.258715
10678 22 13 10
-0.635856 -0.274199 0.721459 9.957123
11734 22 14 11
-0.710250 -0.524358 0.469674 11.789721
9718 22 15 9
-0.530452 -0.516653 0.672079 2.128446
11766 22 15 11
-0.547839 -0.694524 0.466378 7.579970
12790 22 15 12
-0.751352 -0.657832 0.052218 9.340131
14838 22 15 14
-0.110536 0.428346 -0.896829 7.799099
15894 22 16 15
-0.435495 0.733200 -0.522266 7.590044
15926 22 17 15
-0.915514 0.140343 0.377011 9.506096
16950 22 17 16
-0.548783 0.640475 -0.537242 8.646454
16982 22 18 16
-0.931240 0.251986 -0.263240 11.172458
18006 22 18 17
-0.362808 0.206098 -0.908787 6.824092
17014 22 19 16
-0.841109 -0.521394 -0.143818 10.569921
18038 22 19 17
-0.377185 -0.292172 -0.878844 6.574108
11926 22 20 11
0.289169 -0.714249 0.637361 1.091122
17046 22 20 16
-0.553223 -0.810713 -0.191544 6.381177
21270 22 24 20
-0.998980 0.015560 0.042395 3.521221
19350 22 28 18
-0.931433 -0.358142 -0.064548 4.115190
11639 23 11 11
-0.934713 0.351418 0.053077 9.492973
14711 23 11 14
-0.279045 0.206287 -0.937859 1.333094
11671 23 12 11
-0.932803 -0.074019 0.352704 10.535018
12695 23 12 12
-0.859236 0.253853 -0.444154 10.483685
12727 23 13 12
-0.924594 -0.321657 -0.204113 10.325697
12759 23 14 12
-0.847449 -0.529850 -0.032995 7.565928
17015 23 19 16
-0.961239 -0.270539 -0.053175 5.172091
13720 24 12 13
-0.711841 0.308036 -0.631186 3.435028
11736 24 14 11
-0.934629 -0.280549 0.218543 3.162356
16920 24 16 16
-0.723573 0.504575 -0.471005 0.723230
11864 24 18 11
-0.606106 -0.047562 0.793960 0.825357
16984 24 18 16
-0.985059 0.119003 -0.124484 1.590099
13785 25 14 13
-0.884798 -0.198542 -0.421561 1.132088
11801 25 16 11
-0.612707 -0.064960 0.787636 1.528419
12825 25 16 12
-0.291346 0.125238 -0.948385 1.584496
