(22.3137, 0.355938, 32.6474, 0.182654, 0.248006, 11.06, 21.717, 10.8972, 0.0787491, 0.103981, 0.39531, 21.8683, 10.9145, 11.1676, 11.1924, 0.255156, 10.8954, 10.9635, 0.276207, 11.0779, 11.144, 0.244882, 22.5709, 22.1061, 0.115038, 0.0536282, 0.0114802, 0.0814224, 10.8978, 0.206478, 0.0732202, 11.1297, 32.7543)
(0.086226, 16.5647, 5.60013, 0.142492, 11.1359, 16.6481, 0.0637491, 22.0716, 5.53997, 16.5697, 5.57742, 11.1313, 5.58874, 11.0957, 27.5909, 5.59255, 0.0627443, 0.0900986, 5.57044, 5.56936, 11.0824, 16.6258, 11.0808, 16.5936, 11.0391, 5.53117, 0.0175337, 0.00711139, 5.55211, 5.55538, 11.1042, 27.7417, 5.77733)
(2.60708, 1.82314, 7.30164, 11.1676, 24.8572, 24.6251, 14.7932, 0.845488, 0.684928, 5.3195, 5.97507, 6.61509, 10.7324, 6.32297, 11.2789, 6.00399, 5.71819, 10.3558, 24.286, 1.5489, 1.84455, 15.2932, 1.9232, 10.6809, 1.05932, 0.57448, 0.277794, 0.171075, 0.805078, 5.67161, 10.8827, 35.3747, 32.5792)
(30.0613, 12.3043, 13.0002, 5.46974, 8.36879, 7.46439, 5.12656, 2.9426, 0.855263, 1.57988, 12.827, 9.9669, 3.26109, 13.7647, 14.2734, 10.9858, 5.63879, 6.2859, 8.33785, 7.92204, 13.829, 5.7345, 41.0173, 17.0804, 1.25481, 0.913486, 0.282739, 3.58267, 2.98333, 7.7817, 1.1269, 11.2945, 12.6822)
(14.3509, 10.8496, 3.24026, 8.89216, 2.27497, 9.51745, 15.7262, 8.22896, 1.80414, 8.22665, 16.8887, 24.3776, 8.74187, 4.1932, 17.2084, 1.97679, 1.10856, 1.40945, 2.92558, 18.5819, 10.5523, 8.92442, 23.5682, 19.7567, 2.10347, 7.5603, 0.0445216, 0.445516, 8.0597, 1.63499, 0.540689, 9.69841, 26.5875)
(1.36666, 1.18632, 20.9482, 27.1817, 22.1199, 12.1111, 0.820973, 6.07139, 5.78454, 1.1537, 1.25546, 7.05986, 6.67437, 16.0601, 1.17504, 30.9301, 6.04119, 11.4423, 5.97715, 6.27261, 1.41269, 6.95464, 5.64744, 1.1903, 0.825334, 0.621708, 0.326537, 0.102118, 0.740267, 0.935258, 7.02886, 33.3603, 49.2219)
(8.43807, 4.54658, 8.33236, 9.06524, 5.17101, 23.6711, 8.13933, 11.7192, 0.534656, 11.9181, 8.46439, 20.1931, 1.09011, 15.695, 8.29097, 4.56001, 4.4546, 8.37248, 0.647769, 8.38898, 12.0981, 16.2089, 8.54353, 19.4163, 4.07652, 7.84076, 0.331162, 0.115975, 4.38243, 4.39585, 12.2266, 13.609, 25.0619)
(26.6362, 5.08226, 13.4467, 4.87806, 0.842442, 9.13442, 0.526867, 4.43451, 12.9724, 0.335237, 21.7109, 5.03169, 4.84552, 13.5341, 13.3104, 4.66872, 0.323558, 13.0233, 9.23346, 13.5602, 9.23207, 13.2369, 26.7817, 30.4479, 13.1578, 0.18984, 0.101795, 4.2729, 8.68507, 4.70616, 0.426214, 1.07322, 10.1573)
(29.9337, 22.9478, 6.86605, 6.40751, 11.7619, 1.29034, 0.804817, 0.553089, 6.3755, 5.89771, 7.16161, 6.81009, 6.33918, 17.8919, 6.88099, 6.15059, 0.427407, 0.942757, 17.5492, 23.4682, 12.2579, 1.28181, 41.165, 18.8543, 11.9795, 0.267956, 0.111715, 0.258307, 0.719893, 6.17846, 0.394471, 6.69265, 13.3778)
(11.1501, 8.94496, 5.67938, 12.0625, 12.1466, 12.6702, 9.63764, 4.62055, 3.8867, 7.08846, 12.1129, 15.6581, 9.49639, 7.56308, 6.87197, 5.28804, 7.02071, 7.65712, 7.21666, 7.84784, 10.1803, 15.1997, 4.82975, 7.24984, 5.846, 5.04402, 4.32791, 1.27222, 7.00713, 9.2817, 12.4171, 18.8208, 23.9035)
(5.06632, 5.78959, 12.9443, 17.1472, 23.9504, 16.5272, 5.88799, 2.67012, 1.16732, 2.56499, 6.28452, 8.66833, 8.31584, 9.83416, 5.81019, 9.99736, 9.61955, 9.87741, 8.84202, 6.9487, 8.71059, 13.3759, 2.66868, 1.7856, 2.65973, 2.41939, 1.71495, 0.37477, 3.04353, 8.65938, 17.8553, 25.9007, 32.918)
(4.80705, 16.2149, 1.17168, 21.0673, 32.4293, 12.9868, 4.57944, 4.60525, 0.644417, 0.61347, 0.880398, 5.18413, 20.3427, 4.85705, 0.734221, 4.96297, 8.55816, 20.2577, 4.71484, 8.63527, 16.4353, 5.31769, 0.546087, 4.62371, 4.51646, 4.31602, 0.192554, 0.107158, 0.436275, 8.36213, 12.9369, 14.1432, 49.8195)
(9.04649, 5.76576, 9.24751, 13.9914, 13.4789, 13.2087, 6.20031, 6.28367, 7.0925, 6.48614, 9.19858, 13.8309, 9.32386, 9.44266, 6.06771, 7.9434, 6.32932, 9.16681, 6.53557, 7.46151, 9.52701, 14.3713, 3.16506, 7.85255, 6.77749, 3.48758, 2.10297, 0.794029, 4.2518, 6.83215, 11.9128, 22.4625, 30.361)
(7.58099, 9.46867, 8.15971, 9.71113, 14.0641, 18.1275, 3.53458, 4.91213, 6.34485, 8.16446, 9.93188, 17.6085, 10.505, 5.226, 6.35987, 7.99746, 7.60619, 6.76322, 7.8239, 13.8178, 6.80155, 9.4905, 7.01506, 4.95907, 5.2579, 4.86708, 2.58627, 0.378409, 4.16781, 6.06754, 17.465, 24.4748, 22.7611)
(8.96836, 3.77808, 10.277, 5.46875, 5.37474, 11.4757, 16.1181, 6.96058, 12.5363, 5.28083, 13.7615, 20.2562, 3.70611, 8.74532, 12.5802, 3.41968, 5.8353, 7.44851, 1.05756, 6.03478, 10.7722, 20.1441, 8.23803, 10.8751, 13.7598, 11.1113, 2.94557, 0.659056, 1.7406, 14.4062, 2.78587, 13.7613, 19.7173)
(5.2125, 7.61943, 14.7695, 25.1282, 10.3734, 10.8329, 5.17553, 7.7524, 3.58725, 3.805, 5.74392, 13.1244, 2.27337, 12.6905, 6.82794, 4.33117, 6.85682, 11.334, 9.42761, 10.117, 10.0187, 12.9986, 7.26509, 2.01017, 4.88984, 4.5201, 1.05317, 0.705259, 2.21073, 6.77251, 4.29951, 26.8337, 39.44)
(7.29182, 7.18439, 11.339, 15.7249, 21.346, 15.0693, 4.31188, 2.40248, 1.77535, 5.17047, 8.38438, 7.39379, 8.3544, 10.5566, 7.35728, 9.33603, 7.9388, 10.2002, 8.32259, 7.56722, 13.3372, 9.63589, 3.40327, 2.35535, 3.91717, 2.79266, 1.662, 0.553952, 4.26929, 8.37726, 16.1878, 24.8623, 31.6189)
(8.70925, 8.53252, 11.467, 11.7335, 19.3717, 15.9517, 6.38114, 2.27403, 1.76462, 4.15393, 9.6605, 7.47112, 7.97135, 9.17255, 6.29433, 10.4622, 13.9549, 9.55313, 7.69875, 9.56361, 9.34678, 8.51135, 3.52764, 3.05089, 3.98196, 3.39528, 3.15828, 0.806778, 4.30743, 9.85594, 13.2077, 22.5129, 32.1952)
(9.83842, 9.02466, 15.7847, 16.0128, 15.0584, 12.8166, 7.2477, 2.83115, 2.71435, 3.61499, 5.05623, 10.7996, 9.17037, 6.85858, 11.7734, 10.0986, 7.85429, 8.25082, 9.32315, 8.14368, 7.99542, 9.73205, 2.19529, 3.57664, 5.45077, 4.01742, 1.51477, 0.581125, 3.45051, 7.00844, 12.8688, 22.4183, 36.918)
(8.82309, 11.1387, 8.95372, 11.5588, 16.8972, 19.2237, 5.93358, 2.86043, 5.62792, 3.02873, 5.9541, 16.558, 16.4276, 11.2974, 5.95057, 3.38439, 3.14426, 3.26825, 13.843, 6.01428, 11.2679, 8.84428, 3.38779, 3.35745, 5.76024, 0.336823, 0.191186, 0.0573702, 0.346375, 5.92441, 6.20045, 32.8352, 41.6027)
(10.8553, 8.26501, 11.7824, 12.8968, 12.2496, 13.8918, 7.95947, 2.6614, 4.66648, 6.69982, 8.07187, 12.9369, 11.8466, 7.33551, 9.25451, 5.96466, 8.58153, 6.83387, 10.6574, 6.08263, 8.95594, 11.5504, 4.57459, 5.2371, 3.69844, 4.2044, 2.65504, 0.347235, 3.76099, 6.05743, 14.3869, 21.439, 33.6389)
(6.91698, 6.68368, 12.6156, 13.0037, 11.7592, 14.0442, 6.69973, 6.28649, 1.75029, 6.49262, 13.7474, 11.8184, 11.4954, 5.49795, 5.52359, 7.71717, 10.1095, 7.76532, 10.1527, 7.77905, 8.02084, 14.1201, 2.86639, 5.33796, 5.21043, 3.96407, 1.45987, 0.0895503, 2.85247, 5.38832, 14.133, 26.5458, 32.1522)
(7.86908, 4.53096, 4.76653, 10.028, 9.55293, 18.772, 12.9053, 5.38332, 13.621, 7.38589, 5.1849, 16.8135, 9.95405, 10.3265, 8.87462, 8.53158, 5.80622, 5.15903, 3.18949, 9.41677, 8.46526, 13.463, 9.69316, 10.6423, 16.6156, 7.87381, 0.782547, 0.122731, 1.01519, 4.52868, 4.32446, 17.3466, 27.055)
(1.86619, 7.45812, 7.97112, 5.39591, 14.7512, 18.8661, 14.7294, 4.52926, 11.2125, 4.88466, 8.33557, 18.9588, 10.9914, 2.23474, 8.32577, 10.5051, 4.6934, 7.70478, 1.20841, 11.3616, 5.32927, 18.6867, 14.4935, 8.12708, 2.49338, 4.73052, 6.60793, 0.128683, 3.74934, 7.96507, 14.0195, 10.2728, 27.4122)
(8.84999, 8.95035, 9.59186, 11.4111, 13.2855, 8.06461, 6.65951, 6.02362, 5.70339, 8.26078, 13.1992, 16.9694, 6.76429, 9.98871, 7.47954, 4.81405, 5.87276, 5.70193, 5.71818, 11.2349, 10.7069, 14.7494, 12.9959, 6.58919, 5.20962, 6.2242, 2.2124, 0.773604, 3.87136, 6.43711, 9.12733, 18.5441, 28.0152)
(5.87315, 6.67043, 11.0542, 16.2282, 21.7637, 15.0898, 5.08624, 4.18651, 3.92866, 5.69983, 4.41934, 9.47024, 9.62267, 9.48301, 7.68841, 6.26985, 10.997, 8.69925, 6.48225, 9.37435, 12.7378, 9.17521, 7.6187, 4.91237, 3.52626, 2.67593, 1.40394, 0.688072, 3.26998, 9.76279, 16.804, 23.0605, 26.2775)
(6.91846, 6.01644, 10.756, 14.6629, 16.6181, 15.1012, 6.57229, 4.39215, 4.15252, 6.19263, 8.61733, 10.6989, 10.5267, 9.31404, 7.58331, 7.48594, 7.90307, 8.34956, 7.66367, 9.25936, 10.915, 10.3004, 6.43701, 4.90851, 4.68434, 3.25495, 2.13416, 0.491534, 3.57623, 8.92272, 14.4262, 23.4253, 27.739)
(6.0154, 6.01631, 14.1311, 18.3176, 23.4568, 11.1779, 3.6053, 2.05868, 2.12723, 4.12949, 8.96416, 9.38782, 11.9996, 7.21912, 5.67581, 9.38183, 10.5211, 8.67719, 9.848, 7.67564, 8.65376, 10.9601, 2.50005, 1.78722, 2.69348, 2.03252, 1.48176, 0.460783, 2.78493, 8.66545, 19.4445, 27.5558, 30.5934)
(7.07049, 4.78282, 8.86996, 16.8873, 21.6152, 15.2042, 6.13593, 2.28003, 2.47029, 4.95835, 9.72542, 7.70169, 7.88342, 8.55067, 9.91249, 10.2703, 9.79336, 9.2636, 7.80034, 7.16686, 7.95513, 13.7022, 3.21756, 2.20963, 3.22535, 2.20473, 1.51588, 0.557384, 4.49472, 10.0198, 18.1624, 22.6968, 31.6958)
(7.70925, 8.17912, 7.0411, 15.2862, 19.7583, 12.8685, 9.37875, 0.663487, 0.891493, 6.17505, 12.0486, 5.85706, 12.5696, 9.19841, 12.3429, 12.2712, 11.8735, 6.67465, 6.62464, 6.51661, 4.994, 11.0774, 2.12613, 2.98342, 5.3493, 3.28149, 1.63539, 0.146386, 3.37187, 12.6275, 21.4406, 22.0091, 25.0288)
(3.86899, 9.04192, 17.5468, 20.2304, 16.64, 18.1886, 3.42861, 3.53526, 4.14608, 1.23938, 2.13383, 10.8508, 10.487, 6.83331, 9.40653, 5.62955, 8.12783, 16.0746, 10.3977, 6.89464, 6.75822, 8.53976, 0.943356, 1.29408, 4.36599, 1.0857, 4.10918, 1.42105, 2.89599, 7.70551, 11.7042, 22.394, 42.081)
(7.47414, 11.1971, 18.6701, 19.2971, 20.0666, 7.83174, 3.16103, 1.72908, 2.89133, 2.22078, 5.46101, 9.82994, 6.77623, 6.29064, 13.4089, 11.4565, 7.41038, 10.4401, 11.1574, 6.03771, 9.75109, 7.44115, 1.62589, 2.33976, 1.95924, 1.54074, 0.914702, 0.22334, 4.2389, 7.21332, 11.0126, 30.9242, 38.0073)
(9.88282, 9.34655, 14.0657, 14.4547, 15.3666, 10.7385, 7.50611, 2.46115, 3.97934, 4.03444, 8.16402, 10.7303, 10.2961, 9.72932, 8.39203, 9.15305, 6.91246, 7.50333, 8.66865, 8.29217, 9.52288, 10.7997, 5.01661, 4.68176, 4.92348, 3.57202, 2.60168, 0.517802, 2.55915, 7.82852, 13.3568, 20.9868, 33.9555)
(11.2666, 9.06677, 13.869, 12.3992, 13.0767, 10.1264, 8.31897, 4.10176, 4.37833, 3.67122, 9.72508, 10.6175, 9.78728, 9.34409, 11.602, 7.45963, 8.35286, 5.04304, 9.86649, 7.11602, 9.83973, 10.9714, 5.24994, 4.2031, 6.4952, 5.08625, 3.78349, 0.261145, 3.46789, 6.15375, 12.0748, 20.8696, 32.3548)
(9.35832, 9.29715, 11.3988, 13.4838, 11.9035, 13.0732, 9.39712, 3.73231, 4.349, 5.22023, 8.78655, 11.1968, 10.2082, 9.23491, 7.64327, 7.48012, 8.67843, 6.7538, 8.05868, 6.15899, 11.5958, 12.991, 5.45235, 3.37717, 4.25538, 3.79258, 2.66101, 0.395316, 3.59912, 8.69938, 14.3137, 22.9792, 30.4748)
(11.3819, 8.41904, 9.72884, 11.4117, 10.9012, 12.4862, 7.69393, 5.59695, 6.5259, 7.02739, 8.82698, 12.0621, 9.39278, 8.0999, 8.02419, 8.21011, 8.80268, 6.60078, 9.31914, 7.12468, 8.82496, 13.5386, 7.74152, 8.04865, 5.67409, 4.54926, 2.2611, 1.11188, 3.5382, 6.26252, 12.7804, 20.2418, 27.7906)
(9.41233, 6.21883, 6.73543, 11.8195, 9.97667, 17.5587, 7.89369, 8.67503, 11.8498, 4.77489, 5.08517, 15.6355, 5.95242, 7.93196, 8.48523, 6.52996, 9.21081, 5.50439, 6.13107, 10.092, 11.4901, 13.0365, 11.5348, 9.8891, 7.58595, 5.44292, 1.58485, 0.137214, 2.01812, 7.79853, 8.83763, 17.7859, 27.385)
(9.85997, 7.71819, 8.33553, 11.2266, 12.7918, 12.3415, 7.43065, 5.39965, 6.03782, 8.05841, 10.7998, 13.7918, 10.6028, 8.55803, 6.80515, 6.20321, 7.26031, 7.19776, 8.50825, 7.66478, 9.69116, 13.7167, 5.80579, 7.90455, 6.02951, 5.56445, 4.07801, 0.84615, 4.91447, 8.0317, 11.7914, 18.5713, 26.4627)
(7.0012, 6.57318, 7.12334, 13.1813, 13.7237, 13.71, 9.50964, 4.15331, 7.62585, 5.74658, 11.6519, 13.1789, 8.11896, 8.63062, 6.38195, 5.48221, 6.36697, 7.36142, 8.17308, 9.60746, 12.3346, 14.3638, 8.86618, 5.33631, 4.50069, 4.35299, 2.66435, 0.659216, 5.78955, 8.51214, 13.2942, 22.6434, 23.381)
(4.51214, 4.15405, 6.25683, 16.4416, 18.877, 14.8739, 7.41334, 2.28818, 6.86839, 6.09545, 12.2191, 15.0327, 8.91185, 5.36898, 6.90596, 5.7238, 9.05795, 5.05005, 7.2905, 10.464, 12.0428, 14.1514, 9.19646, 3.98255, 2.45698, 4.52028, 6.03734, 1.27402, 6.68065, 10.5586, 10.3453, 20.7976, 24.1502)
(7.6619, 7.06227, 9.0358, 13.5005, 16.0544, 14.3462, 8.61951, 3.41675, 3.99467, 6.54617, 9.7619, 13.7865, 9.40544, 7.69172, 8.57049, 4.44971, 6.81885, 8.11865, 6.17936, 11.0674, 9.69713, 14.2148, 8.56749, 4.82717, 4.0567, 3.59573, 4.68592, 0.753109, 4.23505, 11.144, 11.4124, 19.8486, 26.8738)
(10.009, 6.07603, 7.59848, 17.2939, 16.323, 15.2997, 5.3639, 2.56661, 3.45872, 6.8052, 9.20558, 11.9197, 7.1116, 9.88438, 10.7512, 8.41404, 7.75135, 9.36158, 8.03123, 7.89084, 9.20185, 9.68228, 11.1346, 2.65834, 7.70023, 3.8397, 1.68047, 0.235895, 3.78599, 11.6185, 8.56623, 23.2983, 25.4818)
(9.32315, 6.90429, 10.2019, 14.6136, 17.3789, 15.0714, 5.74025, 3.04429, 2.95191, 5.94526, 8.82508, 10.1, 8.21837, 11.6575, 8.49751, 8.66619, 8.9575, 8.18287, 7.85787, 9.17214, 9.58187, 9.10823, 4.73406, 4.2309, 3.96607, 4.36775, 3.26455, 0.853796, 3.20677, 7.77253, 15.279, 22.0882, 30.2364)
(7.31978, 5.67967, 8.56924, 13.0923, 18.3413, 15.8587, 6.22267, 3.02159, 4.2169, 7.55276, 10.125, 9.69837, 9.96028, 9.09585, 10.0578, 8.32718, 8.79867, 6.9319, 7.33452, 6.67803, 9.46271, 13.6547, 4.13644, 3.73481, 4.37993, 3.34524, 2.72318, 0.78278, 4.19769, 9.16736, 17.3553, 23.4466, 26.7307)
(7.01167, 6.45859, 9.86082, 14.6613, 17.855, 15.6573, 6.03928, 3.27207, 4.31348, 6.21782, 8.65273, 9.92873, 10.4492, 9.17541, 8.34204, 7.20024, 8.26414, 9.63373, 8.44901, 9.04367, 10.7636, 8.75025, 4.76484, 4.6292, 4.42928, 3.81799, 3.13102, 0.614657, 4.02032, 9.27214, 16.1598, 23.0563, 26.1044)
(11.146, 6.63248, 10.0841, 14.5756, 11.1034, 8.33401, 5.20926, 4.70394, 9.22798, 5.07506, 13.9081, 12.406, 7.57587, 8.34849, 13.4874, 4.06594, 8.83072, 8.64103, 8.07394, 5.62695, 10.2754, 12.6683, 8.57308, 4.51314, 5.84865, 3.04059, 0.674153, 1.01275, 2.19559, 2.39276, 12.1348, 18.9116, 40.7028)
(11.5732, 5.01306, 7.4917, 10.5401, 12.3899, 11.9501, 9.97772, 5.31106, 6.24693, 8.41691, 11.0894, 12.6687, 9.58002, 9.98112, 6.9857, 8.4514, 5.72969, 5.15131, 6.85804, 10.1928, 11.2032, 13.1979, 10.3442, 11.602, 8.22523, 5.26982, 2.94693, 0.307199, 4.73308, 10.3989, 9.28639, 15.5592, 21.327)
(10.3656, 8.98858, 11.5497, 11.6972, 12.5065, 11.3241, 7.4735, 4.51981, 6.23161, 6.5264, 8.81698, 10.9916, 9.05414, 7.89243, 9.34383, 7.68437, 9.44914, 6.26885, 8.50734, 8.68142, 10.271, 11.8559, 6.56884, 7.1556, 5.61912, 4.00167, 1.7371, 0.880295, 3.49633, 6.90026, 13.4669, 19.1371, 31.0368)
(7.5472, 7.66125, 11.1881, 15.1973, 14.189, 11.369, 8.56631, 6.33135, 5.82558, 4.50706, 7.6179, 12.1694, 8.28631, 8.10587, 6.67901, 8.93678, 7.47041, 6.52767, 8.40216, 8.49354, 10.3951, 14.5338, 5.11996, 7.66735, 6.17919, 6.54857, 2.22589, 1.35492, 3.71908, 6.61793, 12.2255, 18.7373, 29.6043)
(8.81837, 5.74461, 8.86298, 10.0332, 11.9044, 13.642, 9.88507, 5.29323, 6.84195, 7.87572, 11.0985, 13.3209, 10.3815, 8.12841, 7.03134, 6.10656, 7.10609, 6.7302, 7.32026, 9.45663, 11.166, 13.2522, 8.82467, 8.60296, 7.5142, 4.93551, 3.29364, 0.595579, 4.9872, 7.82354, 12.4189, 17.8374, 23.1664)
(7.45273, 9.75265, 7.50305, 9.32581, 11.8728, 13.2225, 10.2414, 4.57751, 5.96867, 9.12829, 10.9546, 12.2139, 10.9344, 7.4188, 7.42662, 5.74296, 9.27842, 7.12429, 8.16412, 8.0267, 8.12899, 15.5408, 7.12066, 6.86727, 8.33352, 3.61561, 6.22261, 0.869441, 4.91096, 6.42583, 14.9828, 18.7002, 21.9512)
(8.78765, 10.35, 9.5124, 11.5241, 11.9551, 12.5298, 7.071, 4.49838, 5.41143, 8.39565, 9.96445, 13.7576, 10.632, 8.34635, 7.9634, 6.54946, 8.51297, 8.26112, 7.6264, 7.48258, 9.76677, 11.1014, 9.36069, 9.11262, 6.24677, 4.05657, 1.31066, 0.592082, 3.43177, 8.05665, 11.2864, 18.1187, 28.4271)
(8.93529, 5.83559, 7.91998, 7.04895, 15.0721, 13.3972, 9.40247, 4.9947, 7.72026, 9.83879, 9.83464, 14.5782, 8.49433, 6.98429, 8.52989, 6.43231, 5.37851, 7.60063, 8.73765, 9.9158, 9.4409, 13.9075, 10.6877, 7.78225, 7.80363, 5.66855, 4.20563, 0.356674, 2.90098, 9.63648, 9.0574, 19.21, 22.6907)
(9.16763, 5.14935, 9.25628, 7.82127, 18.4621, 12.7052, 8.57871, 4.57482, 7.63845, 5.61572, 11.0305, 11.3834, 9.42396, 8.19878, 12.453, 7.32484, 5.02078, 6.01389, 4.35439, 7.17578, 13.088, 15.5633, 7.67853, 8.89203, 4.55369, 3.77893, 2.12201, 1.05575, 3.20767, 5.75425, 12.9215, 21.501, 28.5347)
(8.31179, 9.50162, 11.2322, 10.4575, 11.2049, 11.5163, 8.13178, 3.83278, 5.501, 8.87411, 11.436, 14.8144, 9.1997, 7.71128, 8.11509, 5.3137, 6.56523, 5.79155, 5.10887, 12.5496, 10.2506, 14.58, 7.90724, 6.26835, 7.78959, 5.32927, 2.88966, 0.340963, 3.7053, 8.4279, 13.8774, 18.8965, 24.5678)
(7.27799, 7.43823, 9.35046, 9.50454, 13.1755, 16.4175, 8.80371, 7.40266, 3.34279, 6.92335, 10.3633, 13.1224, 9.11219, 9.78808, 9.30852, 3.63329, 7.22272, 5.79043, 7.27404, 9.22491, 9.05903, 16.4643, 7.94204, 7.6759, 7.31863, 4.98552, 3.00712, 0.35197, 4.94254, 7.27795, 13.2603, 17.9858, 25.2522)
(6.55268, 6.56123, 5.37748, 12.0684, 18.5215, 22.6337, 2.29603, 4.62847, 4.68226, 7.39322, 9.2851, 13.3038, 10.4973, 12.7948, 6.40171, 7.68718, 2.43196, 6.30621, 8.95787, 9.10679, 7.85083, 14.6615, 3.62068, 13.9893, 6.10014, 2.06211, 1.6203, 1.37954, 0.622806, 8.92063, 18.7099, 14.489, 28.4856)
(4.58492, 4.26639, 9.47441, 16.6032, 21.5419, 19.1416, 4.25512, 2.97225, 3.3035, 5.81538, 8.04138, 8.15657, 8.99701, 9.77221, 8.91712, 10.2768, 9.64153, 9.37225, 10.1945, 7.92255, 7.30532, 9.44413, 4.62134, 3.65026, 3.57006, 2.86667, 2.13289, 0.919526, 5.06139, 13.2512, 17.8811, 21.7488, 24.2968)
(6.48875, 5.83547, 9.82533, 15.5029, 18.8854, 14.9653, 5.13883, 3.43762, 4.71334, 6.49635, 8.71073, 8.61355, 8.73092, 9.71196, 8.83933, 9.12593, 9.22684, 9.77572, 9.38739, 9.42663, 9.19456, 7.96717, 6.09585, 4.83079, 4.47522, 3.11445, 2.22073, 0.560497, 3.70856, 10.7685, 16.0365, 22.5124, 25.6765)
(7.67872, 6.9625, 10.8683, 14.0098, 15.5432, 13.0319, 7.4597, 3.86812, 4.07088, 7.93252, 8.57434, 9.36325, 9.69461, 7.89158, 9.24171, 9.04106, 8.45662, 8.2533, 9.05382, 7.48822, 12.0381, 9.47776, 5.45129, 3.48372, 5.90749, 3.36551, 4.0582, 0.349515, 4.39178, 7.91706, 16.2872, 21.6652, 27.123)
(2.11473, 2.92772, 8.70419, 8.59088, 12.1082, 16.7088, 17.5374, 16.549, 12.321, 0.919599, 1.51849, 14.7761, 6.49815, 2.65839, 14.4812, 9.81816, 14.3473, 10.1097, 6.77008, 10.0655, 3.14505, 7.33031, 16.6289, 12.5738, 1.40289, 4.71758, 1.02182, 0.266236, 4.71691, 6.24473, 15.9584, 14.4846, 21.9841)
(5.42461, 3.11567, 17.2955, 19.6781, 26.8787, 12.9939, 10.0519, 0.298637, 0.512832, 0.626928, 3.12327, 5.83103, 12.4981, 5.5619, 7.66806, 14.6528, 2.94298, 5.36131, 14.6166, 7.78188, 12.4442, 10.6411, 3.00571, 2.96001, 12.0603, 2.71138, 0.239582, 0.0414699, 2.72151, 12.3475, 10.5618, 18.178, 35.1727)
(8.49755, 7.55877, 12.4193, 14.7713, 14.2001, 12.8506, 6.4051, 3.98551, 4.68351, 5.50597, 9.12234, 13.5533, 8.64283, 8.5525, 8.43841, 8.02983, 6.34084, 6.79189, 7.89949, 8.99354, 10.1207, 12.6366, 2.98616, 4.36972, 4.6241, 2.74031, 1.68937, 0.425056, 2.93136, 8.07643, 15.6583, 23.4202, 33.079)
(8.23354, 9.07741, 11.9149, 16.5328, 12.1704, 14.1076, 7.88131, 1.62731, 5.21426, 7.52431, 5.71613, 10.5718, 10.3447, 14.8029, 6.9355, 3.43339, 6.79072, 8.92727, 7.91475, 11.3949, 10.3752, 8.50896, 3.23017, 8.74074, 6.34671, 3.91484, 0.308203, 0.0692412, 3.89962, 6.61912, 15.3965, 16.4446, 35.0303)
(4.51993, 13.7419, 19.2807, 15.4007, 12.7398, 10.1034, 13.657, 0.29345, 2.92331, 2.91889, 4.42098, 11.3101, 8.4758, 5.79896, 11.1149, 8.38851, 11.0713, 5.71506, 11.1083, 11.1105, 9.88946, 6.01696, 1.62334, 1.6038, 5.54802, 8.17571, 1.47268, 0.0509395, 4.17247, 5.72589, 15.402, 25.1089, 31.1162)
(6.56205, 7.1034, 8.10987, 9.79825, 12.0611, 16.413, 9.11916, 1.1993, 11.5168, 11.7713, 6.34576, 17.1906, 8.17477, 11.4388, 8.41772, 8.58224, 5.62823, 6.94769, 5.05742, 7.75899, 5.56762, 15.2359, 6.37056, 6.26159, 7.03047, 5.05643, 2.04409, 0.161502, 5.01705, 6.40369, 20.7096, 20.3857, 20.5593)
(11.0973, 7.23981, 10.3707, 12.9504, 14.0867, 15.4559, 7.29979, 8.18449, 5.6062, 4.34001, 3.36871, 11.4462, 9.88263, 7.20077, 7.3138, 5.93299, 9.91856, 4.55759, 11.1428, 7.25939, 10.0162, 15.3291, 3.14315, 1.86572, 3.1562, 5.64612, 1.54152, 1.38157, 2.92221, 7.17906, 24.3226, 20.1283, 28.7136)
(9.81349, 7.87948, 10.0817, 11.5344, 13.8739, 12.4937, 9.17033, 3.2114, 6.37984, 6.93147, 8.63031, 11.9902, 10.3804, 8.12816, 7.56554, 7.17425, 6.65631, 8.32169, 7.61022, 9.66083, 9.21304, 13.2994, 9.77978, 7.32971, 5.78201, 3.70029, 2.99394, 0.732655, 4.16338, 7.64862, 11.8881, 18.9301, 27.0515)
(6.49005, 4.16589, 18.6085, 15.0744, 12.1271, 16.9242, 8.91057, 5.45014, 3.30859, 2.97626, 5.96429, 7.08205, 8.82879, 5.04922, 9.20158, 6.50267, 14.9897, 5.75639, 8.83819, 7.56782, 11.4725, 14.711, 4.31362, 5.58117, 8.58658, 5.58143, 2.25325, 2.58638, 2.30683, 11.2736, 8.69895, 22.6288, 26.1894)
(11.2125, 6.60584, 9.06112, 10.3752, 9.72728, 11.3471, 8.34174, 7.39401, 7.49961, 9.29965, 9.13595, 13.0169, 10.7578, 6.49046, 7.36449, 5.82345, 8.73344, 8.45475, 7.68181, 9.11675, 10.3432, 12.2169, 8.53433, 7.5246, 6.66734, 5.46202, 3.68766, 0.809428, 3.05394, 6.50419, 12.3514, 19.3922, 26.0129)
(7.82405, 5.67601, 6.95044, 13.0711, 12.7751, 14.2551, 7.02706, 9.72727, 7.83268, 4.7036, 10.1576, 14.2999, 12.8893, 6.10898, 8.73558, 5.17411, 4.98736, 6.41011, 7.68468, 8.74348, 10.8253, 14.1411, 11.9276, 7.4408, 8.95792, 4.08281, 2.39318, 0.287699, 6.21361, 8.35676, 12.8377, 13.7551, 23.7469)
(10.4137, 7.14008, 8.06835, 9.27778, 9.73831, 13.0141, 9.69099, 5.12474, 6.95975, 8.9847, 11.5875, 14.5569, 11.0547, 8.03022, 6.51337, 5.85935, 7.48501, 6.92044, 7.44445, 7.84054, 9.43513, 14.8599, 8.55167, 9.34396, 7.33773, 5.94562, 3.37039, 0.991147, 4.55145, 8.06608, 10.8443, 17.5417, 23.4559)
(5.29581, 5.0284, 4.8366, 6.95318, 15.0812, 15.6379, 6.94505, 12.7455, 7.05909, 7.10883, 13.3085, 13.859, 7.18693, 9.05076, 8.88872, 4.97037, 6.73269, 6.87748, 8.76753, 3.30085, 14.8833, 15.4823, 11.5195, 5.28438, 7.19983, 4.66494, 2.48546, 0.101805, 6.49729, 5.22498, 12.9546, 21.3789, 22.6883)
(6.62715, 5.91765, 7.75231, 11.7271, 12.6568, 16.6566, 9.40411, 6.11524, 3.67092, 5.96126, 13.5109, 10.0142, 7.72097, 10.7291, 10.6822, 5.4227, 7.67647, 8.56304, 7.67979, 7.74205, 10.8565, 12.9131, 10.1693, 7.51765, 7.44172, 6.30412, 2.45691, 0.718557, 5.13589, 9.65932, 10.1804, 19.6366, 20.7795)
(9.13346, 6.97527, 8.2869, 7.12575, 9.515, 16.0725, 8.21426, 5.272, 7.20318, 8.84366, 13.358, 13.6334, 10.8678, 7.44935, 5.03454, 6.03044, 7.8592, 8.35099, 7.86808, 7.83362, 7.19179, 17.8808, 5.65505, 10.6147, 6.73343, 7.40435, 3.92841, 0.587873, 5.14879, 10.3973, 12.0556, 14.989, 22.4854)
(10.8863, 8.19137, 10.0792, 8.04404, 13.2085, 11.7573, 9.44199, 5.52158, 7.32585, 5.23964, 10.3042, 14.1786, 8.46364, 4.639, 4.50792, 6.26029, 5.18957, 10.3458, 12.2425, 8.92996, 12.6266, 12.6161, 6.85639, 9.5647, 6.02489, 9.86531, 1.50478, 1.05228, 5.27397, 5.36028, 11.7865, 19.9811, 22.7298)
(7.64666, 8.87092, 9.58118, 14.9852, 16.0926, 11.226, 4.27137, 4.39659, 4.92813, 6.30645, 11.6948, 12.0524, 11.8331, 8.67675, 9.1338, 9.17789, 6.08716, 9.12799, 7.34959, 8.2878, 8.42636, 9.8471, 4.55598, 7.09925, 5.04395, 3.80221, 2.42794, 0.433954, 3.57683, 8.73595, 16.7482, 20.6953, 26.8805)
(0.904845, 4.99868, 16.9808, 12.9422, 5.3888, 14.887, 1.57558, 5.8621, 9.13557, 13.7546, 13.5698, 18.537, 9.05586, 5.50781, 5.06451, 9.37948, 13.0941, 13.3622, 5.06683, 5.3246, 5.31626, 10.2913, 6.15714, 9.55564, 5.73897, 8.92745, 4.73902, 0.167058, 0.43605, 9.37615, 13.5426, 17.9402, 23.4198)
(9.98191, 10.1843, 10.7218, 10.1849, 10.427, 13.4724, 8.43284, 4.78634, 5.13101, 6.09081, 10.5866, 9.42449, 10.2749, 8.44654, 8.48676, 7.53213, 7.83996, 7.58797, 9.06724, 9.31311, 9.47685, 12.55, 7.5904, 7.37311, 6.89463, 5.60778, 2.45436, 0.547644, 4.07052, 7.67011, 12.16, 18.6698, 26.9617)
(6.67144, 7.80481, 9.11065, 12.3144, 13.8849, 16.5218, 7.35431, 4.23375, 4.46554, 5.55136, 12.087, 11.3699, 9.28357, 11.8102, 8.32232, 5.22076, 7.11202, 7.62424, 8.77219, 10.8536, 8.17286, 11.4584, 8.46812, 6.66546, 4.79491, 5.6027, 4.44595, 0.378996, 4.97421, 8.18063, 11.6692, 21.2057, 23.6141)
(8.38878, 10.0305, 10.4621, 11.1726, 10.3062, 14.798, 8.77351, 5.59124, 4.65638, 5.21994, 10.6008, 10.0127, 8.84189, 9.86144, 8.51835, 8.97329, 7.7632, 6.83598, 7.79785, 9.26885, 9.54513, 12.5814, 9.00338, 7.31391, 8.88697, 4.95364, 2.52224, 0.40966, 3.70846, 8.48528, 12.3216, 15.8811, 26.5138)
(7.95477, 6.62606, 7.83905, 13.3824, 16.9811, 12.7827, 7.95296, 5.05497, 5.3229, 6.84663, 9.25651, 12.233, 10.6184, 10.8224, 7.29155, 7.41934, 8.95793, 6.08973, 7.09151, 7.31215, 10.5414, 11.6226, 10.4511, 7.52423, 7.02586, 4.66801, 2.81961, 0.353641, 3.61027, 8.93537, 13.4626, 18.7859, 22.3634)
(4.64787, 4.34376, 9.15128, 15.8532, 20.547, 19.3402, 5.61885, 3.17408, 4.05691, 5.43756, 7.82919, 7.74184, 8.68008, 9.51525, 9.72582, 9.80752, 10.2154, 8.81029, 8.82784, 8.16675, 7.61104, 10.8982, 5.15231, 4.10711, 4.55599, 3.36912, 2.95667, 1.15683, 5.26677, 11.5199, 17.0274, 23.5821, 21.3059)
(9.35521, 8.89925, 9.97437, 9.66628, 10.5155, 11.3011, 6.10039, 5.00755, 5.4703, 9.29365, 14.4164, 12.3001, 11.7262, 8.61731, 7.93948, 5.52122, 9.62844, 6.6508, 8.93509, 7.58387, 10.6296, 10.4679, 12.7359, 6.55455, 7.41943, 4.77518, 2.11382, 0.225091, 2.53486, 5.29529, 9.35075, 23.4908, 25.5044)
(4.71358, 4.73053, 13.6904, 16.4417, 16.3647, 17.2413, 8.0154, 2.90277, 1.70886, 5.92031, 8.27043, 8.30189, 5.52939, 11.5052, 8.85548, 7.7914, 8.19982, 11.0036, 9.55893, 7.21655, 10.7185, 11.3192, 2.55313, 3.12699, 3.97842, 4.43689, 3.63112, 0.33064, 3.02835, 8.53414, 17.7921, 23.9154, 28.6728)
(5.25863, 7.44355, 12.9235, 12.6813, 16.264, 17.7914, 8.1081, 2.38769, 3.25099, 6.27184, 7.61897, 10.423, 9.03092, 7.34277, 7.79754, 9.35257, 5.89727, 8.24153, 8.27769, 7.43515, 8.76254, 17.4391, 3.44931, 5.67402, 5.1204, 4.56578, 1.94927, 0.237719, 4.60552, 8.2343, 16.6013, 19.7164, 29.846)
(11.1758, 7.2384, 11.5653, 10.3179, 13.9327, 13.3119, 8.23741, 5.64486, 5.19622, 3.5596, 9.81993, 14.8938, 10.5014, 5.87024, 6.48089, 4.51751, 10.5314, 4.81103, 8.05746, 4.68415, 12.1595, 17.4926, 4.73436, 5.5204, 2.84122, 6.50801, 5.08949, 1.72119, 4.87349, 9.63979, 11.999, 19.9734, 27.0996)
(7.57072, 7.61396, 10.0671, 11.4839, 10.4874, 14.0822, 10.0313, 5.72932, 5.78811, 6.85064, 10.2953, 16.4899, 8.54271, 5.93461, 6.11258, 7.74401, 6.24933, 6.81786, 7.62133, 8.15876, 10.8389, 15.49, 4.46494, 5.34041, 7.68006, 7.76003, 4.48238, 1.27125, 3.85857, 8.30169, 12.1326, 19.4317, 25.2764)
(11.0087, 8.52638, 6.15276, 11.0287, 13.335, 12.2666, 8.33622, 7.70224, 6.05768, 5.55537, 10.0304, 12.188, 9.63934, 10.9306, 10.4422, 5.06028, 6.90867, 6.96736, 6.24473, 10.0353, 7.66559, 13.9179, 7.70619, 9.29471, 8.80369, 3.06767, 4.37909, 1.07735, 3.73389, 8.30867, 12.4332, 17.2796, 23.9159)
(7.74162, 8.95717, 9.19628, 11.8965, 13.2739, 14.3761, 7.91799, 5.46217, 4.89378, 6.60245, 9.68205, 14.382, 10.9254, 10.1873, 8.93277, 8.78288, 6.33712, 4.55118, 6.204, 7.86986, 9.15874, 12.6687, 4.3108, 7.54129, 6.66675, 4.42622, 3.22546, 1.1294, 4.16309, 10.6766, 13.9212, 18.9059, 25.0333)
(10.1501, 6.10036, 4.71932, 10.1825, 12.6273, 15.5551, 6.15958, 5.87974, 7.1142, 9.64009, 11.8717, 13.6984, 10.0624, 9.01631, 6.32994, 6.98012, 7.16139, 6.21741, 8.05978, 7.85921, 9.5633, 15.0518, 10.3835, 9.48023, 5.22232, 4.80186, 2.91139, 0.373157, 4.39358, 10.9001, 10.5077, 19.8946, 21.1315)
(8.18001, 6.32241, 7.23686, 9.80281, 8.06021, 12.4101, 9.87909, 6.71127, 5.83574, 8.90898, 16.6525, 16.6641, 9.11772, 10.3028, 6.26762, 6.02931, 6.136, 7.51402, 7.02594, 10.3715, 7.99917, 12.5718, 11.6322, 9.46818, 6.35562, 5.56773, 2.95113, 0.543944, 4.85013, 8.03349, 9.55184, 18.637, 22.4087)
(13.1582, 8.73086, 12.9337, 4.80733, 8.24016, 10.6738, 6.15547, 4.70689, 7.24844, 11.852, 11.4932, 13.1758, 9.068, 10.7231, 7.64666, 4.49259, 5.93809, 8.88361, 3.10197, 7.64821, 12.23, 17.092, 20.8309, 9.16232, 7.81781, 5.6314, 2.2621, 3.12403, 5.15642, 10.7861, 3.99606, 10.8163, 20.4166)
(10.7427, 8.5932, 13.9515, 17.418, 12.4729, 7.90873, 3.94097, 3.17992, 3.25346, 10.4118, 8.1268, 8.69392, 7.99636, 7.23147, 8.65419, 7.41025, 7.5867, 7.8406, 11.0065, 8.96165, 12.9244, 11.694, 10.9747, 5.50036, 8.17968, 4.18536, 1.58427, 0.287154, 3.62417, 5.65759, 14.2479, 20.7973, 24.9615)
(8.01523, 7.01644, 10.301, 10.4631, 10.4743, 14.1043, 8.84325, 4.44881, 6.49349, 7.27721, 12.5629, 12.394, 8.91873, 9.36701, 8.06, 6.86023, 6.00905, 6.34693, 8.4755, 8.34666, 11.0854, 14.1365, 8.00941, 6.54072, 6.21354, 6.80058, 3.87441, 0.393783, 3.40975, 6.93883, 11.7535, 21.1861, 24.8793)
(7.03272, 13.8011, 14.1551, 19.8083, 15.3645, 10.1717, 4.22251, 2.26534, 1.74163, 3.97906, 7.45818, 8.60077, 9.18378, 7.57153, 13.1819, 10.4873, 9.75348, 8.56601, 9.19984, 8.06329, 8.16339, 7.22871, 3.0934, 3.03494, 3.46317, 2.40631, 1.64814, 0.287956, 2.90165, 7.59296, 15.1759, 26.7154, 33.6803)
(9.62737, 10.9992, 11.7817, 14.3201, 14.0768, 12.2185, 6.15595, 3.44708, 3.59999, 3.51681, 10.2565, 9.478, 7.64605, 9.05325, 9.42697, 10.3717, 7.79883, 7.49516, 9.35841, 9.89898, 10.6682, 8.80445, 5.42279, 4.50905, 5.43626, 4.68658, 1.32141, 0.83796, 3.68645, 8.06408, 15.4716, 20.3324, 30.2314)
(4.45872, 4.79105, 3.03839, 3.56781, 5.35449, 19.7622, 13.9085, 16.4118, 6.8494, 14.2717, 7.58596, 19.2619, 4.33171, 8.1383, 4.04405, 8.63379, 7.2877, 8.51715, 7.1238, 10.7764, 6.05275, 15.8325, 19.0244, 11.0297, 12.2536, 6.82827, 6.85276, 0.394916, 3.00703, 7.15652, 7.84099, 5.25065, 20.3611)
(8.67349, 7.96596, 10.6719, 11.1207, 10.6409, 15.4975, 4.26668, 1.77291, 7.10229, 8.20443, 14.0832, 11.2033, 4.85197, 10.5301, 8.1877, 5.64845, 7.36005, 7.64062, 11.6761, 10.1594, 10.732, 12.0104, 9.89548, 11.7799, 6.40438, 5.38169, 1.5094, 0.17705, 2.84941, 8.85282, 10.2792, 20.7418, 22.1288)
(8.36861, 9.90479, 10.7892, 6.75649, 17.0419, 12.4399, 5.3866, 5.38694, 0.941611, 7.72287, 15.261, 12.5135, 6.3042, 11.4642, 7.47772, 9.02524, 5.11498, 8.05758, 9.59774, 12.0294, 8.61718, 9.79827, 10.4165, 8.59708, 4.43963, 3.25151, 1.99321, 0.141665, 5.16285, 10.3903, 13.0432, 20.5229, 22.0412)
(4.70079, 7.88332, 10.3416, 12.1304, 13.6748, 23.6486, 10.5201, 4.51178, 2.54642, 3.87283, 6.16931, 11.4246, 13.7111, 6.43915, 7.11236, 6.41982, 6.21626, 8.25537, 8.26152, 9.06666, 11.2275, 11.8657, 6.74893, 5.68363, 8.42057, 5.44206, 2.03334, 1.17862, 3.57393, 9.6594, 14.8469, 17.3524, 25.0603)
(8.27966, 7.54839, 9.18652, 11.0004, 13.4956, 13.2189, 9.8927, 5.81587, 6.21825, 7.04622, 8.2975, 11.9052, 10.0764, 10.267, 7.82393, 7.01463, 7.27786, 7.80963, 7.02377, 8.73215, 9.57936, 12.49, 8.72171, 8.32971, 7.18507, 5.6504, 2.53613, 0.882067, 3.25508, 6.98122, 13.1906, 16.4619, 26.8061)
(6.28479, 6.99569, 10.3282, 13.5043, 14.8248, 17.3253, 8.28063, 5.57591, 4.46865, 5.43478, 6.97695, 11.0664, 10.739, 9.09216, 8.36072, 7.11283, 7.7364, 7.2067, 8.21848, 6.93331, 11.1715, 12.3625, 8.32164, 6.67538, 6.64674, 4.96296, 2.70579, 1.24956, 3.92036, 8.59207, 13.6807, 18.543, 24.7018)
(8.48276, 9.14179, 7.17004, 10.7071, 8.70845, 20.4016, 7.77991, 4.24757, 2.20088, 6.4219, 14.738, 11.3272, 11.9947, 7.83924, 7.82396, 8.48165, 5.04792, 9.19305, 5.05906, 5.73341, 13.3756, 14.1242, 6.38731, 7.04748, 2.89608, 2.86009, 5.58008, 1.39721, 2.85791, 5.73813, 10.0592, 22.6473, 32.5292)
(8.30479, 6.96074, 8.82934, 10.9545, 13.2743, 14.1165, 7.66053, 5.20101, 6.41288, 7.57225, 10.7131, 11.0493, 10.9033, 8.40391, 8.12736, 7.25923, 7.91053, 8.36622, 8.51617, 8.78268, 9.89581, 10.7855, 8.29835, 6.58932, 5.46268, 3.8929, 2.10505, 0.712087, 2.98028, 7.24412, 12.725, 20.7077, 29.2825)
(8.80873, 6.7265, 9.79548, 11.6662, 13.5222, 12.2952, 7.74974, 4.2646, 6.7741, 8.07327, 10.324, 10.7344, 10.1562, 11.0534, 8.47514, 6.80075, 7.05924, 7.37011, 8.44486, 8.84739, 9.72663, 11.3319, 8.55234, 7.18039, 4.96748, 3.93581, 2.06021, 0.700268, 3.03646, 7.14009, 12.8038, 20.1733, 29.4498)
(6.51168, 3.74376, 7.04129, 17.5966, 25.4347, 15.1692, 3.6494, 3.71231, 4.02177, 7.14572, 5.97361, 6.90598, 7.64829, 8.71574, 10.1365, 11.0229, 12.5719, 11.5589, 9.40071, 8.51862, 7.30064, 6.21995, 4.57054, 3.80366, 3.05876, 2.08324, 1.20181, 0.820212, 5.20676, 11.5472, 22.4161, 20.3752, 24.9165)
(5.42634, 3.64612, 8.04023, 17.3119, 26.8975, 14.5353, 3.96066, 3.12891, 3.46369, 6.96676, 6.62261, 7.03631, 7.27623, 9.71664, 9.38732, 9.41661, 10.7351, 12.3818, 10.5596, 10.5597, 7.26673, 5.66401, 4.16627, 3.05756, 3.0332, 1.82526, 1.51405, 0.446112, 4.46085, 13.9757, 21.0059, 22.9784, 23.5367)
(5.4498, 6.93044, 19.4631, 10.696, 10.4184, 22.7799, 4.82116, 9.60839, 3.46073, 2.95679, 3.41528, 9.09515, 7.68572, 13.5617, 14.014, 6.17729, 7.10518, 4.16661, 8.83971, 9.89481, 8.72346, 10.7364, 2.70905, 7.85695, 4.08471, 1.661, 5.78729, 0.738626, 1.78995, 8.2352, 19.1324, 23.6567, 24.3482)
(7.46339, 6.28247, 12.1983, 13.0768, 18.1819, 14.9798, 6.25128, 3.62074, 4.98912, 4.15704, 8.79918, 13.4802, 9.84763, 9.22632, 9.78336, 7.39002, 6.6777, 6.91647, 6.26021, 8.14954, 11.0993, 11.1693, 5.45578, 4.31509, 3.44737, 2.7693, 2.40495, 1.18364, 2.35952, 10.3406, 14.0627, 23.3887, 30.2723)
(3.04614, 8.3982, 15.3011, 12.6313, 16.789, 14.0879, 13.8913, 0.148249, 4.27726, 5.68075, 5.74881, 12.6562, 5.79241, 7.09983, 9.7706, 8.40664, 11.1138, 8.42215, 8.42661, 13.9104, 4.39319, 10.0081, 13.9177, 2.96624, 4.28115, 1.49653, 4.17742, 1.38055, 6.92879, 9.76843, 7.25004, 18.3499, 29.4833)
(8.23609, 5.66246, 11.3789, 11.1237, 13.5565, 15.5723, 8.07786, 5.49798, 4.52115, 7.28625, 9.08681, 12.4762, 9.35496, 9.44962, 6.5929, 6.92586, 7.63539, 6.95917, 7.59462, 9.29379, 8.58506, 15.1324, 11.2526, 6.19944, 5.88561, 3.40767, 2.93098, 0.757269, 3.89435, 6.81727, 11.7622, 20.5302, 26.5624)
(7.15665, 3.60455, 5.50574, 9.17973, 15.5838, 17.7253, 10.1817, 7.39274, 6.39654, 5.45496, 11.8182, 10.2224, 11.7576, 10.0615, 6.56224, 9.48745, 7.82529, 3.68455, 8.27594, 11.4282, 12.9007, 7.79411, 9.06603, 10.1103, 5.36831, 4.34821, 2.59834, 1.59788, 5.81497, 7.3217, 14.8666, 14.2813, 24.6264)
(5.61949, 2.61846, 6.6982, 8.36659, 11.4874, 21.954, 12.0372, 3.56235, 8.90549, 10.3877, 8.36321, 11.4472, 9.79835, 11.8607, 6.5127, 6.45028, 7.58435, 5.18797, 6.67377, 7.04999, 4.36534, 23.0693, 14.8448, 9.46937, 5.21342, 5.89541, 6.98861, 0.155624, 4.75565, 11.7956, 6.05777, 18.6165, 16.2072)
(9.47244, 7.08833, 12.5203, 11.6785, 4.71774, 13.0312, 8.26882, 4.74023, 5.90487, 10.1725, 12.4051, 9.87626, 12.4887, 9.30055, 8.18105, 6.01702, 5.11285, 5.96861, 7.18152, 7.31156, 10.4389, 18.123, 11.3925, 10.0809, 5.91909, 4.78952, 3.40558, 0.133117, 5.59951, 3.05692, 14.9055, 18.7912, 21.9261)
(10.6602, 5.99382, 7.20617, 9.27221, 9.74858, 14.5687, 10.5256, 5.433, 7.06287, 8.63061, 10.8983, 14.2747, 11.8999, 9.01533, 6.27681, 5.70204, 6.2943, 6.03582, 8.06964, 8.88873, 9.81273, 13.7299, 11.4964, 10.6446, 8.77958, 4.44792, 4.46733, 0.810896, 3.87443, 7.45371, 9.9226, 14.9698, 23.1327)
(10.0979, 4.11127, 4.34013, 11.3341, 9.08937, 13.8932, 8.83898, 7.4236, 8.6067, 8.72736, 13.5373, 15.066, 15.8264, 7.62484, 8.73803, 7.52743, 3.03655, 2.90206, 11.0435, 6.46385, 11.2517, 10.5196, 6.47866, 10.9897, 7.52166, 12.0537, 1.41593, 1.24201, 2.68811, 6.42425, 17.2703, 12.0476, 21.8681)
(9.98156, 7.44908, 7.57612, 4.20563, 7.05325, 14.0702, 9.91469, 8.34406, 8.48374, 12.5133, 10.4083, 17.9658, 11.9164, 10.6759, 6.61013, 8.4639, 6.58249, 7.50015, 6.74145, 5.08416, 5.16824, 13.2914, 13.6381, 9.83116, 6.81793, 5.48737, 5.26098, 3.79906, 3.46544, 6.85738, 7.27882, 13.7091, 23.8546)
(6.70105, 7.99714, 8.03743, 8.47616, 12.1579, 14.3777, 6.07969, 8.88869, 7.36144, 7.79051, 12.1323, 14.2585, 5.99101, 10.5874, 9.84564, 8.95464, 6.75192, 6.16991, 8.30637, 7.71157, 9.47952, 11.9435, 9.55215, 7.67224, 10.8167, 5.40325, 3.72153, 1.5734, 2.69907, 11.112, 12.4797, 14.5996, 20.3704)
(9.84567, 8.12256, 8.34427, 5.8071, 4.28927, 13.3048, 7.84103, 9.71965, 9.01661, 7.76818, 15.9409, 12.8381, 14.4568, 9.5769, 7.13065, 9.88358, 4.41232, 8.05404, 7.36838, 6.74647, 4.19144, 15.3413, 10.8218, 9.64515, 9.21743, 5.17966, 6.39124, 2.05334, 6.46081, 5.74753, 6.32224, 13.5461, 24.6146)
(8.38993, 8.9868, 7.59334, 9.01335, 7.12826, 14.0445, 11.6482, 5.27833, 5.98282, 8.30429, 13.6302, 15.6759, 7.9127, 7.24131, 7.3378, 6.7667, 7.68231, 8.08117, 6.01037, 6.90538, 7.50957, 18.8768, 9.64336, 8.1611, 9.19257, 8.41076, 3.10363, 0.532452, 5.12319, 6.72157, 13.1556, 14.5857, 21.3701)
(10.3633, 9.52226, 6.45923, 7.48161, 13.7504, 15.4855, 8.67158, 4.63002, 5.34472, 4.22779, 14.0636, 14.7237, 12.345, 7.16107, 5.41563, 7.02346, 4.60916, 8.76421, 10.5607, 9.34407, 7.7562, 12.2967, 7.62617, 9.44647, 5.71764, 4.24595, 5.32856, 0.241703, 3.67615, 10.9703, 12.4851, 17.2287, 23.0332)
(12.7801, 9.16, 8.39138, 7.26832, 8.9856, 11.5281, 7.69967, 5.86646, 6.51517, 8.63036, 13.1749, 13.4718, 10.5181, 9.99521, 6.42889, 6.78873, 5.03835, 5.99005, 8.05303, 7.3428, 9.40109, 16.9719, 13.056, 9.71253, 9.42772, 7.12859, 3.65176, 1.00083, 4.08867, 8.05062, 9.52604, 15.6179, 18.7394)
(10.4957, 12.7302, 11.4727, 13.206, 13.5217, 9.62588, 5.5477, 4.25483, 3.74612, 5.42104, 9.97819, 10.0798, 10.6801, 7.67203, 8.72881, 9.60625, 7.61276, 6.27223, 8.15754, 10.6079, 10.1911, 10.3916, 6.00981, 5.5211, 6.11886, 4.66404, 1.85599, 0.649424, 3.42489, 6.59667, 13.3507, 19.3344, 32.4742)
(11.5053, 9.29422, 8.24254, 8.37942, 6.5161, 12.9561, 8.21041, 5.58787, 11.2435, 7.92832, 10.1363, 14.9603, 8.67749, 6.07811, 4.74661, 5.37748, 8.94859, 5.28539, 10.9082, 9.63924, 10.9004, 14.4782, 6.92491, 9.53047, 10.8829, 6.69285, 6.52329, 0.986157, 2.12111, 8.07807, 8.26321, 17.5544, 22.4426)
(4.18426, 8.16442, 8.57245, 4.98949, 9.93318, 23.7704, 7.38734, 10.6266, 5.0243, 8.81756, 8.53, 11.3005, 6.17834, 12.8954, 4.96405, 11.9464, 6.27565, 11.3439, 8.02533, 4.95398, 9.59039, 12.526, 8.31936, 9.66057, 9.11572, 3.50164, 3.3411, 1.45048, 1.14096, 9.766, 12.4056, 17.1779, 24.1207)
(8.40683, 7.12124, 8.85268, 11.9712, 12.8447, 16.0073, 8.88411, 5.97848, 3.45125, 4.95249, 11.5296, 13.6713, 9.04106, 7.27876, 9.49174, 4.97872, 7.25894, 9.57512, 8.62425, 14.7014, 8.83817, 6.54053, 9.96139, 9.07857, 5.05602, 5.19778, 4.00481, 1.20278, 5.27971, 10.5428, 11.2585, 17.9396, 20.4781)
(9.25531, 6.89691, 8.23209, 9.0273, 9.49464, 17.8931, 8.90299, 5.76535, 6.40621, 6.73214, 11.394, 12.2814, 9.67622, 10.6458, 8.80802, 7.74005, 7.98237, 7.23673, 6.2466, 7.24985, 9.36575, 12.7672, 8.83572, 6.97165, 8.63965, 7.48107, 2.72717, 0.496354, 4.55268, 9.7646, 11.0799, 17.6704, 21.7807)
(6.59827, 6.38364, 7.16928, 8.11065, 10.892, 17.5683, 10.5337, 5.08314, 6.96023, 8.84449, 11.8562, 11.6303, 10.9023, 8.88925, 8.39086, 7.84149, 7.99392, 6.47526, 7.81865, 7.36066, 9.81638, 12.8809, 6.89543, 8.22488, 8.69166, 6.14272, 5.42733, 0.294423, 5.32404, 9.89419, 12.6868, 15.7741, 20.6444)
(11.566, 7.98229, 5.88414, 7.42833, 6.78461, 17.0149, 12.9387, 4.7797, 4.71716, 5.57037, 15.3337, 13.2337, 8.73785, 8.04455, 6.44439, 12.8758, 7.08355, 7.83304, 4.98185, 5.81872, 9.48898, 15.4576, 7.97333, 7.05697, 7.85049, 9.77521, 0.994861, 0.058652, 3.93265, 7.15027, 16.2235, 18.1272, 20.8569)
(8.33386, 9.40655, 9.74692, 12.396, 13.2701, 13.749, 8.07511, 4.1861, 3.96306, 6.32155, 10.5518, 11.7497, 10.163, 10.2849, 7.29107, 7.88169, 6.60366, 7.95287, 7.09065, 9.23716, 9.31335, 12.4319, 6.27949, 5.54313, 6.36082, 4.64493, 2.54417, 0.825984, 4.21984, 7.66478, 13.3797, 21.0095, 27.5278)
(8.25332, 8.12258, 9.0179, 9.4279, 11.5086, 14.0167, 10.2567, 6.52064, 5.58591, 7.48849, 9.80123, 13.1445, 9.9085, 8.96025, 8.29285, 7.41166, 7.18949, 7.03569, 7.43546, 8.77625, 9.72631, 12.119, 8.43694, 7.69785, 8.32951, 6.01938, 2.96632, 0.664194, 3.79566, 7.19822, 12.7749, 16.6933, 25.4238)
(6.05148, 5.02508, 9.95133, 8.98555, 13.0169, 17.1525, 12.0052, 7.01622, 6.67498, 5.78999, 8.33076, 13.4223, 9.5746, 9.05835, 8.21297, 7.83408, 6.23637, 6.70279, 7.41981, 8.10683, 10.0944, 13.3375, 8.07976, 5.97999, 10.512, 6.46684, 3.48511, 0.263458, 4.00028, 7.42974, 10.8481, 17.0892, 25.8456)
(7.38267, 7.54226, 10.6912, 14.2376, 13.6565, 13.9804, 7.2321, 4.75428, 5.05813, 6.29281, 9.17203, 11.1404, 9.88862, 9.56278, 7.12098, 8.43973, 7.82308, 7.65647, 7.69222, 8.9093, 10.5026, 11.2638, 10.4676, 6.45463, 6.35581, 4.24972, 2.41481, 0.663815, 4.18868, 8.7222, 14.2268, 19.4174, 22.8385)
(11.5354, 5.92259, 7.10735, 4.93825, 7.27779, 9.55879, 8.77295, 7.52285, 5.85306, 12.6298, 18.8812, 16.7553, 11.6097, 5.4404, 9.2974, 5.91957, 6.48015, 5.91974, 7.05509, 8.75554, 8.81521, 13.9519, 6.56025, 13.7358, 10.366, 3.57258, 2.35332, 0.0339185, 3.51727, 6.48175, 12.873, 13.6675, 26.8386)
(4.89284, 7.54915, 6.40697, 10.7705, 15.1169, 18.0123, 11.7729, 5.99612, 5.3163, 6.94315, 7.22289, 14.2137, 9.24568, 7.796, 7.02137, 8.95283, 10.3583, 6.96869, 7.68046, 9.03069, 7.21162, 11.5206, 3.50088, 6.83627, 7.42657, 5.92774, 2.37094, 1.43538, 3.11032, 5.62633, 14.3503, 19.856, 29.5592)
(12.3562, 5.86093, 5.37284, 9.15629, 11.6157, 13.3613, 5.51624, 8.9108, 5.65169, 9.40483, 12.7933, 13.8195, 9.28666, 8.75552, 8.61427, 7.59123, 6.83569, 5.61637, 10.7223, 7.79084, 10.1363, 10.8313, 10.7556, 8.3229, 5.59601, 4.4822, 1.68124, 0.539822, 2.69547, 5.06649, 8.60274, 15.7231, 36.5344)
(8.8865, 6.19409, 7.50104, 10.6635, 13.5781, 12.1089, 5.03895, 4.69447, 6.78229, 11.6999, 12.8523, 10.1879, 7.85501, 8.38798, 8.67966, 9.54546, 9.17172, 8.922, 10.0426, 9.31352, 9.65585, 8.23828, 9.41803, 6.48934, 5.5524, 3.05258, 1.47075, 0.877551, 2.54285, 7.49988, 15.0473, 20.3465, 27.7029)
(6.48435, 4.96472, 7.53067, 14.2339, 26.6642, 13.6159, 5.02419, 3.63346, 4.27912, 5.54087, 8.0286, 6.87847, 6.78511, 9.85386, 9.72979, 10.5321, 11.4915, 12.1285, 10.076, 8.58485, 7.08695, 6.85291, 5.88393, 3.92143, 2.61366, 1.63878, 1.51433, 0.753807, 4.65558, 12.5987, 17.1275, 22.6437, 26.6486)
(5.71654, 7.01598, 7.99099, 16.8819, 21.862, 20.638, 3.44709, 2.37577, 3.43985, 4.8954, 5.73644, 11.3549, 7.08723, 8.83885, 7.40721, 8.46041, 8.10188, 8.73679, 11.3092, 7.67648, 10.3802, 10.6469, 3.91289, 3.44417, 2.15986, 2.02341, 2.46771, 1.054, 4.85246, 9.6697, 19.9011, 22.34, 28.1746)
(6.10379, 4.77775, 6.50832, 14.8868, 28.7905, 14.4005, 3.60347, 3.67612, 4.51276, 5.56581, 7.17423, 6.37428, 6.74848, 9.53452, 9.24961, 11.1629, 12.4119, 13.545, 10.2761, 8.04589, 6.94033, 5.71099, 5.25196, 3.75688, 3.0184, 1.71525, 1.10492, 0.68861, 4.82896, 12.8084, 22.8437, 19.4737, 24.5093)
(4.94299, 6.51106, 12.9953, 15.4293, 21.5971, 14.648, 5.60526, 2.77467, 3.06294, 6.22629, 6.2071, 8.77948, 8.50345, 10.4515, 7.77579, 9.57767, 7.88518, 9.35172, 9.21389, 10.42, 8.1291, 9.91218, 4.50827, 5.14089, 3.38396, 3.01336, 1.51893, 1.34929, 3.03484, 9.09054, 17.7614, 25.4625, 25.736)
(3.40901, 4.16132, 9.54287, 16.192, 28.9194, 16.6451, 3.25667, 2.16762, 1.54208, 6.58762, 7.57632, 9.29697, 3.80067, 5.62063, 11.7997, 7.87853, 14.2138, 16.0382, 11.1827, 10.2997, 6.17387, 3.69504, 1.73055, 1.57794, 2.25955, 1.25317, 0.347354, 0.89707, 6.14072, 14.4029, 21.9661, 25.1822, 24.2424)
(4.84042, 5.45583, 12.225, 10.723, 20.1216, 19.9716, 9.40056, 5.46596, 4.62909, 2.06393, 5.10305, 15.3399, 6.73766, 11.9519, 4.76246, 6.83842, 9.04422, 3.43278, 8.23578, 10.9005, 10.6884, 12.068, 8.05364, 3.10922, 5.63086, 3.79334, 1.83717, 1.11222, 4.77149, 7.3172, 15.4598, 20.7634, 28.1517)
(8.96991, 6.4937, 7.23454, 10.2955, 16.2451, 16.4269, 8.22805, 7.60825, 3.63011, 4.16516, 10.7028, 12.4994, 7.44588, 10.1016, 13.3312, 6.17155, 4.17195, 6.93805, 6.13644, 10.7659, 9.31769, 13.1204, 7.92401, 3.47844, 6.32801, 4.66582, 3.75164, 1.66701, 2.95998, 11.0402, 13.2107, 19.0603, 25.9139)
(0.41514, 0.372894, 31.9407, 10.9982, 0.899811, 11.5238, 32.1266, 10.909, 0.325484, 0.214399, 0.273979, 0.814043, 0.446881, 10.7756, 10.9891, 10.8389, 21.568, 10.7494, 10.9539, 0.505961, 11.0562, 11.3019, 63.0632, 10.837, 0.331463, 0.393532, 10.5589, 0.0651822, 0.231676, 0.407065, 0.869561, 1.1883, 12.0542)
(7.52676, 6.53213, 4.96642, 7.76052, 11.0855, 13.0029, 13.4218, 7.4036, 7.204, 12.4014, 8.69494, 16.4946, 8.67952, 5.42768, 7.16745, 5.9112, 9.029, 5.51767, 10.0074, 6.33579, 8.09951, 17.3302, 8.24344, 2.63474, 8.55298, 11.3232, 1.04579, 1.40143, 8.39642, 9.85059, 18.2688, 15.6747, 14.6079)
(12.3007, 7.09426, 5.37545, 8.09274, 10.8176, 14.1585, 8.14188, 5.41876, 6.23904, 8.88243, 13.4786, 14.2369, 9.20928, 9.21878, 6.89617, 7.35593, 7.10041, 8.4891, 8.57568, 7.9325, 10.0824, 10.9028, 9.03815, 8.15578, 6.44303, 5.46284, 4.30871, 0.720372, 4.98915, 9.02058, 13.1174, 15.061, 23.683)
(6.96253, 5.81681, 7.68597, 12.8954, 14.9954, 17.4731, 7.23868, 7.23536, 5.06603, 5.90334, 8.72734, 17.6701, 8.6305, 8.2502, 6.66683, 7.63099, 8.07205, 7.08558, 5.9682, 7.53076, 9.97912, 12.5156, 6.99866, 6.22709, 8.33677, 7.48982, 1.53965, 0.772085, 3.82684, 6.55019, 13.5755, 19.9775, 24.706)
(11.0233, 8.2936, 7.02551, 8.28132, 8.7113, 15.4234, 7.82377, 8.78183, 4.90391, 8.00074, 11.7313, 15.1771, 10.9974, 8.72926, 7.50509, 4.43457, 5.97216, 5.05248, 6.04414, 8.69277, 11.167, 16.2281, 6.5354, 6.99567, 9.54408, 5.04314, 5.19372, 1.24836, 4.41668, 10.0125, 13.8873, 16.4785, 20.6446)
(9.43821, 6.41934, 8.02767, 10.1248, 9.68154, 17.804, 7.6131, 9.33362, 6.37986, 3.51978, 11.6581, 16.9144, 10.0778, 9.76237, 6.12989, 11.7026, 6.78033, 6.54557, 5.46799, 4.26042, 8.37556, 13.983, 7.98671, 10.4547, 8.92206, 6.56019, 1.94154, 2.09552, 7.01342, 5.83996, 12.4643, 15.4855, 21.2361)
(7.05264, 6.88834, 6.0057, 13.1067, 17.7675, 17.5169, 9.24726, 4.38444, 3.19663, 4.84697, 9.98687, 16.2432, 7.60083, 10.2324, 9.25677, 8.29627, 6.39706, 6.31282, 6.83826, 6.98188, 8.1671, 13.6734, 5.19711, 3.59927, 5.63282, 7.43197, 2.3785, 0.556869, 4.74663, 7.60506, 14.6801, 22.0384, 26.1333)
(6.33234, 4.65807, 7.15076, 7.51519, 11.7395, 15.9408, 11.9733, 6.43495, 4.77991, 9.50437, 13.9709, 13.6932, 9.34349, 8.63097, 7.02326, 6.18344, 7.80695, 8.26136, 8.71811, 8.14508, 9.54959, 12.6446, 6.00365, 9.27753, 9.54721, 5.98827, 4.13075, 3.88661, 1.83357, 12.2706, 12.2654, 15.878, 18.9184)
(4.38863, 12.3656, 7.42959, 6.03857, 12.9339, 11.744, 14.2752, 7.53693, 4.03733, 4.46613, 14.784, 14.9635, 6.06581, 9.46908, 4.18607, 9.11062, 7.47471, 5.91877, 7.5536, 9.24484, 12.837, 13.176, 9.29274, 19.2474, 9.342, 13.9592, 2.12276, 0.280926, 0.44527, 14.5842, 6.4904, 15.2718, 8.96332)
(10.001, 6.98827, 6.4717, 8.85735, 11.4207, 16.0618, 8.14924, 6.8584, 4.63476, 7.8785, 12.6783, 12.7389, 9.43374, 10.2328, 6.89439, 7.19368, 7.07841, 7.5907, 8.66328, 8.11231, 10.7198, 11.342, 7.06124, 8.17536, 8.10457, 7.23224, 3.82188, 1.86363, 4.7248, 11.8588, 11.5517, 16.2571, 19.3487)
(9.8731, 10.3479, 10.0339, 11.6876, 10.803, 12.4844, 8.1711, 4.63011, 4.4816, 6.22739, 11.2599, 11.5255, 9.48635, 8.19327, 8.99439, 8.5773, 7.23157, 6.66883, 7.24614, 10.0211, 9.3256, 12.73, 6.52184, 6.16288, 7.17345, 5.85789, 2.19027, 0.80283, 4.64155, 7.0379, 13.1113, 19.1158, 27.3843)
(6.11775, 11.2311, 12.6932, 21.941, 22.6645, 11.3003, 2.72084, 1.5333, 1.74995, 2.64655, 5.40157, 10.8836, 6.1827, 6.24076, 11.0125, 9.35255, 13.1623, 10.627, 11.2549, 11.8597, 4.02662, 5.39731, 1.17079, 2.61039, 2.05985, 1.87783, 0.709563, 0.172672, 1.55212, 7.82143, 17.0455, 26.0213, 38.9586)
(10.4996, 8.43398, 12.0253, 12.0077, 11.1583, 9.85842, 7.77201, 5.56066, 4.24837, 7.06511, 11.3706, 11.6934, 10.3877, 7.93929, 7.67255, 7.91271, 8.2295, 6.72889, 7.74393, 10.2504, 9.93119, 11.5105, 7.83878, 5.95152, 8.09899, 5.11312, 2.29942, 0.395528, 4.07277, 6.81791, 11.8778, 17.3607, 30.1735)
(8.99462, 9.07719, 11.1078, 14.9017, 13.2195, 10.6114, 6.41352, 3.63508, 3.92994, 5.62741, 12.4818, 10.3173, 9.08444, 8.99526, 8.44172, 8.39816, 8.26184, 8.45188, 8.02854, 9.4616, 10.178, 10.3812, 5.8356, 4.96009, 5.86612, 3.80542, 2.41458, 0.366941, 3.24959, 6.21554, 12.7409, 20.2403, 34.3049)
(9.14975, 6.87414, 7.78059, 9.74632, 9.9357, 16.1177, 9.04726, 5.36334, 4.92445, 7.41395, 13.6468, 12.41, 10.6055, 10.0046, 7.91657, 7.93038, 6.85147, 7.13594, 6.38143, 7.28537, 10.8424, 12.6363, 7.10865, 6.4734, 8.13613, 5.80298, 3.19777, 0.432176, 5.46952, 8.4293, 12.7544, 18.4788, 23.7168)
(5.01016, 7.15938, 19.5783, 15.9534, 16.8108, 13.4017, 3.78514, 1.38897, 0.348312, 5.46447, 11.0994, 8.17636, 6.09119, 14.0678, 7.04231, 11.0752, 8.047, 7.04886, 5.02525, 14.0766, 8.1313, 11.2182, 2.60923, 1.48248, 1.64659, 7.50008, 1.32357, 1.05319, 2.41763, 10.9183, 11.6028, 31.6268, 27.8192)
(5.67352, 5.64486, 3.21667, 3.39325, 6.117, 29.4386, 13.6523, 8.293, 10.4833, 5.59494, 8.49263, 21.2343, 8.40333, 11.0752, 5.81285, 3.13369, 8.21617, 5.79288, 5.84567, 5.89635, 13.5558, 11.0338, 21.2113, 13.5482, 8.27851, 10.676, 0.330022, 0.069954, 2.87829, 3.27955, 6.03262, 16.7262, 16.9694)
(10.7915, 11.0278, 10.2333, 12.9368, 9.37473, 10.1296, 6.90898, 5.78795, 4.59032, 5.14502, 13.0739, 14.131, 9.86895, 8.20984, 6.63691, 7.70914, 5.93809, 8.1605, 5.40858, 7.93378, 10.4679, 15.5354, 14.1383, 8.85741, 6.00615, 4.33831, 3.54637, 0.187642, 1.78422, 6.01232, 12.0672, 22.6996, 20.3625)
(9.15254, 7.38322, 9.26917, 10.5664, 12.5991, 14.283, 8.46449, 6.3281, 5.15573, 7.02322, 9.77505, 13.2243, 9.73396, 9.73431, 6.86157, 6.27972, 7.48423, 7.40628, 7.97486, 8.97277, 10.1346, 12.1934, 10.2329, 7.42222, 7.72722, 5.16433, 2.84772, 0.828214, 3.87491, 6.75964, 13.7459, 18.4411, 22.9558)
(7.72202, 8.12224, 10.5175, 11.8999, 14.5755, 18.929, 7.3914, 2.94451, 2.82453, 6.38712, 8.68637, 10.2998, 10.1688, 8.06115, 8.45569, 7.4843, 6.64476, 8.14788, 8.40505, 10.1134, 12.1742, 10.0449, 4.8259, 3.63007, 4.16196, 5.24524, 3.1895, 1.55788, 6.02456, 10.9803, 12.9985, 20.1812, 27.2049)
(8.4424, 4.87759, 5.3181, 9.42482, 10.8356, 13.5232, 10.1247, 6.98173, 4.42855, 8.40804, 17.6353, 13.3577, 8.26016, 6.36165, 7.60261, 7.94712, 6.4893, 8.01681, 10.552, 8.58225, 9.00396, 13.8265, 6.02817, 8.33365, 9.2552, 5.90469, 5.00712, 0.791858, 6.80145, 7.67424, 13.3393, 16.2157, 20.6486)
(6.79439, 7.46869, 8.2113, 10.3832, 10.8845, 15.1953, 9.75436, 8.2906, 5.27368, 8.11353, 9.63038, 12.6842, 9.71367, 10.1937, 8.25867, 6.4687, 6.4466, 6.8647, 7.53957, 8.84173, 9.9882, 13.0003, 9.6951, 7.54685, 7.69292, 5.82604, 2.85683, 0.479818, 3.39387, 6.79603, 12.0412, 18.3796, 25.2917)
(8.57841, 7.68729, 10.2354, 11.0392, 12.1505, 11.6659, 6.92611, 4.94182, 7.23496, 9.01228, 10.5281, 10.9429, 10.2351, 9.40407, 7.94289, 8.06915, 7.50196, 7.26351, 8.44678, 8.81014, 9.10117, 12.2823, 11.7593, 7.68355, 5.3082, 3.52938, 2.18559, 0.987968, 3.85513, 7.63072, 14.3555, 18.5305, 24.1741)
(6.04358, 6.17252, 7.28349, 14.8664, 16.8269, 28.0805, 5.93126, 1.6908, 1.55311, 4.80264, 6.74872, 8.84303, 7.77012, 7.65296, 8.69742, 9.34348, 11.3814, 11.6658, 8.62492, 7.08762, 9.13995, 9.79331, 7.17481, 3.37088, 6.95377, 4.51327, 5.6767, 1.2182, 8.1911, 11.7819, 14.8003, 16.4804, 19.8386)
(5.79704, 6.09031, 9.80387, 13.7976, 17.2665, 17.558, 7.53279, 3.89775, 3.47879, 5.53066, 9.24668, 12.0516, 9.67412, 8.66026, 9.56705, 7.39016, 7.37885, 8.55899, 7.89466, 8.12397, 10.7258, 9.97454, 5.67564, 5.43193, 4.35158, 3.44231, 3.34099, 1.10458, 4.65197, 10.4724, 14.3497, 22.7557, 24.4233)
(8.2931, 6.70545, 8.43269, 10.2959, 12.7419, 13.1286, 8.53358, 5.8007, 5.82241, 8.37834, 11.8673, 12.368, 9.1162, 9.50268, 8.31432, 7.00091, 6.70716, 7.28216, 8.32688, 8.51344, 9.59365, 13.2746, 10.1656, 6.64177, 5.61651, 3.89345, 2.63146, 0.790458, 3.29004, 7.14992, 12.4682, 19.9935, 27.359)
(5.9331, 5.68125, 8.26147, 16.0324, 20.0587, 16.682, 5.44568, 3.19179, 4.66642, 5.68987, 8.35734, 8.86209, 8.22182, 7.83852, 8.49204, 10.2293, 10.5095, 11.867, 9.45897, 7.94701, 8.68274, 7.891, 6.90718, 5.2552, 3.75561, 2.9918, 1.97241, 2.00815, 4.33076, 10.4826, 17.566, 21.1683, 23.562)
(5.81235, 6.00269, 10.2172, 15.9394, 17.5866, 17.9266, 6.10319, 4.20391, 3.11627, 5.15288, 7.9388, 9.75959, 9.59079, 9.19705, 7.45062, 8.58317, 8.67078, 8.43356, 8.91293, 9.79067, 9.98865, 9.62221, 3.44446, 4.23595, 4.10073, 4.15328, 2.93037, 1.123, 5.39832, 8.69073, 15.6709, 22.8457, 27.4065)
(6.69086, 7.04404, 10.6001, 14.8822, 17.8468, 13.5774, 5.30942, 3.18819, 4.4318, 6.8699, 9.55932, 10.4762, 8.2958, 9.23495, 8.57475, 7.81436, 9.12102, 9.23952, 9.44778, 9.51452, 9.50846, 8.77271, 7.18351, 6.44243, 4.38019, 2.72854, 2.13915, 0.630291, 2.9287, 7.46408, 13.1937, 22.9083, 30.0011)
(6.89652, 7.05453, 8.7784, 13.1208, 17.2843, 13.4115, 6.94594, 3.70652, 5.1155, 7.68219, 10.0038, 8.70233, 9.223, 9.25533, 9.21943, 8.52725, 9.16628, 9.44364, 9.31536, 8.56857, 7.68992, 10.8889, 7.47139, 6.04972, 4.37267, 2.85663, 1.37284, 1.03057, 3.41042, 9.0381, 15.125, 21.0543, 28.2184)
(3.90995, 6.52953, 8.89168, 16.66, 27.6709, 14.9214, 4.52852, 3.33246, 3.28229, 5.06127, 5.21199, 6.43842, 8.76558, 10.9305, 10.0767, 8.2846, 9.32761, 7.5613, 11.5579, 8.00613, 9.10482, 9.94641, 3.83321, 3.62535, 2.96662, 1.80428, 1.30472, 0.716373, 4.92884, 11.5187, 19.5316, 22.1754, 27.5948)
(5.82687, 6.75061, 10.3773, 16.5329, 21.3148, 14.4227, 5.66703, 3.52937, 3.85688, 5.16992, 6.55152, 9.81592, 8.7946, 8.51416, 8.15338, 8.24912, 9.28127, 10.4225, 9.14826, 8.32818, 9.21492, 10.0777, 4.77375, 5.39946, 3.47042, 3.4407, 2.40453, 0.874085, 3.20469, 9.75782, 15.9507, 22.5337, 28.1901)
(5.97441, 6.95314, 10.3682, 14.9934, 21.1447, 15.5628, 6.09812, 2.69341, 3.74426, 5.35274, 7.11489, 8.36385, 9.93798, 10.9882, 10.081, 7.84776, 8.00732, 9.4472, 9.1979, 8.04621, 8.28241, 9.80009, 4.30108, 4.55645, 4.91676, 2.66552, 2.23312, 0.680232, 3.66615, 10.4575, 16.4709, 23.9572, 26.095)
(8.96811, 5.71328, 8.41287, 4.59492, 14.6381, 21.7066, 17.2577, 6.13877, 1.90876, 4.78253, 5.87837, 12.5706, 6.43421, 7.69829, 10.0726, 2.96972, 10.6812, 5.33234, 6.55957, 6.9955, 11.9168, 18.7691, 10.7802, 8.55635, 2.57552, 4.80451, 1.36654, 0.323519, 1.61724, 3.09375, 9.57827, 21.6339, 35.6702)
(9.09661, 5.95688, 5.54759, 8.09298, 11.6689, 15.3271, 8.11763, 7.38667, 4.74981, 8.7096, 15.3462, 9.45417, 11.9939, 11.5837, 7.48689, 6.65077, 9.64372, 8.03703, 8.08973, 6.5581, 9.35749, 11.1444, 7.26582, 8.40505, 6.96627, 5.78124, 4.96381, 2.00172, 4.83316, 12.2038, 11.8462, 17.4551, 18.2778)
(8.15353, 8.33506, 19.2644, 28.8404, 11.8568, 11.4407, 3.39968, 0.168205, 0.16282, 3.28743, 5.09106, 9.85934, 6.68048, 11.2311, 5.25578, 20.5737, 5.26354, 14.372, 9.79921, 3.67945, 12.7773, 0.507959, 0.202833, 0.193847, 1.78268, 4.85211, 1.64875, 1.55678, 4.81464, 6.61626, 22.48, 19.8569, 35.9952)
(9.2365, 6.77934, 11.3671, 9.02942, 10.4616, 14.5441, 7.9502, 5.71719, 7.38928, 6.8937, 10.6316, 14.9314, 10.6541, 7.39442, 6.86044, 6.31006, 6.57507, 7.48076, 7.14177, 8.20531, 11.0542, 13.3925, 12.4282, 8.72774, 8.24494, 6.99152, 3.27453, 0.469587, 3.84488, 7.92363, 10.06, 19.8262, 18.2088)
(8.80924, 6.2503, 7.50632, 5.38997, 9.97273, 11.4163, 13.0738, 3.88665, 4.01839, 14.0965, 15.5798, 16.8615, 8.84573, 8.62766, 9.55461, 9.63406, 2.95046, 6.2239, 5.21378, 7.52614, 5.52727, 19.0349, 14.2608, 5.25326, 10.8544, 9.55643, 5.91152, 1.18781, 1.54802, 9.7465, 12.1959, 16.2386, 13.2468)
(8.34818, 11.0675, 14.6656, 14.9998, 13.5402, 12.0184, 5.97437, 3.63573, 3.95886, 3.44165, 8.34969, 10.7235, 9.35848, 8.00531, 8.19064, 9.39687, 9.5569, 8.77326, 8.52981, 9.60966, 7.98649, 9.86911, 4.64362, 3.15072, 5.28739, 4.24789, 1.76664, 0.285054, 3.38944, 6.8195, 12.4781, 22.5017, 35.4299)
(11.1953, 7.47592, 7.52175, 11.939, 12.0583, 14.0072, 9.624, 4.92652, 5.37413, 6.88792, 8.98998, 13.8889, 9.35452, 11.026, 7.32776, 5.50854, 5.91514, 6.2808, 8.24753, 8.94557, 9.11937, 14.3858, 6.38942, 4.27251, 9.58901, 5.81655, 2.49855, 0.27404, 7.81691, 6.54954, 12.3082, 22.5047, 21.9806)
(4.6866, 8.42483, 15.3815, 27.078, 18.8024, 14.2708, 2.29824, 0.976307, 0.959128, 1.17485, 5.94736, 4.59283, 7.19727, 8.77374, 9.29504, 16.1943, 15.158, 10.446, 6.57038, 10.2688, 5.6647, 5.8391, 3.12006, 1.04299, 2.46848, 2.50081, 1.88223, 0.105564, 3.31492, 6.67314, 14.8295, 29.5492, 34.5132)
(12.7445, 13.5343, 6.6937, 9.37932, 10.8272, 15.0438, 7.84953, 5.86774, 1.10639, 8.69652, 8.25704, 9.65716, 10.4854, 11.4731, 8.81615, 7.55292, 5.01866, 3.76725, 8.95562, 9.07619, 7.02092, 18.1767, 11.2819, 11.0807, 7.51082, 1.31893, 3.1611, 1.34559, 3.25099, 9.07382, 8.63339, 20.5764, 22.7664)
(8.77965, 7.6732, 9.49246, 10.1022, 12.3168, 13.7483, 9.58881, 4.87033, 5.59035, 7.39184, 10.446, 13.0957, 10.1298, 8.89444, 8.68265, 6.57645, 5.90265, 6.8337, 7.05481, 9.23961, 10.1815, 13.4087, 7.57056, 6.84891, 8.17859, 6.21014, 2.49829, 0.84466, 4.56553, 8.40273, 13.5185, 18.8379, 22.5243)
(10.3903, 7.71569, 7.21923, 11.0804, 11.0022, 15.5231, 8.15295, 2.91424, 4.50375, 8.07437, 13.4239, 8.49181, 11.5426, 9.60795, 8.73436, 6.98853, 6.77166, 7.74063, 5.85401, 9.67899, 9.79844, 14.7911, 4.76018, 4.88775, 8.13002, 5.36971, 3.64186, 0.697681, 4.71803, 5.52956, 15.1745, 18.5135, 28.5772)
(4.06322, 10.282, 15.068, 17.7228, 23.3576, 10.0646, 8.03643, 1.29713, 0.868114, 2.24396, 6.99607, 5.77893, 9.77919, 10.0331, 6.06197, 10.7778, 11.4572, 12.3947, 9.3041, 9.31087, 5.61732, 9.4849, 3.47315, 1.31548, 3.23923, 2.15086, 2.32985, 0.161671, 3.48217, 6.88648, 19.2301, 26.9969, 30.7342)
(8.22231, 6.31166, 9.71029, 10.5711, 16.3697, 16.514, 9.80051, 3.0815, 2.37195, 5.57831, 11.4686, 11.7554, 8.73383, 10.1002, 6.91774, 6.35491, 4.21887, 6.41057, 9.6993, 10.0301, 15.2264, 10.5526, 3.85906, 4.82942, 5.0357, 4.84392, 4.95183, 0.947382, 4.66582, 12.0756, 13.4605, 20.5604, 24.7703)
(5.15862, 6.35016, 8.64062, 14.6009, 25.3705, 16.1325, 4.5542, 2.91684, 2.87052, 6.39906, 7.00613, 7.02315, 8.81775, 11.2733, 7.56884, 10.5956, 10.6855, 10.3852, 8.90342, 7.56754, 8.32481, 8.85483, 4.97693, 3.26171, 3.20535, 2.09775, 2.11885, 0.59037, 6.23528, 13.7905, 15.8076, 24.5273, 23.3883)
(6.75942, 5.81852, 10.116, 13.9799, 14.435, 13.4789, 6.77917, 4.55062, 5.92311, 7.61417, 10.5453, 10.8368, 9.31314, 8.96403, 9.23101, 7.43782, 8.64636, 8.72049, 8.62535, 8.97473, 9.10724, 10.143, 7.45504, 5.17566, 4.21686, 3.05525, 1.99299, 0.64135, 3.48412, 7.58035, 13.8389, 23.1238, 29.4357)
(9.86732, 12.4541, 9.65917, 15.0711, 14.3062, 11.869, 4.44201, 3.40135, 2.41129, 6.04324, 10.4752, 8.10834, 7.5331, 6.46876, 10.6054, 8.64172, 12.0708, 16.319, 7.98885, 8.88243, 8.3325, 5.0491, 10.1632, 5.91952, 4.94218, 2.69353, 1.35057, 0.391568, 4.9193, 4.19521, 9.32804, 21.0963, 35.0005)
(8.31539, 15.8264, 10.8516, 7.18792, 14.9841, 8.56039, 5.5302, 5.36299, 2.75718, 9.3973, 11.2266, 19.7498, 10.7835, 8.32781, 3.17533, 3.19098, 5.72192, 0.737, 8.35754, 10.7669, 9.49412, 19.6952, 1.60165, 2.89934, 5.46712, 1.54343, 0.271525, 1.32847, 5.34501, 13.3744, 11.1009, 23.0912, 33.9769)
(8.27001, 6.45985, 7.01467, 10.4624, 14.9327, 15.0982, 6.17886, 4.01463, 2.85736, 8.37718, 16.3343, 9.7315, 8.27995, 10.7682, 8.18304, 8.33091, 7.66714, 9.77711, 10.7666, 8.53389, 9.01421, 8.94745, 3.86888, 4.72934, 5.65977, 4.22591, 3.98785, 1.16553, 3.14191, 9.4229, 12.9558, 25.3716, 25.4704)
(14.2007, 5.42272, 5.34123, 5.96845, 10.4832, 16.0501, 7.94055, 3.53863, 5.57055, 10.1073, 15.3765, 13.0334, 10.3554, 9.36643, 6.08516, 7.99101, 8.04607, 9.89323, 7.66188, 7.31731, 9.96685, 10.2833, 6.52003, 6.60453, 11.2811, 6.17103, 3.26228, 0.50783, 4.23034, 10.2227, 10.8732, 21.5182, 18.8088)
(10.2493, 12.5335, 10.5382, 14.784, 9.54629, 12.4035, 9.4243, 4.15923, 1.14391, 4.45128, 10.7665, 10.0521, 9.068, 9.01753, 6.40605, 10.4527, 8.36351, 7.22062, 11.3211, 10.8122, 7.43592, 9.85037, 3.86965, 3.93321, 5.93685, 9.28906, 3.85175, 0.11527, 2.65809, 5.95123, 13.535, 19.7342, 31.1257)
(9.75246, 6.7913, 9.21109, 11.083, 12.847, 13.7091, 9.03898, 4.31779, 7.00836, 6.45227, 9.78867, 14.0043, 11.0343, 6.69776, 7.01145, 7.70135, 7.95372, 5.92135, 7.17342, 7.90042, 11.1585, 13.4435, 7.25109, 7.22827, 6.97211, 7.00896, 2.61071, 0.520763, 4.42796, 7.75997, 13.6141, 18.9427, 23.6634)
(13.8298, 7.07733, 5.66048, 12.4456, 12.8564, 14.1446, 11.1779, 7.36274, 4.90289, 7.06671, 3.47551, 11.9785, 17.5732, 6.51341, 7.26413, 6.28143, 7.08216, 5.25917, 8.08878, 6.47056, 13.2061, 10.2826, 8.83958, 3.39051, 6.29396, 8.64373, 6.04019, 1.05058, 2.89304, 10.9064, 12.2484, 18.0229, 21.6707)
(0.757541, 0.779023, 0.678965, 6.90467, 12.1919, 24.357, 33.9147, 17.3706, 0.767835, 0.995692, 1.28209, 7.16569, 6.48873, 17.6557, 11.8754, 6.33322, 6.35392, 11.7183, 7.01602, 1.2549, 17.2476, 6.89055, 23.6712, 12.2442, 22.5362, 0.954297, 5.67355, 0.180715, 0.501638, 6.52646, 1.65732, 7.68898, 18.3655)
(8.15872, 7.13169, 10.3654, 13.792, 14.5177, 12.3187, 9.17246, 3.92511, 5.17071, 6.47744, 8.9701, 10.7844, 10.3174, 9.08113, 9.23139, 7.86088, 6.60349, 4.70584, 7.80126, 8.79849, 13.0947, 11.7211, 6.88041, 4.502, 6.31499, 4.50422, 2.96778, 0.408983, 3.57023, 8.71446, 16.0722, 19.0526, 27.0121)
(6.38615, 7.35538, 6.29292, 9.55839, 15.5358, 17.2626, 8.58755, 5.32654, 4.66014, 8.66762, 10.367, 12.734, 8.02749, 8.41966, 8.2026, 7.97371, 7.28162, 10.0263, 8.19285, 6.26745, 11.4742, 11.4001, 5.31733, 6.42507, 6.71893, 6.94222, 2.8428, 1.5485, 5.24805, 9.02942, 15.8366, 19.8097, 20.2814)
(7.06673, 6.60701, 7.28164, 11.8014, 14.7498, 15.4666, 7.12181, 4.39096, 3.57027, 7.01335, 14.9304, 10.1772, 6.79497, 9.69515, 13.2683, 7.66673, 7.35633, 8.17441, 5.48774, 8.1571, 9.21637, 14.0057, 4.50832, 5.59234, 7.83695, 5.22358, 3.97942, 0.761457, 3.57759, 7.6869, 17.3072, 19.8756, 23.6506)
(7.23824, 6.67706, 9.91092, 15.9355, 15.9276, 14.8061, 8.55032, 3.23749, 2.94661, 5.67538, 9.09486, 9.53284, 8.80479, 10.034, 8.17839, 7.90953, 8.07603, 9.42311, 8.52288, 10.008, 10.083, 9.42743, 4.88638, 4.14505, 5.54474, 5.12863, 2.98204, 0.619585, 3.91268, 8.87663, 14.6201, 22.381, 26.9031)
(8.32698, 6.6606, 9.46061, 13.2818, 12.3146, 16.3527, 8.51273, 3.13961, 4.2811, 7.12993, 10.5395, 11.2464, 9.45437, 10.1287, 8.7947, 6.88609, 8.02242, 5.67426, 9.2814, 6.51046, 9.98262, 14.0185, 5.20165, 4.24113, 4.51051, 4.2392, 3.29948, 1.06085, 4.46958, 11.281, 17.5112, 18.9992, 25.1861)
(9.25901, 6.93777, 8.75877, 9.30489, 15.3278, 16.468, 9.01192, 4.07577, 3.96521, 6.1654, 10.7255, 11.6929, 9.14399, 9.44407, 10.3862, 7.08198, 7.28255, 8.21161, 9.00144, 7.7168, 7.96513, 12.0734, 6.67396, 5.55804, 5.8805, 5.81576, 2.50752, 0.45332, 6.25679, 10.0921, 14.9795, 19.6979, 22.0846)
(5.39946, 6.8893, 13.176, 17.5682, 14.5564, 20.2861, 6.70298, 1.04124, 0.992428, 3.01174, 10.3761, 14.5187, 8.96823, 9.19188, 7.83091, 8.80465, 4.2848, 6.66935, 6.15067, 11.8487, 11.3664, 10.3656, 2.58836, 2.5435, 3.51294, 6.58986, 5.33615, 1.33408, 1.79993, 11.4813, 15.0431, 22.2802, 27.4906)
(6.57202, 5.58695, 6.89866, 11.7633, 15.989, 16.8882, 8.85804, 2.34502, 3.67451, 7.78101, 13.6432, 14.0387, 11.2248, 10.4305, 6.10146, 6.56771, 7.93086, 10.1825, 9.66965, 4.61254, 5.55318, 13.6881, 4.2739, 3.97037, 4.68934, 3.86273, 2.77808, 1.58032, 8.0721, 10.6605, 12.9915, 23.4623, 23.6588)
(6.72591, 5.52329, 9.5306, 12.7851, 18.5051, 17.2963, 7.32957, 3.57467, 3.2265, 5.08331, 10.4196, 13.0011, 9.3095, 9.71387, 9.28528, 8.25579, 7.25782, 8.13974, 9.80432, 7.26337, 8.709, 9.26026, 5.1561, 4.10504, 4.01493, 3.97812, 3.07655, 0.895061, 5.21414, 12.8596, 14.4049, 21.5417, 24.7539)
(4.99358, 7.47793, 10.0715, 14.7479, 17.3257, 14.5423, 7.16605, 3.69953, 2.59085, 8.59217, 8.79248, 10.7687, 11.497, 7.88661, 6.90322, 9.24094, 9.96066, 10.388, 7.74795, 7.16969, 7.9097, 10.5276, 6.84572, 4.56405, 6.06639, 3.44584, 2.7364, 0.779662, 3.20702, 10.054, 14.0141, 21.6256, 26.6612)
(6.55777, 7.65852, 9.94418, 13.6943, 15.9395, 14.588, 7.58331, 4.01542, 3.88807, 7.07737, 9.05364, 12.0129, 9.49173, 8.94343, 7.8055, 7.66362, 7.50431, 8.87062, 7.88995, 9.00309, 9.65711, 11.1577, 6.94565, 5.60269, 5.74769, 3.54017, 2.56407, 0.97391, 3.60197, 8.65358, 14.7789, 21.4884, 26.103)
(4.76757, 6.43902, 10.666, 18.7246, 21.5954, 15.5839, 5.36526, 2.67282, 3.02494, 4.78431, 6.37625, 8.95521, 7.96032, 9.23202, 10.3549, 7.50856, 9.31038, 9.62021, 10.9047, 9.54139, 8.77232, 7.83995, 4.14597, 4.69522, 3.38814, 2.53766, 2.12735, 0.634606, 3.728, 9.58967, 16.3568, 24.2672, 28.5294)
(8.88104, 8.98349, 28.1304, 15.7663, 13.6065, 4.72463, 4.32356, 0.111055, 4.21902, 2.30246, 8.9516, 4.48543, 12.8958, 15.0873, 2.79609, 5.05311, 13.3102, 9.18793, 10.9875, 10.8667, 8.74915, 6.58076, 0.151848, 4.28801, 0.146446, 0.103416, 4.26146, 2.0955, 0.160258, 10.8626, 11.2437, 26.6183, 40.0685)
(12.3876, 8.44895, 12.7928, 13.6029, 15.7498, 11.686, 4.58356, 1.81282, 1.58826, 4.44094, 12.9065, 7.57772, 7.66936, 8.37585, 9.56556, 10.5401, 9.24993, 13.9067, 11.5264, 9.08666, 7.38072, 5.12093, 3.11926, 3.05445, 3.27288, 3.42064, 2.50239, 0.2892, 3.97632, 8.72054, 12.3585, 17.919, 41.3668)
(7.55053, 7.33418, 10.7431, 15.6731, 17.538, 15.5743, 2.2746, 0.440462, 4.8951, 2.32952, 15.6472, 7.26155, 11.7879, 6.05241, 5.99501, 7.56423, 13.7477, 10.6773, 12.116, 10.3647, 7.21546, 7.21769, 3.51609, 3.6749, 6.83195, 2.06814, 0.367764, 0.168301, 5.05092, 5.99818, 14.281, 24.5259, 33.5168)
(12.6171, 7.18159, 6.56347, 7.72883, 10.7645, 16.7404, 6.914, 4.42039, 6.28287, 8.61343, 12.1734, 12.3322, 12.6128, 6.96056, 8.21003, 8.16593, 5.28691, 8.02267, 12.1142, 9.80159, 8.28748, 8.20566, 8.48897, 7.95927, 5.80413, 5.51852, 5.05888, 1.63545, 6.27335, 10.2141, 13.1208, 17.4756, 18.4509)
(11.7132, 8.25593, 8.27841, 8.79214, 9.65448, 15.0237, 9.39003, 5.47283, 7.14837, 7.12935, 9.1416, 10.6913, 9.31554, 8.3663, 7.77856, 9.0049, 7.84173, 7.39622, 7.96884, 9.92249, 11.5463, 10.1678, 7.1837, 7.77976, 10.7711, 7.79256, 4.98389, 0.522837, 2.72369, 7.71091, 12.3475, 14.7057, 23.4784)
(0.747837, 0.639001, 0.596037, 18.5382, 10.3156, 20.0406, 23.8221, 9.91406, 4.75453, 5.04213, 5.58997, 9.92176, 5.49413, 14.5917, 14.1424, 5.30514, 5.39089, 5.58241, 18.5937, 5.25874, 5.89755, 9.82153, 27.8122, 9.88655, 10.1899, 4.96076, 0.482242, 0.171799, 4.76063, 5.47885, 9.9971, 15.1459, 11.114)
(9.70015, 8.25936, 8.34711, 9.15508, 10.5207, 12.2725, 9.04534, 5.21876, 5.41024, 9.82095, 12.2498, 11.4121, 7.49118, 8.02109, 7.61562, 6.63191, 6.74791, 6.01276, 10.4862, 12.2274, 11.1338, 12.22, 4.79207, 6.36582, 7.50778, 6.66275, 3.3208, 1.00108, 5.52179, 9.40756, 16.0618, 12.3015, 27.0571)
(12.2409, 5.93375, 8.79083, 9.08722, 17.7102, 18.3969, 6.85412, 3.61805, 4.3796, 6.01887, 6.96958, 12.109, 8.38723, 9.80347, 11.55, 6.22337, 9.18945, 9.02973, 8.09028, 7.09865, 7.71472, 10.8041, 5.81388, 4.86805, 5.05208, 4.06878, 1.81414, 0.255627, 6.06631, 14.2386, 15.3334, 16.9772, 25.5119)
(6.81634, 6.10618, 8.0664, 11.6982, 16.3791, 17.2235, 9.67185, 4.03832, 3.95614, 5.64637, 10.3976, 10.6703, 10.39, 9.93837, 8.87936, 7.92769, 7.67168, 9.42154, 9.25121, 7.47533, 8.60587, 9.76873, 5.83118, 4.12378, 5.46533, 4.69404, 2.90642, 0.445722, 5.74885, 10.9788, 15.8106, 21.9549, 22.0403)
(11.3778, 4.33948, 6.03928, 11.2851, 20.6841, 20.9182, 6.99478, 1.6495, 0.504568, 3.20382, 13.0033, 11.1796, 13.9256, 7.16202, 8.18024, 10.3307, 7.95791, 12.5823, 10.4851, 5.91841, 4.94231, 7.33588, 0.767423, 2.95114, 1.88634, 5.27996, 5.09167, 2.42395, 4.187, 15.3087, 20.5745, 15.9902, 25.5391)
(5.20294, 6.28301, 11.2356, 18.7363, 18.4054, 13.7152, 7.6596, 3.50554, 3.00564, 5.66527, 6.58552, 11.2389, 9.62071, 7.9339, 7.97842, 7.32592, 7.9339, 8.69985, 10.2698, 8.71945, 9.29882, 10.9803, 3.63429, 3.20335, 4.84002, 3.40034, 3.8398, 0.764313, 3.8495, 10.2124, 15.9176, 23.8285, 26.5098)
(4.57672, 5.19237, 9.34409, 17.7746, 26.5558, 14.3446, 4.61673, 2.45075, 3.72451, 4.80185, 6.61805, 7.59865, 8.36936, 8.23406, 9.56221, 8.95389, 10.1507, 10.9129, 10.5737, 9.52659, 8.71097, 7.40695, 2.66134, 2.79381, 3.34783, 2.39186, 1.67954, 0.445477, 3.93881, 11.7698, 19.352, 24.4883, 27.1313)
(7.01484, 11.7625, 14.8481, 16.7003, 18.454, 9.87363, 2.13642, 0.292805, 0.200917, 2.33375, 16.3827, 0.972279, 7.80748, 16.1913, 10.4326, 7.9953, 15.5746, 14.2427, 9.92383, 4.82114, 7.69588, 4.34286, 1.96173, 0.519824, 1.95532, 0.35505, 3.42487, 0.113671, 3.62438, 6.7755, 14.261, 20.0732, 46.9354)
(8.94261, 10.6828, 16.5078, 21.0978, 19.8493, 8.6646, 1.63546, 0.502002, 0.498649, 3.2829, 8.33604, 4.15255, 6.82267, 7.20426, 14.2793, 12.7042, 9.15329, 13.6669, 12.6717, 8.99022, 7.8656, 2.48927, 1.63815, 0.915471, 0.861813, 0.831723, 2.15793, 0.132699, 2.61399, 6.93922, 13.6185, 27.3744, 42.9161)
(9.72374, 10.4507, 13.9957, 13.0304, 14.8638, 10.9599, 5.37202, 3.2278, 1.94528, 5.68539, 10.7453, 8.421, 7.18758, 9.14147, 9.7338, 9.31643, 11.0068, 10.8103, 9.92494, 7.99997, 9.1252, 7.33248, 5.16897, 5.04651, 4.78081, 3.94071, 2.2574, 0.602352, 3.23793, 8.30404, 12.8657, 21.5733, 32.2223)
(10.684, 5.75382, 8.62579, 14.2095, 13.8982, 10.3746, 9.50524, 4.30959, 7.11515, 8.43598, 7.0881, 14.3434, 7.76849, 6.50543, 9.96087, 7.92097, 8.28646, 8.06684, 7.08101, 9.28491, 8.53441, 12.2472, 11.8891, 8.0789, 11.17, 3.77125, 1.77349, 0.355556, 2.10852, 3.97878, 12.8146, 21.3807, 22.6791)
(14.637, 8.47886, 7.6632, 11.093, 12.6713, 9.71289, 14.8387, 0.799468, 6.7051, 2.79702, 10.6036, 10.8383, 6.08366, 10.2231, 8.62177, 5.95169, 4.27923, 7.19688, 3.19824, 14.8291, 12.1685, 16.6095, 1.04669, 3.93401, 4.09874, 9.80546, 3.54077, 0.11666, 5.08478, 8.81213, 17.2467, 18.2445, 28.0695)
(2.9427, 5.13624, 5.41537, 15.7567, 21.4794, 21.2692, 8.06444, 2.3856, 5.7358, 4.90969, 6.90492, 7.33575, 6.67177, 11.2737, 11.1396, 11.3572, 9.34577, 10.2459, 10.651, 6.86191, 9.11579, 6.00154, 4.68603, 2.887, 4.84671, 2.65408, 2.95754, 0.321145, 3.45403, 10.4994, 16.5618, 26.8704, 24.2619)
(3.14669, 3.49389, 8.38926, 22.8249, 27.3847, 16.5015, 4.1742, 2.49777, 2.40305, 4.53479, 4.64922, 5.50117, 7.17785, 10.0021, 9.12756, 8.99661, 11.6204, 11.5921, 13.5965, 11.0401, 7.2908, 4.05475, 3.07248, 2.5132, 1.44168, 1.40857, 1.01324, 0.296154, 2.56073, 8.4674, 18.7987, 30.7403, 29.6876)
(4.65519, 9.46498, 27.3839, 31.3207, 15.8316, 4.10704, 0.749631, 0.324647, 0.412993, 1.6188, 4.13057, 3.01647, 4.61327, 8.24961, 14.7409, 16.7644, 10.9552, 19.152, 8.51338, 5.62541, 5.35377, 3.01554, 0.594894, 0.574483, 0.547305, 0.466154, 0.556409, 0.0937106, 0.770915, 4.80492, 10.9626, 30.2441, 50.3845)
(8.75112, 12.2321, 16.1456, 22.3526, 21.6394, 7.73778, 1.2422, 0.426982, 0.504946, 2.73708, 6.23024, 6.18601, 9.31197, 6.49244, 8.81563, 10.3355, 12.7687, 16.1665, 10.9758, 9.79342, 5.339, 3.81512, 0.825482, 0.965344, 1.50762, 1.35535, 0.761927, 0.123865, 1.06401, 10.0795, 14.337, 28.4079, 40.5721)
(7.20777, 12.5242, 9.66057, 8.29998, 26.4347, 20.0789, 6.29479, 0.503366, 0.345048, 2.68997, 5.96063, 3.27527, 6.90995, 5.42747, 15.9147, 9.20164, 18.2272, 21.8057, 5.73501, 5.34347, 6.85067, 1.30896, 0.75853, 4.35656, 0.884593, 2.43966, 2.20197, 0.145408, 0.688975, 3.70872, 15.3281, 29.2405, 40.247)
(8.34792, 5.05795, 3.49282, 5.16792, 10.1332, 36.1893, 5.04459, 0.0610726, 1.68809, 5.01463, 19.8025, 19.8014, 6.70848, 5.06792, 6.69658, 5.07417, 6.71084, 6.74129, 11.6374, 8.33174, 13.2612, 9.96895, 0.109479, 3.3754, 3.3669, 11.5385, 4.95681, 0.0148112, 6.60385, 14.8688, 32.9539, 13.4736, 8.73799)
(6.49465, 6.10359, 11.1985, 16.2081, 15.5583, 16.8883, 9.31348, 2.84543, 4.44598, 4.45347, 6.49027, 9.7336, 11.9006, 8.6184, 6.31224, 10.5256, 4.6043, 10.0528, 7.27893, 10.3743, 9.26876, 11.3305, 6.54573, 6.19078, 5.2315, 5.69243, 2.85281, 0.296371, 2.14521, 4.97501, 12.0077, 25.4366, 28.6258)
(6.62022, 4.57769, 10.868, 17.2275, 15.1368, 7.10058, 8.91356, 4.30499, 6.28284, 6.48967, 12.4781, 9.02493, 12.4586, 4.68993, 2.84645, 8.9413, 6.68409, 6.92221, 21.7682, 5.0468, 12.6991, 8.91836, 0.617937, 4.55171, 2.6593, 4.56086, 4.16351, 0.0681474, 2.20335, 4.5639, 14.9338, 31.53, 30.1475)
(7.68205, 7.63572, 0.157387, 7.76598, 7.80955, 22.9783, 22.8183, 15.1178, 0.118545, 0.171652, 7.74471, 0.283025, 15.1781, 7.72736, 7.73743, 0.206988, 7.70121, 0.240009, 7.76747, 22.6905, 30.1857, 0.282201, 22.7764, 7.70974, 22.6537, 0.209607, 0.132478, 0.0221554, 0.132769, 0.19396, 7.80471, 30.2765, 8.088)
(8.23742, 8.11491, 14.9847, 25.8922, 23.1231, 10.0877, 0.973545, 0.346372, 0.383698, 1.40041, 6.45593, 2.43846, 6.10612, 8.03053, 17.8921, 12.8723, 9.11488, 6.93521, 13.8927, 8.7235, 9.53564, 4.45851, 2.48725, 0.772683, 0.714348, 2.23385, 0.816458, 0.0920856, 0.9321, 4.98701, 17.7562, 23.9373, 45.2707)
(5.64347, 10.8964, 20.7253, 22.0963, 20.6213, 8.51139, 3.63564, 0.522513, 0.751828, 1.74277, 4.8531, 8.57942, 5.78531, 6.49172, 9.8307, 9.4037, 10.4784, 12.4253, 16.6579, 9.04743, 6.38806, 4.91199, 1.13224, 3.24864, 1.29377, 1.20665, 1.67231, 0.174726, 2.11391, 8.54744, 16.0346, 27.4926, 37.0831)
(6.10843, 7.21877, 22.504, 20.924, 23.4308, 10.1409, 3.26056, 0.613623, 0.43064, 1.43476, 3.93348, 8.47141, 4.4859, 7.39813, 9.6337, 8.68727, 13.1923, 18.7214, 11.866, 9.06243, 6.0643, 2.41715, 1.42493, 2.89116, 2.72227, 2.45048, 0.829812, 0.197234, 1.20552, 6.39067, 9.75614, 37.9031, 34.2287)
(1.09312, 1.02193, 9.3361, 21.7039, 22.0005, 13.6774, 12.856, 11.9676, 0.578306, 4.60739, 1.1577, 16.9272, 5.20926, 8.91536, 4.90398, 12.8822, 8.87294, 5.48325, 9.13667, 9.07711, 13.1961, 5.3959, 4.67069, 1.02619, 0.876686, 4.71405, 4.26871, 0.0896608, 0.414759, 0.99204, 21.3193, 22.6845, 38.9434)
(1.17886, 5.82575, 6.24295, 10.818, 15.8164, 24.6547, 14.6576, 0.88035, 0.321546, 5.229, 14.3748, 5.9406, 10.0595, 1.6132, 10.3972, 1.56276, 14.5305, 10.0725, 10.5099, 14.7084, 10.643, 9.96258, 14.63, 9.98569, 1.55356, 9.36621, 4.91311, 0.12012, 9.01001, 1.30277, 7.03285, 16.5662, 25.5194)
(1.60372, 9.2455, 10.5519, 27.664, 27.9638, 11.0447, 2.76292, 4.85812, 1.01345, 1.50381, 1.78818, 2.44915, 2.42173, 9.56568, 5.60843, 6.68212, 13.6192, 18.133, 10.133, 10.1711, 14.7228, 6.49368, 1.2817, 5.4369, 1.24568, 1.32441, 0.681001, 0.0755055, 0.481367, 5.07013, 11.3487, 26.4306, 46.624)
(1.1049, 4.1089, 8.21955, 35.3174, 35.6177, 4.65053, 8.91175, 0.270726, 0.162936, 0.527152, 1.10848, 6.77903, 6.47613, 9.37351, 7.10431, 9.60821, 12.5212, 7.45379, 23.4738, 6.86656, 4.03831, 6.30516, 3.30283, 0.652161, 3.27822, 3.27494, 3.00889, 0.0564039, 3.08307, 1.22146, 13.3195, 17.5773, 51.2253)
(1.36828, 8.57094, 11.4373, 9.20084, 13.5295, 22.1386, 11.9294, 3.85266, 1.84964, 7.5709, 8.55195, 10.4654, 8.37133, 8.37418, 13.997, 6.97816, 7.87695, 2.80909, 9.48812, 10.7111, 9.15433, 11.7743, 13.1947, 13.05, 11.0135, 6.04807, 5.75365, 0.0889237, 2.45153, 6.42975, 15.2228, 9.09912, 17.648)
