(11.9902, 1.99751, 12.6688, 16.6954, 7.44289, 12.6847, 1.74848, 1.29924, 0.911953, 11.4222, 21.1387, 2.19062, 7.42845, 8.09418, 10.9543, 7.10922, 11.25, 21.1602, 16.1693, 6.82464, 2.39318, 6.42599, 3.6058, 7.75708, 1.08902, 1.49745, 1.46653, 0.0331745, 5.93135, 6.32453, 7.25965, 22.5658, 42.4697)
(4.37114, 11.2848, 11.6008, 26.5104, 3.2052, 15.0474, 4.46593, 4.08935, 12.8607, 1.41694, 5.14733, 20.2219, 14.1283, 9.36569, 3.9869, 5.3345, 7.58453, 5.72518, 8.36766, 13.3451, 4.47206, 7.46813, 8.68957, 23.0977, 0.682493, 10.0388, 7.02568, 0.0463081, 1.18854, 7.55754, 11.7722, 13.0679, 16.8333)
(5.89167, 5.88775, 5.9435, 5.94412, 6.12758, 23.4021, 17.4547, 11.6791, 0.0518329, 5.91502, 11.7026, 5.93834, 11.7184, 11.7833, 0.144594, 11.7122, 0.185916, 17.4858, 5.95181, 5.91641, 23.2669, 5.89645, 23.4107, 11.7426, 0.114961, 5.85096, 5.80806, 0.00777047, 0.0694611, 5.93007, 11.7457, 23.4081, 11.9116)
(3.69815, 7.05445, 17.9567, 10.1283, 11.759, 11.1141, 12.0764, 9.15558, 4.38182, 3.93256, 8.74299, 8.64049, 12.1114, 20.0751, 5.93493, 6.53763, 7.0792, 10.3522, 6.95647, 5.76425, 5.91447, 10.6338, 17.0333, 9.68827, 3.31298, 5.67964, 3.72979, 0.075625, 2.88082, 8.25108, 14.9082, 16.9417, 17.4986)
(6.71677, 4.32546, 7.32171, 7.98032, 17.0966, 17.152, 6.57817, 9.23699, 2.28586, 13.1582, 8.14793, 13.7131, 10.0577, 11.0188, 5.2042, 8.18285, 12.2329, 8.95307, 11.0861, 4.4966, 7.81444, 7.24016, 19.2795, 9.38765, 5.95178, 4.40398, 1.18749, 0.195955, 5.01846, 9.24648, 12.7175, 14.49, 18.1211)
(11.716, 7.3225, 13.1612, 11.963, 10.1223, 13.7538, 10.3746, 3.42544, 5.24043, 5.0762, 7.84441, 10.6384, 5.83587, 7.73358, 6.97896, 7.5175, 9.44092, 11.6384, 9.91814, 8.0922, 7.78969, 14.4163, 10.5471, 5.62833, 8.30395, 8.38106, 7.22878, 0.686332, 3.30171, 5.11079, 11.4378, 17.726, 21.6482)
(19.1019, 5.54715, 13.5306, 6.63395, 10.6935, 13.6234, 2.87461, 4.34994, 2.08659, 8.21632, 13.342, 7.73548, 12.9478, 17.4979, 7.121, 12.6491, 7.92064, 8.51711, 6.01118, 6.27468, 10.1392, 3.18602, 18.5915, 19.2631, 4.15931, 2.96601, 8.218, 0.0365798, 6.07074, 5.31184, 6.52404, 13.0206, 15.8383)
(0.0581573, 0.0392095, 0.0600086, 6.27826, 43.5612, 18.7608, 12.4659, 12.4542, 0.0137212, 0.0529224, 6.25561, 6.26468, 6.27099, 12.4839, 12.4705, 12.4731, 12.4692, 6.27327, 6.26719, 6.26381, 18.7085, 0.054781, 18.7367, 18.6732, 12.445, 6.2345, 0.0153006, 0.00533342, 0.022012, 6.25653, 6.28434, 12.5569, 18.7702)
(13.2491, 6.64395, 13.1343, 12.8625, 18.6393, 13.4976, 1.00397, 0.602193, 0.501051, 18.6653, 1.20065, 6.88699, 13.2074, 7.20616, 0.862057, 1.38886, 0.986922, 7.0591, 0.841534, 30.3324, 18.7261, 12.5025, 7.56454, 1.57698, 6.65222, 6.7386, 6.74428, 0.0124301, 6.47219, 12.3196, 6.80316, 19.4149, 25.7011)
(10.3384, 8.29577, 12.4916, 13.4442, 9.29769, 12.1377, 8.90322, 5.24124, 2.31545, 8.89628, 8.63846, 5.31641, 8.65179, 9.47048, 10.3986, 9.38102, 7.37726, 9.14209, 10.4622, 9.52873, 14.1866, 6.0848, 13.767, 13.0097, 3.03374, 7.31023, 5.90219, 0.120389, 5.57367, 3.90885, 9.65538, 13.6857, 24.0331)
(0.653029, 0.662198, 1.53493, 18.8531, 7.36231, 37.0148, 24.9517, 6.59823, 0.884557, 0.764088, 0.721095, 24.7876, 6.98632, 0.943636, 6.87467, 12.8411, 6.7793, 18.8784, 0.913881, 0.841715, 6.99462, 13.1588, 6.84593, 6.95147, 24.8282, 12.7876, 12.2545, 0.0636019, 6.16026, 0.440858, 1.17491, 20.3725, 8.12026)
(12.0129, 6.72516, 10.1287, 6.81378, 8.24224, 11.2179, 5.60025, 7.87207, 5.3696, 8.79763, 17.2199, 10.4216, 11.6497, 11.1875, 6.29397, 5.67549, 5.788, 10.1378, 9.71689, 8.43943, 13.7362, 6.95341, 12.065, 13.5, 11.531, 4.55473, 2.08999, 0.296613, 4.25281, 11.3525, 9.54834, 14.5685, 16.2405)
(15.6706, 9.97614, 8.99319, 4.00071, 10.8199, 11.2704, 5.32083, 3.29829, 9.27641, 10.1716, 11.2019, 8.41064, 11.0679, 11.3187, 5.7221, 23.1767, 14.2892, 3.97638, 3.78121, 8.12005, 6.56045, 3.57672, 24.1616, 15.5856, 3.43591, 11.4717, 7.44209, 0.0750009, 3.18942, 3.74014, 8.30465, 9.67983, 12.9141)
(19.7215, 1.54418, 6.17454, 2.39582, 3.63053, 25.2876, 14.1515, 5.02353, 5.54331, 10.5527, 5.97479, 9.90662, 24.2096, 11.0239, 6.66964, 19.4195, 10.8227, 10.6291, 1.21677, 2.6439, 1.89857, 1.55975, 15.7691, 14.9176, 10.1384, 9.87455, 13.8613, 0.22656, 4.97626, 1.04532, 2.26361, 16.8627, 10.0647)
(10.682, 8.54414, 9.10414, 11.7222, 14.9354, 15.7412, 7.52793, 5.357, 4.82087, 5.28862, 6.27644, 9.01109, 12.3377, 11.4511, 10.72, 10.9347, 6.25335, 5.81297, 10.818, 6.48609, 6.5075, 9.66741, 8.60755, 11.3738, 5.84596, 3.87584, 4.0709, 1.18248, 2.74083, 6.01782, 9.9314, 14.9621, 31.3914)
(5.18913, 3.71824, 5.76514, 21.3927, 24.3234, 12.3813, 9.10912, 4.09204, 4.58134, 5.95394, 3.49372, 6.93932, 7.53656, 11.3102, 5.31739, 8.20704, 6.86222, 18.5629, 9.32404, 9.31362, 7.45596, 9.17075, 4.65032, 3.42781, 4.8401, 5.70999, 4.96078, 0.715591, 4.07654, 4.87198, 12.3813, 24.5918, 29.7738)
(2.95743, 3.22924, 5.29313, 14.2169, 22.8778, 20.412, 8.90102, 4.76251, 9.60515, 3.08431, 4.66063, 11.356, 9.03463, 10.4691, 8.60455, 4.72181, 8.53822, 7.68032, 12.1728, 6.27739, 8.75342, 12.3917, 5.372, 6.92158, 5.53572, 5.67727, 3.05951, 1.50454, 2.89855, 6.27328, 16.9294, 18.508, 27.3201)
(4.32852, 10.8417, 20.8885, 19.1135, 14.9611, 11.1533, 4.55523, 1.20421, 5.14888, 5.28865, 2.51652, 8.06356, 10.1355, 12.6495, 7.33942, 5.14228, 8.88286, 21.5821, 5.00676, 5.15376, 5.8855, 10.1588, 9.41611, 5.27772, 7.65609, 4.94464, 0.345389, 0.212694, 0.841074, 4.92888, 2.05912, 41.1549, 23.1634)
(1.21731, 1.37058, 14.0244, 14.6766, 10.7081, 15.6363, 17.7201, 8.76953, 5.39401, 1.38422, 9.09877, 14.1364, 13.9299, 5.58327, 17.632, 13.6259, 13.6209, 2.77307, 5.21263, 5.48884, 5.79983, 2.19723, 6.18857, 5.73304, 22.0179, 9.41597, 4.66016, 0.0995669, 0.488856, 0.924701, 5.56365, 25.1276, 19.78)
(0.39157, 10.6592, 1.5258, 1.94933, 21.1664, 31.4134, 0.973201, 0.425272, 20.4353, 10.4931, 0.567327, 11.1121, 10.973, 10.7696, 1.14427, 10.6889, 1.16892, 11.5073, 10.4272, 0.686383, 10.8074, 20.7148, 1.18997, 10.6782, 11.1414, 0.772545, 0.181593, 0.0354572, 0.165062, 10.375, 10.4403, 52.9948, 2.02571)
(7.0174, 9.62686, 11.3302, 19.6767, 18.1132, 13.7505, 4.22803, 2.06808, 3.54624, 4.12095, 6.52183, 10.905, 8.58929, 9.13409, 6.92567, 7.35105, 8.35242, 7.61131, 8.5564, 11.7005, 10.3723, 10.5019, 1.34818, 1.55704, 3.00744, 1.96033, 2.23235, 0.477838, 4.42369, 7.62816, 15.9818, 23.9864, 37.3967)
(21.968, 8.50856, 6.44108, 7.48132, 7.82349, 7.28692, 2.03389, 4.79942, 0.507476, 17.9154, 15.2344, 8.65514, 9.44511, 9.77746, 10.1815, 9.79529, 6.20279, 9.591, 6.02948, 9.99566, 14.1222, 6.20439, 40.0381, 12.1959, 4.86708, 4.41437, 0.867734, 0.325451, 4.2993, 5.83591, 3.99908, 14.2572, 8.89987)
(6.42882, 7.4732, 10.17, 11.6176, 20.4759, 21.8786, 6.86049, 3.41322, 2.30431, 3.23958, 6.1383, 4.17182, 7.0618, 11.03, 11.0732, 7.43368, 8.87993, 10.1369, 9.11872, 10.8821, 10.7241, 9.48775, 10.879, 7.19189, 5.08093, 1.8743, 2.92045, 1.39341, 2.74206, 6.7293, 8.60839, 25.1858, 27.3945)
(3.31232, 3.1577, 11.5825, 10.8699, 18.1656, 26.7329, 10.5308, 5.0976, 7.92616, 1.12437, 1.50018, 11.5764, 9.86644, 8.36175, 8.2509, 3.04553, 9.70217, 4.6671, 11.8423, 7.84202, 13.2972, 11.5481, 6.92556, 5.66492, 3.22437, 3.49044, 2.48005, 0.296561, 4.51813, 6.0593, 14.7287, 26.241, 26.3709)
(4.21946, 6.69097, 5.69675, 14.435, 23.7618, 15.5012, 12.5539, 4.31051, 4.42532, 4.51775, 3.88741, 10.6256, 8.4924, 9.48498, 10.2486, 8.44322, 5.60805, 10.0034, 9.26543, 9.68438, 7.6755, 10.4685, 5.07774, 5.53708, 4.98648, 4.5544, 3.64678, 0.465709, 5.67969, 6.48193, 13.9958, 19.8251, 29.7492)
(2.8049, 2.58435, 9.11612, 18.0721, 23.5702, 24.0185, 6.22869, 2.611, 4.33344, 3.91727, 2.74333, 13.8875, 6.72578, 14.0168, 6.34217, 7.22628, 8.97372, 5.07748, 9.58294, 4.6161, 14.8935, 8.65766, 7.14929, 5.90309, 4.05673, 5.64921, 2.05419, 1.62978, 2.31361, 6.30347, 17.7662, 19.283, 27.8915)
(5.70081, 7.50388, 6.54033, 5.47307, 14.0842, 4.59882, 6.78322, 11.2016, 15.1153, 11.4158, 11.5829, 10.8946, 12.3725, 3.95331, 2.45193, 6.48452, 4.17124, 8.54973, 4.23825, 14.0851, 14.1641, 18.6349, 13.9806, 17.67, 10.2859, 7.80707, 3.0912, 0.16312, 2.93859, 3.50103, 12.9681, 13.5825, 14.0119)
(3.30886, 3.30873, 6.30103, 4.85889, 16.8771, 20.9921, 15.5249, 12.2671, 7.78448, 7.73316, 1.04372, 17.835, 1.60809, 3.81377, 8.29028, 3.78775, 1.43568, 13.2321, 15.1755, 8.32062, 10.6337, 15.8674, 5.7032, 12.5764, 10.3866, 12.5813, 3.02164, 0.141069, 0.724628, 3.4205, 11.5117, 24.0103, 15.9227)
(4.12102, 4.61, 11.3301, 19.0015, 33.5771, 14.8608, 1.71723, 3.81418, 1.37395, 1.19204, 4.40204, 5.28818, 5.50371, 8.24032, 12.6405, 4.37852, 10.2377, 15.3938, 13.3348, 6.19814, 7.97602, 10.8082, 3.77657, 8.79653, 1.0414, 0.627208, 0.955655, 0.0524167, 0.916156, 2.33121, 9.91957, 22.5773, 49.0059)
(9.42388, 4.81076, 9.55729, 28.3181, 33.0351, 9.68955, 0.122429, 0.0837883, 0.0992523, 4.7222, 0.137665, 0.299547, 4.83146, 4.83442, 9.44855, 14.1367, 23.4762, 14.1894, 4.89188, 9.50654, 4.88342, 9.50196, 0.0342095, 0.0636754, 0.124788, 0.0488641, 0.060309, 0.0112883, 0.0900638, 0.238397, 9.73406, 42.3587, 47.2357)
(7.32159, 7.72285, 13.997, 18.0052, 15.6453, 14.1999, 4.27297, 2.96351, 3.88248, 3.91917, 8.06995, 8.04045, 11.9177, 10.6132, 7.65207, 9.8622, 8.29884, 7.4243, 7.2332, 9.00315, 9.10641, 10.8485, 4.11927, 3.47523, 2.88582, 2.75978, 1.90721, 1.03585, 2.788, 7.3283, 13.4246, 24.2737, 36.0023)
(7.64908, 7.40259, 12.4318, 15.1077, 18.3004, 18.0597, 5.29394, 2.01226, 2.88887, 3.7542, 7.09941, 6.10862, 8.95739, 8.35691, 9.09136, 8.70519, 8.90054, 8.23615, 8.561, 13.4484, 10.224, 9.41043, 7.01378, 5.35292, 3.36954, 2.94176, 2.78714, 0.991387, 3.678, 7.28969, 12.2944, 22.9775, 31.304)
(11.021, 5.93638, 11.6671, 14.5569, 16.3075, 16.5374, 4.14998, 3.87526, 3.78523, 4.91228, 7.2509, 5.96158, 5.57793, 12.2217, 9.37762, 9.89833, 9.94516, 11.0009, 8.57002, 10.5676, 10.5774, 6.30178, 7.88578, 5.46521, 2.90162, 3.30912, 0.611494, 1.04644, 1.66249, 5.82787, 14.3648, 25.3167, 31.6085)
(9.62079, 5.64443, 11.6545, 14.9993, 17.0131, 16.0791, 5.41046, 4.0125, 4.07113, 5.44026, 6.05447, 7.04746, 8.86731, 12.3843, 9.42964, 7.63286, 7.3424, 11.5974, 7.46441, 10.0837, 9.82296, 8.32756, 7.63311, 5.02858, 4.68739, 4.21092, 1.7676, 0.982682, 3.36625, 6.63795, 12.1377, 24.1404, 29.4074)
(3.02429, 6.01057, 13.3362, 16.7346, 26.8833, 21.7106, 4.02146, 1.17946, 2.1257, 1.14073, 3.83321, 4.65242, 10.7129, 4.91125, 14.9983, 9.0518, 10.0744, 11.4247, 11.3554, 11.536, 4.08102, 7.20181, 6.35291, 2.54195, 2.42732, 3.35865, 1.684, 1.37034, 2.09851, 7.72845, 15.0477, 30.1591, 27.2311)
(11.5685, 3.48057, 2.33857, 10.4793, 19.4607, 20.1881, 1.61994, 0.75808, 6.12254, 6.88817, 17.0956, 4.89279, 4.2564, 21.0769, 22.3413, 6.99254, 11.1621, 3.37443, 2.6097, 14.7564, 2.70294, 5.83456, 6.1673, 4.32762, 2.84727, 5.41837, 0.889151, 1.07839, 0.412534, 4.56372, 13.8508, 8.45668, 51.9882)
(7.31814, 6.96699, 13.8796, 13.8554, 15.6647, 14.8489, 4.07998, 4.49212, 4.3608, 5.37671, 9.15672, 10.8059, 9.27845, 9.01381, 11.9714, 7.49308, 7.32821, 7.41743, 9.09039, 10.3385, 6.89175, 10.3711, 6.73504, 6.7258, 2.88718, 3.62417, 4.30237, 0.919507, 4.90851, 7.15467, 14.7985, 18.292, 29.6523)
(6.20896, 5.26037, 11.2245, 16.1482, 20.0124, 15.7654, 6.79338, 5.43716, 4.24789, 4.31132, 4.59053, 9.04539, 10.2078, 9.21351, 8.97498, 8.5559, 7.80766, 11.4759, 8.55141, 8.20152, 8.55595, 9.41, 5.78414, 5.75974, 4.44613, 3.83493, 1.80136, 1.00493, 3.09513, 7.8262, 14.7401, 21.5239, 30.1835)
(2.70331, 4.66178, 7.39404, 20.3627, 26.9764, 20.6515, 2.86838, 8.77369, 0.551021, 0.38745, 4.66962, 11.4388, 7.33308, 5.24723, 9.26097, 11.1437, 9.15389, 7.06638, 15.4766, 11.1974, 5.27476, 7.40717, 0.605402, 13.0486, 2.61487, 8.83514, 2.3446, 0.0926629, 4.53745, 7.05178, 9.85903, 23.1686, 27.8418)
(6.93876, 13.3399, 6.80133, 12.1053, 5.4358, 22.9253, 6.13534, 1.63842, 12.2382, 3.36368, 9.07788, 5.33155, 6.98795, 3.18921, 10.6918, 6.51403, 14.7519, 14.9754, 2.5908, 13.07, 11.2105, 10.6869, 21.6269, 4.12463, 9.69469, 6.32218, 0.398238, 3.50005, 0.505556, 5.11716, 7.14428, 19.6235, 21.9429)
(1.14189, 1.83255, 1.65279, 43.7609, 22.7904, 9.87093, 7.92576, 0.488215, 1.38931, 8.08533, 1.06188, 14.8066, 1.3436, 1.21543, 8.65591, 8.14365, 15.8621, 9.33767, 0.936361, 15.2994, 15.6787, 8.7207, 9.28422, 8.20644, 1.3675, 1.13748, 0.0840387, 0.214982, 0.166748, 0.899717, 15.0535, 39.4091, 24.1762)
(0.671386, 1.32288, 7.43004, 21.4167, 44.2008, 11.037, 10.0754, 0.877863, 1.31055, 0.768369, 0.888874, 2.38456, 2.70395, 7.00874, 13.5328, 14.1973, 12.7978, 9.44317, 17.9523, 5.22938, 7.13239, 7.6176, 1.6929, 6.12286, 1.58807, 0.900237, 3.55502, 0.271881, 1.01622, 2.44198, 6.19286, 41.0581, 35.1599)
(10.7423, 8.14345, 11.3762, 11.693, 13.9615, 14.0354, 7.0169, 3.25828, 4.30293, 4.98486, 10.4853, 13.592, 11.7846, 9.81905, 6.44598, 7.45319, 7.13269, 6.78853, 8.18855, 9.40163, 8.92247, 10.4714, 6.35684, 4.23293, 3.9807, 4.08031, 2.48257, 0.798185, 4.03381, 8.86075, 11.4424, 23.1636, 30.5679)
(8.78099, 8.11522, 11.1443, 14.6723, 17.9123, 15.0482, 5.30039, 3.8509, 3.12327, 4.95181, 7.10035, 8.84265, 8.5464, 9.72256, 8.6255, 7.85357, 6.20437, 8.2047, 9.27699, 11.1635, 10.1314, 11.4284, 6.56139, 4.80625, 4.10077, 3.09384, 1.3156, 1.08143, 3.0376, 6.90633, 14.0039, 23.5432, 31.5497)
(8.50487, 8.23759, 10.9799, 11.5695, 15.0249, 14.2057, 5.9778, 5.11889, 4.758, 5.53068, 10.0921, 11.2216, 10.8346, 9.67062, 6.81665, 8.03226, 6.75436, 7.41418, 7.59974, 9.21405, 11.4798, 10.9621, 8.15745, 5.26974, 4.70463, 3.10944, 1.85952, 0.605432, 3.05218, 7.12432, 11.7462, 21.2091, 33.162)
(1.48723, 1.02638, 2.59067, 11.4412, 25.0855, 38.3202, 4.98579, 8.67385, 0.361309, 4.67949, 1.34846, 8.9945, 10.1981, 5.8061, 14.1141, 14.1332, 9.65878, 1.97818, 1.39026, 5.66046, 18.3662, 9.70016, 1.90392, 1.05911, 8.39931, 8.50079, 4.12967, 0.188691, 0.986535, 13.2837, 10.9423, 25.0922, 25.5138)
(8.85965, 7.69868, 10.8755, 12.0171, 13.7501, 13.4077, 6.74749, 5.42164, 5.34814, 6.2282, 9.64576, 12.2415, 10.3226, 9.01646, 8.52814, 7.34194, 6.8243, 7.48452, 7.37418, 9.36319, 9.07831, 12.4249, 6.95303, 5.10095, 4.57226, 3.83165, 2.43268, 0.770221, 3.70537, 7.17377, 11.838, 20.8012, 32.8208)
(8.32958, 6.91191, 11.3791, 14.5198, 16.2094, 14.4699, 6.50577, 4.15963, 4.35554, 5.46883, 7.69044, 9.29553, 11.2361, 10.1191, 7.50496, 7.2983, 6.7208, 7.7765, 7.84464, 9.75655, 12.6583, 9.78927, 6.60366, 5.37982, 5.47207, 3.55905, 2.03814, 0.617403, 3.32468, 7.02197, 12.9986, 22.8039, 30.1807)
(7.05825, 6.27289, 9.64185, 12.9455, 18.0018, 14.6311, 7.76419, 4.73385, 4.13247, 5.9968, 8.82133, 11.6784, 10.0115, 8.44154, 8.76779, 7.95077, 8.24313, 6.4253, 8.76032, 8.97124, 9.12844, 11.6216, 5.18161, 4.40887, 5.49089, 4.7359, 2.60305, 0.758296, 4.28521, 8.74155, 14.0608, 22.6972, 27.0366)
(6.12694, 6.55018, 11.5405, 15.1851, 17.895, 12.8331, 7.26035, 5.83559, 4.87199, 4.6119, 7.28936, 10.0227, 11.3924, 8.03858, 10.1336, 6.71859, 8.67193, 9.85588, 8.65973, 7.29842, 7.60207, 11.6061, 4.86656, 6.40048, 7.10566, 4.59678, 2.40588, 0.410386, 4.57686, 7.82165, 14.0935, 18.5698, 29.1525)
(4.76525, 8.33924, 15.6818, 22.8247, 16.7181, 11.4615, 7.33107, 3.57015, 2.50649, 1.72483, 5.07695, 6.82088, 9.94403, 5.84222, 8.95576, 6.87168, 11.7713, 7.8185, 16.4024, 8.21534, 6.85668, 10.5012, 7.12504, 4.987, 2.68648, 1.02128, 3.08883, 0.115629, 1.36493, 6.98204, 14.8436, 25.0686, 32.7166)
(4.57041, 8.91726, 16.5488, 23.538, 18.748, 12.0783, 2.97241, 1.30248, 1.43416, 1.66817, 8.22201, 6.55946, 8.6578, 9.42581, 10.7497, 8.76045, 8.41759, 7.76208, 10.8457, 9.10584, 13.0775, 6.63814, 2.94403, 1.32797, 2.26968, 0.911429, 0.999727, 0.148821, 4.99483, 6.34536, 13.192, 30.8982, 35.9679)
(1.97335, 4.69701, 7.89005, 11.9478, 22.4631, 25.3396, 9.93824, 3.02663, 6.75355, 3.31762, 2.65303, 9.66971, 11.5229, 7.24834, 14.9228, 5.11499, 8.38588, 5.77809, 10.0384, 10.1036, 7.60255, 9.61274, 7.79723, 3.1886, 6.1694, 4.60306, 4.52994, 1.24112, 3.89157, 8.89529, 14.696, 18.285, 26.7027)
(5.47477, 7.51048, 13.0626, 18.4362, 18.7456, 17.0092, 3.04796, 4.28482, 3.19039, 2.78073, 6.45728, 11.8271, 4.12513, 11.6503, 5.45009, 9.99266, 7.12273, 5.95061, 15.3045, 11.2023, 10.4548, 6.91961, 2.12593, 1.46841, 4.44231, 1.62074, 1.80488, 0.112442, 2.11121, 7.54852, 23.4663, 22.8534, 32.4459)
(4.10704, 7.10625, 12.7873, 16.032, 25.8076, 17.0248, 4.63553, 2.02319, 2.15067, 3.3323, 4.99342, 8.55474, 9.20612, 8.07866, 9.45307, 7.26531, 9.3261, 8.34767, 8.78986, 10.879, 11.6954, 8.40405, 2.32708, 2.47651, 2.74118, 1.85713, 2.07723, 0.824972, 6.54553, 11.5713, 13.4279, 24.4075, 31.7436)
(8.24254, 7.18245, 11.7276, 13.3725, 13.5641, 15.2119, 5.90184, 3.99461, 4.88572, 5.16181, 10.755, 10.0879, 8.7171, 8.5816, 7.51733, 10.2185, 10.1011, 9.5852, 8.71823, 8.0391, 9.06979, 9.36407, 5.46834, 4.11019, 3.92437, 2.42116, 2.32088, 0.305149, 3.46562, 7.37142, 12.4165, 21.6482, 36.5481)
(7.69152, 6.29555, 13.1724, 15.6447, 17.6356, 17.2033, 5.74126, 2.13397, 3.59461, 4.5359, 6.35125, 11.765, 9.01536, 6.485, 7.17662, 8.55088, 10.4773, 11.439, 9.24137, 10.2842, 9.40268, 6.1626, 2.36115, 3.15938, 3.19487, 1.65021, 1.89594, 0.857333, 4.29842, 9.94694, 18.9024, 21.4333, 32.3)
(6.7939, 5.8734, 10.7932, 15.6152, 21.283, 18.6769, 4.78554, 3.33118, 2.30898, 4.73996, 5.79874, 8.70589, 9.93122, 9.94825, 7.78986, 9.57183, 7.72922, 7.59683, 8.35598, 8.20117, 10.5676, 11.6021, 4.95765, 3.56195, 3.65233, 3.10618, 2.4744, 1.52375, 3.13457, 8.03264, 16.2161, 21.4302, 31.9102)
(3.57626, 6.20701, 10.6273, 20.5511, 15.5277, 13.7024, 10.8945, 4.14844, 2.74254, 4.10424, 7.91857, 21.2587, 13.4363, 5.49531, 3.44392, 6.88517, 9.6354, 12.5464, 5.39567, 10.0274, 5.58996, 6.28584, 7.60677, 4.46394, 7.08541, 2.41156, 0.529448, 0.379763, 0.846425, 8.43422, 18.4893, 18.3853, 31.3678)
(11.357, 6.56311, 9.13503, 13.053, 15.5981, 17.4038, 5.36049, 1.93061, 3.22043, 5.9994, 10.379, 10.897, 10.9164, 11.4599, 6.26386, 6.4639, 6.55218, 9.93077, 4.53742, 10.4462, 10.7598, 11.7726, 5.80329, 3.65847, 4.57353, 3.31594, 1.55446, 1.01045, 1.39667, 8.28155, 13.0017, 22.4352, 34.9688)
(6.19519, 6.33734, 6.36856, 13.8436, 22.9939, 19.5866, 8.99074, 5.75344, 4.3729, 3.68867, 1.869, 3.31571, 7.91851, 14.7778, 7.59294, 8.37925, 14.4647, 4.28991, 6.52101, 10.3654, 5.05915, 17.3156, 8.71632, 6.15462, 4.12859, 1.48033, 1.58141, 3.06466, 3.59162, 5.7129, 17.3361, 15.9587, 32.2747)
(4.98417, 4.03153, 9.83486, 14.7064, 27.2623, 20.2789, 4.90251, 4.24422, 1.58963, 3.54973, 4.61572, 6.05173, 12.1501, 7.17253, 11.6746, 11.1861, 9.11406, 6.74333, 4.48654, 6.80337, 14.757, 9.86064, 3.75468, 2.78077, 3.31451, 3.98172, 1.62058, 0.599653, 3.23977, 8.66006, 15.4422, 26.8186, 29.7875)
(8.0062, 7.5908, 3.68947, 14.477, 29.5001, 19.4806, 3.77708, 2.88678, 1.2803, 5.33424, 3.97747, 2.14004, 12.0222, 8.08927, 15.7588, 8.25059, 10.0955, 11.4858, 11.712, 8.2296, 5.86424, 6.35196, 6.13596, 5.54762, 8.95865, 1.15762, 2.55427, 0.350269, 2.52734, 5.44787, 21.0201, 8.58352, 37.7168)
(5.33724, 3.6299, 12.0927, 24.4154, 21.8659, 14.2358, 6.71662, 5.21579, 0.550676, 2.01794, 3.92204, 7.04956, 8.84324, 7.47838, 8.81426, 18.9359, 8.43191, 9.85461, 5.51804, 8.65565, 10.3355, 6.08292, 2.31379, 5.02771, 2.34914, 3.66549, 1.85259, 0.184935, 6.2971, 12.8304, 12.2556, 29.7159, 23.5073)
(7.58512, 6.45494, 7.72337, 13.9452, 22.7047, 14.8245, 5.48896, 2.64216, 5.18345, 4.99594, 8.45168, 7.02071, 11.6597, 5.31622, 12.3741, 10.4836, 6.22203, 12.3047, 8.04462, 8.2609, 11.8833, 6.43005, 5.31871, 5.47968, 4.11637, 2.02094, 1.07593, 0.36543, 2.97993, 6.56376, 19.1122, 24.8158, 28.1512)
(7.83496, 6.34076, 12.9913, 15.6629, 16.4357, 13.3038, 6.19887, 4.83676, 4.45063, 5.08508, 6.85917, 11.0359, 11.8427, 9.49492, 8.6016, 7.9095, 7.11766, 7.50717, 8.54373, 7.87174, 9.45237, 10.6227, 5.50768, 6.46012, 6.30672, 4.89118, 2.23165, 0.502915, 2.87595, 7.11479, 12.9352, 22.4798, 28.694)
(7.55535, 6.44708, 13.7752, 16.2365, 16.8227, 14.8324, 6.93892, 4.14742, 3.78089, 4.30969, 5.15389, 9.43228, 11.8822, 10.2364, 9.86764, 7.37038, 6.93212, 8.26856, 7.58118, 7.60564, 10.518, 10.3056, 4.52807, 6.50886, 5.93637, 6.14997, 2.34133, 0.890462, 3.59218, 8.59287, 11.6511, 22.1225, 27.6863)
(17.9149, 11.7202, 5.10201, 3.82096, 10.841, 17.3157, 1.76351, 6.90861, 13.8243, 5.20345, 5.58541, 4.51376, 11.6875, 6.12766, 9.71191, 9.14378, 6.54547, 12.2683, 5.15743, 9.31312, 14.3383, 11.1927, 16.3, 20.5485, 8.03729, 10.6905, 0.585003, 0.569386, 3.34951, 1.25219, 6.42466, 17.1562, 15.0867)
(6.59992, 6.76668, 7.28427, 15.5877, 23.471, 15.2617, 4.51868, 2.89531, 4.50167, 4.17637, 8.93668, 5.79822, 8.49955, 8.19396, 10.4664, 10.7127, 11.6348, 9.62341, 10.2477, 9.65932, 8.12278, 7.0412, 10.3782, 3.53443, 5.1421, 3.35621, 1.57866, 0.48398, 2.40282, 5.4395, 15.0427, 21.1462, 31.4952)
(7.73655, 8.95021, 8.05819, 16.665, 16.7341, 13.4228, 14.3903, 2.7183, 2.78661, 4.33951, 4.19837, 9.7219, 8.29769, 6.56473, 11.3574, 12.4307, 6.91418, 8.13959, 9.77874, 9.92091, 5.65035, 11.2239, 3.81217, 5.74151, 8.72184, 5.80902, 3.53477, 0.30364, 1.02362, 7.83683, 12.6553, 25.3926, 25.1687)
(9.27618, 10.9543, 13.9077, 10.2508, 12.1095, 10.5323, 7.10951, 5.65993, 4.99285, 5.69697, 9.51, 9.93615, 10.2904, 8.9406, 9.17208, 7.74225, 8.25825, 7.40128, 7.95591, 8.12799, 9.81912, 12.356, 8.52225, 7.66402, 7.8571, 4.76497, 1.70562, 0.636904, 3.33427, 7.45364, 10.8959, 19.7351, 27.4302)
(6.80269, 11.8734, 11.5147, 16.1947, 17.8848, 9.4648, 7.27388, 5.78001, 4.69921, 2.99809, 5.51372, 10.9479, 9.18269, 8.1664, 8.93634, 6.88663, 7.47823, 7.01406, 12.3588, 10.7425, 7.61031, 10.6762, 6.8817, 4.98823, 6.82443, 3.97325, 1.88044, 0.645588, 2.63926, 6.60577, 11.5866, 23.6663, 30.3084)
(5.24435, 5.47249, 22.8068, 15.2923, 18.3378, 10.4389, 3.60025, 4.29939, 2.78811, 3.75659, 7.96297, 10.6107, 9.91846, 8.30808, 9.02868, 5.35108, 7.35989, 11.2338, 7.52284, 12.9252, 6.72469, 11.0166, 3.42522, 6.92591, 4.60576, 2.49979, 2.26023, 0.145507, 3.42185, 9.33394, 10.471, 26.321, 30.5898)
(7.78143, 7.32941, 11.1593, 14.7824, 15.374, 15.2775, 8.65237, 3.39881, 3.80554, 4.12301, 8.31632, 8.95932, 10.7744, 9.45761, 9.0638, 6.47353, 9.06399, 9.10509, 8.10251, 10.2906, 7.88209, 10.8271, 7.69074, 5.4726, 6.29933, 3.76445, 2.1698, 0.407161, 3.79055, 8.51567, 12.3649, 19.9805, 29.5443)
(4.06341, 5.82918, 10.7282, 15.603, 20.7782, 19.1764, 6.92975, 3.16423, 4.60804, 2.90858, 6.2109, 13.6463, 6.67063, 7.62664, 8.06801, 7.42411, 10.7071, 10.7919, 8.93581, 7.61317, 11.0433, 7.47302, 1.80225, 4.75852, 6.64094, 2.33743, 3.45874, 0.674372, 4.14104, 10.7173, 15.835, 22.235, 27.3993)
(6.30439, 6.39958, 11.3662, 19.5691, 18.7163, 16.3156, 4.63026, 2.91875, 2.71301, 3.54801, 7.51879, 9.14306, 7.30874, 8.67808, 8.93361, 7.66553, 10.3098, 9.2756, 8.5489, 11.6328, 7.55981, 10.944, 3.59917, 3.20332, 2.35841, 2.46887, 2.8056, 0.773459, 3.69316, 10.0517, 15.2198, 25.4026, 30.4238)
(4.61482, 2.86639, 10.2376, 21.2289, 18.8027, 22.7843, 6.52958, 3.73568, 3.6302, 2.21709, 3.35276, 12.0271, 8.11798, 8.01794, 6.47649, 10.2558, 8.71506, 8.70737, 10.2214, 8.24874, 8.16511, 11.047, 5.9132, 4.42725, 2.61275, 2.11114, 1.46415, 2.57859, 2.56806, 9.88471, 12.0742, 24.3398, 32.0262)
(5.27689, 6.15806, 15.707, 16.6741, 21.8549, 16.4783, 3.37585, 2.40382, 3.9043, 4.11538, 4.05142, 8.98141, 13.593, 7.6857, 8.37269, 8.33092, 8.13707, 7.75757, 7.35558, 7.80339, 10.9356, 11.047, 3.64041, 5.05072, 2.01881, 2.08775, 1.94072, 1.01617, 1.58111, 8.58184, 10.9718, 26.3759, 36.7348)
(4.69629, 8.80295, 9.69222, 18.881, 23.7987, 18.8423, 4.36123, 1.44555, 1.33638, 1.4891, 6.65435, 9.88455, 7.08946, 11.3603, 7.28384, 7.84093, 9.33326, 3.91222, 7.57637, 13.2281, 12.5692, 9.9217, 4.01028, 2.84219, 4.66848, 1.36451, 3.00958, 2.54512, 3.34198, 6.48477, 13.9708, 22.562, 35.2003)
(8.04078, 6.43829, 11.1434, 13.1122, 17.4962, 15.3543, 6.74704, 4.12925, 4.19214, 4.10769, 9.23866, 10.483, 12.569, 8.40625, 6.33039, 7.73555, 6.74305, 6.97303, 8.37889, 9.91112, 11.1816, 11.2881, 5.66527, 5.55495, 4.24342, 3.25336, 2.02875, 0.4829, 2.3734, 8.94096, 11.2966, 22.8776, 33.2828)
(6.88719, 7.06768, 10.3465, 13.3226, 17.6937, 15.1693, 7.40423, 5.32309, 5.09982, 5.66653, 6.01929, 13.2679, 10.1747, 8.71881, 6.6959, 6.29138, 7.48805, 6.88526, 7.61522, 9.13294, 11.3888, 12.341, 6.50938, 6.48272, 5.22411, 3.47615, 2.1134, 0.511336, 3.07435, 8.86744, 12.0029, 22.0738, 29.6644)
(8.43109, 6.87035, 10.4219, 11.1939, 15.506, 13.3137, 6.65565, 5.2509, 6.33914, 5.58791, 10.4295, 10.5101, 11.3731, 8.53576, 6.87, 7.1945, 6.76763, 8.86323, 8.02233, 11.971, 8.71844, 11.1739, 6.16076, 4.9819, 6.00536, 2.89685, 1.73252, 0.420248, 1.98498, 7.68306, 11.9584, 22.3224, 33.8535)
(7.54209, 6.46967, 11.6439, 13.7166, 15.6157, 14.1704, 6.86869, 3.97773, 4.70237, 5.53026, 9.76251, 9.3127, 11.843, 7.06188, 9.06155, 9.65743, 6.23781, 7.49331, 7.47121, 9.17782, 10.4268, 12.2564, 4.80404, 4.63982, 5.09154, 3.00954, 2.00466, 0.47456, 2.0221, 7.14322, 12.2093, 24.7613, 33.8399)
(6.59756, 4.71236, 12.0808, 16.2796, 16.7659, 16.5556, 7.34322, 4.33694, 3.81843, 3.73007, 7.77949, 8.53451, 10.1894, 10.4211, 9.65017, 9.09544, 6.78121, 6.70838, 6.24497, 8.60627, 11.0234, 12.7451, 4.05515, 3.64578, 4.73599, 4.65704, 2.66169, 1.08557, 4.40742, 8.95002, 13.1051, 23.2732, 29.423)
(7.46292, 5.06711, 10.4044, 13.9396, 18.3392, 15.9539, 9.75936, 3.9218, 3.16241, 2.72424, 9.265, 12.373, 10.1298, 4.26402, 11.6717, 9.08806, 8.57559, 4.02223, 9.40209, 6.4804, 10.8925, 13.1006, 4.67809, 4.21952, 4.27251, 4.90691, 2.65169, 0.568897, 2.45793, 5.9781, 19.8054, 19.1333, 31.3276)
(9.27282, 8.32195, 6.59, 10.134, 12.6509, 12.0061, 8.50072, 5.11712, 6.23922, 6.87312, 14.2941, 15.0827, 8.99218, 8.7262, 8.29902, 5.90029, 4.7252, 5.97715, 6.15787, 9.19668, 9.86449, 17.0782, 6.64304, 6.09866, 7.04753, 6.20477, 3.29603, 0.371192, 3.09303, 8.68079, 11.4129, 19.1001, 28.052)
(7.76881, 8.04943, 9.40781, 9.74685, 12.1408, 10.9534, 6.83057, 7.19045, 7.16951, 7.54308, 13.1993, 12.2084, 10.2843, 8.24956, 8.59841, 7.77487, 5.70791, 6.82964, 6.7716, 10.6056, 11.2872, 11.6825, 7.60539, 6.62053, 4.75414, 3.50514, 3.11418, 0.393402, 2.0871, 6.81088, 9.49713, 22.9606, 32.6515)
(8.42453, 7.4793, 10.2569, 11.7344, 13.5685, 13.7275, 7.13363, 5.34225, 5.73291, 6.05733, 10.5428, 12.4764, 11.744, 8.33071, 8.9109, 6.92021, 6.23834, 7.13918, 7.4446, 9.09093, 9.42987, 12.2749, 7.23406, 5.66428, 6.71052, 6.27149, 2.99714, 0.505109, 4.34908, 8.15105, 11.4029, 20.3666, 26.3478)
(8.91847, 6.24786, 9.9297, 13.7585, 11.4412, 12.5881, 8.02114, 4.89963, 5.11487, 6.33976, 12.7407, 12.1737, 13.4768, 8.50308, 8.19934, 7.75968, 6.27777, 4.98562, 7.75506, 8.47163, 9.81673, 12.5806, 6.99776, 5.2727, 7.4813, 6.59543, 2.47426, 0.705818, 3.75083, 7.15313, 11.3434, 20.2596, 27.9658)
(10.1922, 6.49856, 8.15319, 15.7878, 16.0029, 19.9129, 8.18097, 1.51186, 2.10762, 4.95092, 6.70104, 10.0065, 10.2534, 8.30633, 9.63787, 5.82749, 6.56384, 7.55849, 7.50298, 7.67358, 10.8448, 15.8247, 3.30062, 2.5978, 7.82646, 2.49563, 4.3, 2.8716, 6.32725, 9.44214, 18.9003, 19.5387, 22.3995)
(8.90086, 6.96896, 9.191, 12.4236, 12.2852, 14.0058, 7.48335, 6.38245, 4.42222, 6.38524, 11.5513, 13.189, 11.5144, 9.29088, 9.29664, 6.81189, 5.91752, 5.70629, 7.0674, 8.30888, 10.0879, 12.8092, 6.89108, 6.83149, 8.4982, 6.04768, 2.585, 0.828616, 3.73939, 7.6, 12.4744, 22.5474, 21.9567)
(8.70977, 7.46305, 11.7926, 13.4697, 13.6837, 13.5136, 6.82023, 5.07026, 4.67379, 5.58425, 9.21902, 10.1173, 11.4495, 10.4375, 8.46466, 7.14713, 6.77328, 7.31727, 7.13, 7.85129, 10.2602, 13.0518, 5.8288, 5.85876, 6.12984, 5.73873, 2.54883, 0.791535, 3.71908, 7.86521, 13.1639, 20.6565, 27.6989)
(2.61047, 7.27046, 4.96499, 16.8415, 19.4821, 28.6328, 7.53469, 7.20836, 2.49373, 0.213085, 2.74784, 5.00578, 5.04985, 7.39281, 12.0333, 21.3871, 2.78783, 18.9581, 16.5984, 2.88783, 5.08183, 2.81715, 5.16142, 9.65601, 4.93829, 9.49012, 7.12538, 4.69372, 0.144904, 2.56932, 7.55558, 19.4096, 29.2556)
(7.55789, 7.11886, 6.30998, 15.04, 18.2184, 19.1836, 7.79347, 3.36202, 3.71959, 4.36401, 7.33212, 7.43068, 8.08289, 8.35696, 10.922, 9.47737, 8.22198, 8.72986, 9.28912, 10.1068, 9.9106, 9.47175, 6.66737, 5.02641, 4.98035, 4.85022, 2.10128, 1.46775, 3.0742, 8.68984, 13.8497, 21.1082, 28.1847)
(7.1442, 8.87738, 12.5305, 17.7994, 12.6313, 9.02721, 5.02827, 5.74332, 6.4722, 6.57966, 8.16666, 9.05992, 9.7295, 9.53086, 9.20628, 7.76632, 7.97061, 7.00257, 7.8161, 8.83559, 10.104, 12.9783, 8.54297, 7.05196, 6.50573, 4.01387, 2.03911, 0.314973, 3.32144, 6.17279, 13.3236, 20.0327, 28.6809)
(4.48274, 5.23879, 8.17698, 15.3331, 19.9813, 21.7938, 7.78907, 2.66242, 3.20527, 4.40105, 6.93545, 7.92506, 9.17704, 8.60103, 10.1755, 8.6805, 10.1563, 9.78173, 9.60175, 7.22079, 8.202, 10.4783, 7.77088, 4.51218, 5.06917, 3.31607, 3.48512, 1.02853, 5.344, 12.0256, 14.6945, 20.0851, 22.6688)
(4.42606, 5.45721, 9.65939, 17.6005, 21.7105, 21.7767, 7.28576, 1.83685, 1.97459, 2.93444, 5.33794, 8.74795, 8.18047, 7.7293, 8.66325, 11.1813, 10.1739, 12.1402, 9.72635, 8.40159, 7.44808, 7.60756, 4.82543, 3.91161, 4.37649, 3.75782, 1.56553, 0.647906, 4.46023, 12.0288, 17.0376, 22.7603, 24.6282)
(7.0739, 5.34869, 10.5137, 12.66, 12.9795, 13.8646, 7.34956, 6.47998, 7.97679, 6.20817, 9.54507, 12.4085, 8.85201, 7.90819, 8.94504, 8.62323, 7.18057, 9.0393, 8.74845, 9.46236, 8.96303, 9.86932, 6.86421, 6.53625, 4.71042, 2.6096, 1.23967, 0.470671, 2.65571, 7.12568, 10.9524, 19.8116, 37.0238)
(3.93758, 5.8924, 9.73418, 17.7397, 24.9968, 17.9872, 6.1543, 2.61808, 2.70104, 2.68613, 5.55256, 8.23333, 7.61136, 9.07433, 8.92783, 9.96382, 10.7987, 10.9382, 9.07615, 9.72854, 8.47452, 7.17318, 4.46868, 3.14095, 2.77601, 2.55474, 1.05199, 0.422926, 4.50021, 11.3235, 17.7925, 25.3142, 26.6543)
(5.26848, 8.22323, 14.1202, 18.1978, 15.4757, 9.63526, 8.7666, 1.66965, 3.14876, 6.99645, 8.49792, 5.79781, 10.164, 7.45629, 10.2324, 6.85692, 10.0382, 9.53255, 9.94594, 8.50553, 12.6156, 8.85476, 1.11908, 3.12296, 6.04842, 2.09956, 1.92441, 0.141808, 2.49676, 6.74141, 15.7583, 21.9588, 38.5886)
(1.57688, 2.9538, 7.86346, 29.225, 27.0236, 20.5965, 1.85905, 3.36524, 1.13578, 1.38414, 3.01658, 6.25703, 7.05125, 9.72398, 8.88799, 16.0275, 13.0345, 8.86765, 9.82582, 8.3999, 4.99226, 6.93205, 2.15325, 1.02155, 4.21898, 1.91968, 0.381238, 1.25949, 3.71806, 13.6142, 20.4313, 20.3413, 30.9409)
(1.04087, 0.796688, 5.65872, 18.3294, 22.3168, 29.4016, 8.79742, 4.35966, 7.89401, 0.718935, 0.685806, 2.73257, 1.87079, 5.33459, 4.96616, 9.16429, 23.2851, 15.8515, 5.54174, 12.653, 5.70336, 12.8969, 8.26787, 8.04787, 0.713788, 0.586759, 3.87029, 0.392975, 0.761026, 1.93237, 20.3463, 23.409, 31.6717)
(3.20614, 4.60847, 12.1903, 19.2797, 23.7032, 18.2532, 4.98627, 3.41089, 3.9298, 3.32439, 3.10764, 8.9944, 9.33458, 10.7004, 10.5705, 11.3107, 6.82152, 6.98508, 7.02977, 7.99656, 9.71255, 10.5439, 3.40043, 2.34686, 2.16992, 2.62645, 1.66479, 2.34879, 2.5801, 6.91186, 15.2346, 22.9459, 37.7703)
(1.29082, 2.02668, 8.05294, 16.5811, 24.0496, 24.7492, 6.71369, 6.89227, 4.13468, 4.2122, 1.29681, 9.08479, 8.94543, 7.81329, 4.53092, 10.1848, 5.81101, 8.97239, 10.6691, 8.31018, 12.1508, 13.5273, 9.70831, 10.4412, 4.79741, 3.08018, 1.94689, 2.89461, 4.36812, 6.8979, 11.4754, 20.6061, 23.7839)
(0.392542, 0.549045, 10.8137, 12.0107, 22.276, 27.2549, 19.62, 0.837952, 5.21038, 0.667744, 0.367016, 1.59803, 6.42723, 10.8355, 0.984343, 15.6645, 10.3749, 1.15591, 10.5671, 5.86554, 11.1587, 25.3682, 6.11685, 19.6402, 0.602563, 5.38506, 0.588083, 0.324012, 0.756246, 1.15705, 11.5545, 26.708, 27.1675)
(5.59243, 5.49499, 10.6475, 15.3199, 24.7177, 19.0404, 5.25669, 3.76207, 2.74187, 2.78363, 4.64285, 10.1305, 9.15736, 9.27652, 8.06796, 6.88269, 8.86257, 8.94369, 6.18723, 10.4675, 10.3704, 11.6536, 3.88521, 4.35339, 2.94832, 2.23288, 0.943206, 1.60956, 4.42163, 9.46329, 14.345, 27.491, 28.3065)
(3.11642, 4.81122, 5.90318, 11.6034, 31.1533, 21.385, 10.6766, 5.04923, 3.15477, 1.6844, 1.46245, 11.9816, 10.039, 7.51516, 7.25677, 5.91196, 7.51313, 7.50124, 9.30451, 12.9204, 9.5766, 10.4795, 3.76681, 5.15597, 1.48674, 4.25285, 0.596197, 2.11755, 4.23366, 10.8295, 10.1595, 25.6858, 31.7154)
(4.963, 5.35041, 6.75272, 12.8128, 20.6615, 17.8841, 9.24186, 5.64233, 5.32068, 5.96822, 5.40245, 13.4841, 11.3071, 8.0596, 5.91601, 7.25248, 5.84772, 7.59414, 8.44428, 9.55199, 9.52312, 13.0195, 5.6655, 4.66041, 6.62611, 3.68487, 1.67014, 0.957505, 3.53398, 9.14969, 18.2595, 20.0123, 25.78)
(6.6035, 7.86725, 13.9236, 13.5579, 12.6983, 16.4904, 8.19411, 6.6773, 3.2787, 3.97356, 6.73541, 10.6916, 9.29667, 6.59854, 6.73246, 7.28291, 7.96324, 6.79743, 7.44489, 10.8234, 14.1368, 12.232, 3.84771, 4.24569, 5.79282, 5.07869, 4.40953, 0.96199, 2.69839, 7.21408, 13.2838, 21.5595, 30.9078)
(3.41158, 6.84408, 18.2912, 11.1785, 18.8192, 21.4107, 5.35509, 4.74016, 1.25191, 1.28997, 7.40756, 8.09799, 10.7082, 6.33056, 12.1645, 9.1045, 4.44939, 10.322, 5.48006, 11.0162, 10.4352, 11.8914, 4.63897, 2.54406, 5.03764, 5.69888, 3.98506, 1.35471, 5.19965, 7.00064, 14.5612, 17.1909, 32.7883)
(8.26599, 8.14616, 7.06296, 12.5188, 21.6224, 13.4093, 5.70412, 3.34436, 3.29288, 5.28564, 11.3474, 9.87662, 7.85002, 9.03062, 9.50848, 9.26748, 8.19795, 9.91571, 9.02954, 9.30186, 9.09385, 8.92787, 5.76553, 4.54152, 3.91187, 4.31562, 2.23554, 0.474036, 3.33964, 9.2796, 17.243, 20.6781, 28.2155)
(8.81222, 6.79446, 13.2493, 14.6968, 15.8325, 13.6966, 6.9994, 4.96304, 4.95805, 3.8433, 6.15432, 9.84255, 11.3835, 10.5643, 9.34736, 7.62965, 6.89584, 6.55136, 7.884, 9.09291, 8.87618, 11.9323, 6.57125, 5.8734, 6.02742, 4.59391, 2.45257, 0.469395, 4.46937, 7.66425, 14.2636, 18.3328, 29.282)
(5.9192, 5.67275, 7.70159, 14.5708, 15.7426, 17.9822, 6.53211, 2.97244, 2.9693, 6.40078, 13.5362, 10.3718, 6.95711, 5.88716, 8.9912, 13.9127, 4.71895, 14.9005, 8.93776, 9.05257, 5.98272, 10.2875, 4.48777, 2.15715, 6.27347, 3.13061, 3.64861, 0.151329, 3.74909, 8.80272, 20.3547, 19.2776, 27.967)
(9.69081, 8.36288, 9.34589, 12.1768, 13.558, 12.6613, 7.61407, 4.85881, 4.51795, 6.15565, 11.0578, 12.3258, 9.85089, 8.551, 7.92428, 7.52162, 7.33635, 7.77878, 7.97873, 9.51713, 9.37654, 11.8389, 6.86754, 5.89174, 6.9022, 6.21599, 3.94808, 0.695493, 3.55427, 7.22427, 14.06, 18.3093, 26.3311)
(8.9943, 6.71024, 11.7367, 13.4379, 15.0561, 11.5855, 5.35751, 4.29947, 7.13936, 7.69958, 7.98331, 9.34441, 12.0221, 11.7571, 10.5077, 7.54966, 6.40005, 6.99385, 5.64804, 8.28481, 8.55474, 12.9376, 9.60174, 7.70484, 7.06639, 5.67895, 2.83486, 0.383867, 3.01481, 6.20109, 15.1691, 19.1397, 23.2047)
(7.58219, 7.58667, 7.66381, 14.5911, 19.3819, 13.67, 7.77494, 4.61571, 3.06961, 5.2553, 8.80886, 8.15035, 9.62439, 9.51301, 11.8365, 7.59372, 8.95779, 6.66344, 6.67845, 11.6623, 9.72356, 9.59649, 6.8909, 4.41852, 5.83545, 4.87966, 3.32432, 0.551283, 2.18687, 9.98406, 17.65, 21.1024, 23.1765)
(13.6882, 9.98714, 6.9141, 12.2093, 6.88133, 7.79767, 9.79381, 6.85648, 6.00714, 6.08797, 13.7768, 12.1744, 14.6902, 6.6231, 8.23677, 7.10343, 4.53607, 4.51861, 6.2737, 9.88685, 11.9154, 14.0415, 8.92025, 10.6414, 4.57664, 6.97625, 1.21402, 1.86493, 4.00125, 8.96328, 12.1568, 17.6346, 23.0506)
(7.2407, 9.09185, 16.3686, 18.0193, 14.771, 11.4542, 4.53754, 3.77943, 3.15864, 3.0389, 8.53985, 8.92309, 8.62718, 10.5064, 7.61209, 9.93702, 9.62595, 10.3041, 9.68137, 8.72845, 8.50704, 7.54738, 2.90725, 4.36836, 4.21166, 3.72493, 1.4124, 0.723934, 3.15567, 7.3443, 14.2995, 23.5562, 34.2958)
(9.73739, 10.5225, 12.7708, 12.0553, 14.4217, 12.5033, 5.59083, 4.69733, 5.08114, 3.60624, 9.0134, 10.6646, 11.8083, 8.86203, 7.9582, 7.25098, 6.63475, 6.75855, 8.48043, 9.8349, 10.4223, 11.3249, 6.84175, 5.58891, 4.49605, 4.31998, 2.02593, 0.855849, 2.64533, 8.14261, 12.3392, 19.5285, 33.2159)
(0.350188, 0.380215, 0.548366, 10.0015, 27.6438, 41.0664, 13.9373, 4.85903, 0.164946, 0.408012, 0.640273, 0.450395, 5.03283, 5.03066, 13.8822, 18.2813, 18.1615, 9.81198, 5.15334, 13.7995, 5.08044, 5.31592, 18.661, 9.41779, 9.237, 9.12447, 0.238446, 0.101953, 0.255305, 0.533381, 0.844317, 5.97358, 45.6128)
(12.1696, 10.3895, 13.1241, 7.85708, 11.46, 13.1746, 4.12459, 4.79608, 3.03597, 4.90154, 14.9669, 10.5128, 6.94055, 11.237, 11.2035, 5.8927, 4.98952, 7.63841, 10.2382, 7.68163, 13.0106, 10.655, 12.8548, 4.94497, 6.70913, 5.6359, 1.95841, 0.0747372, 4.6381, 10.221, 9.77421, 19.9348, 23.2539)
(9.90866, 8.95327, 10.4261, 10.736, 12.6764, 11.9728, 7.26821, 4.42018, 4.62864, 6.26774, 12.742, 10.5099, 9.20929, 9.68018, 8.56305, 7.53125, 7.53878, 7.97895, 8.22458, 8.31029, 9.84419, 12.6096, 7.51722, 6.24541, 6.47321, 4.44067, 2.33622, 0.764564, 3.48717, 7.92827, 13.7692, 19.7479, 27.2902)
(7.58178, 5.0931, 8.87517, 16.4189, 10.1883, 22.7274, 5.09346, 7.55931, 1.29255, 6.31382, 8.85618, 8.86921, 11.369, 5.10442, 11.372, 6.34517, 2.58817, 1.33901, 8.86261, 17.6328, 15.1312, 11.3864, 3.82708, 5.0638, 7.57583, 5.05585, 3.78694, 1.26424, 2.55363, 6.36238, 16.4406, 22.7526, 25.317)
(7.82267, 6.53265, 9.39662, 12.7029, 13.8919, 15.9781, 8.07673, 5.03695, 5.99379, 5.73411, 8.83351, 10.8478, 8.85584, 9.41127, 9.68173, 8.0146, 8.47479, 9.20147, 8.68479, 8.5866, 8.38666, 9.85444, 8.06396, 7.29846, 5.95502, 3.50284, 1.79181, 0.753207, 3.0623, 6.34809, 12.3362, 19.8651, 31.023)
(6.78383, 6.91644, 13.5703, 15.9227, 13.45, 15.2482, 6.08666, 3.63494, 3.48254, 4.95492, 9.94946, 9.82833, 8.47873, 7.95495, 8.54949, 7.92633, 10.9901, 9.09329, 8.34608, 9.17181, 9.83705, 9.82378, 3.68636, 3.8703, 3.4434, 2.09754, 2.40812, 0.269858, 5.06215, 8.16267, 12.0313, 23.9422, 35.0262)
(3.99236, 5.5193, 9.74421, 21.0735, 20.8247, 21.9719, 4.981, 2.81046, 2.24375, 1.74476, 5.09417, 10.8004, 6.3893, 9.24096, 10.0534, 6.84233, 10.6128, 10.2312, 11.598, 9.17828, 7.75304, 7.30032, 2.89887, 3.02079, 3.79066, 1.54184, 3.54749, 0.162956, 3.98073, 7.50897, 17.0646, 26.8316, 29.6515)
(5.5177, 7.88594, 11.1864, 15.7956, 17.912, 15.0695, 7.22597, 3.75777, 3.40744, 4.82448, 7.41716, 11.9252, 7.27263, 7.9051, 8.07738, 7.99283, 8.69283, 7.6788, 7.14715, 10.01, 11.0167, 12.2814, 4.89081, 3.34792, 3.67934, 2.61397, 1.12357, 0.589231, 3.34517, 7.74045, 14.0572, 19.2888, 39.3235)
(3.83978, 7.8017, 13.4373, 27.2129, 15.5073, 11.1778, 6.75957, 1.41863, 3.42259, 5.48093, 3.94163, 6.49789, 5.02757, 8.11685, 8.09922, 12.1581, 9.25337, 14.1775, 13.1097, 10.1273, 9.19956, 4.23296, 1.47904, 4.40797, 4.50591, 0.302237, 3.24659, 0.0713379, 2.54335, 6.08542, 17.9265, 26.0385, 33.3932)
(3.06692, 3.78944, 10.4775, 17.4512, 26.9616, 23.7521, 3.25429, 1.83138, 2.59875, 3.47573, 3.34102, 10.1404, 6.06383, 10.0412, 10.0124, 9.49828, 12.1121, 13.6576, 7.44724, 7.2478, 7.7046, 6.07454, 3.71023, 3.41608, 2.48753, 0.80153, 0.392263, 0.922143, 4.87752, 13.1381, 16.6734, 24.0719, 29.5094)
(4.04281, 4.68992, 10.0232, 21.5969, 23.3617, 18.711, 5.28949, 2.87225, 2.29487, 2.60159, 4.51631, 8.59157, 7.51817, 7.95221, 8.21647, 8.97674, 10.6634, 10.6149, 9.83288, 10.8189, 8.38279, 8.43199, 3.83491, 2.69122, 2.82368, 2.64316, 1.34793, 0.373376, 4.40587, 8.95432, 16.9878, 27.4639, 28.4738)
(4.07091, 3.11538, 8.1362, 19.9708, 29.1341, 17.0744, 5.03218, 2.78817, 3.57147, 2.9255, 4.18092, 6.23472, 6.37468, 8.64972, 9.27057, 9.14272, 15.9819, 12.6418, 9.67102, 9.40084, 7.06638, 5.56562, 3.36926, 2.47088, 1.9903, 1.87244, 0.717665, 0.507563, 3.13677, 10.5548, 19.1962, 25.601, 30.5831)
(3.39777, 5.07536, 8.69848, 22.9474, 26.314, 17.2915, 4.82775, 2.13455, 2.86337, 2.13941, 4.31052, 8.0648, 6.83599, 5.62743, 7.66811, 9.58328, 13.4476, 14.8092, 11.7071, 8.70428, 6.88477, 6.66743, 3.09919, 2.22949, 1.96126, 1.5913, 1.08715, 0.31992, 4.8217, 11.7503, 18.4224, 23.4623, 31.255)
(10.1839, 7.38183, 11.6091, 9.4299, 13.1063, 14.4309, 7.03438, 3.62777, 4.71133, 8.84414, 9.64041, 11.4191, 7.88541, 8.12881, 9.43575, 7.01941, 8.3237, 5.41564, 9.49234, 8.47538, 7.92964, 16.4749, 7.72203, 7.32807, 6.29525, 4.24604, 3.89878, 1.05607, 2.47966, 5.82949, 18.6677, 20.7349, 21.742)
(9.8419, 7.7004, 7.00313, 7.65847, 11.3407, 15.9139, 8.40255, 6.63209, 5.44519, 6.10105, 13.9606, 13.1895, 11.1739, 7.61973, 6.79992, 11.2173, 6.85468, 6.7654, 6.8379, 8.69926, 9.46527, 11.3772, 7.80622, 6.90511, 7.18961, 5.81398, 4.46101, 1.47435, 4.83312, 9.25901, 12.3776, 17.4386, 22.4414)
(11.0342, 5.78792, 8.75889, 12.4431, 10.8163, 14.0504, 9.84639, 7.28899, 6.15023, 2.93799, 10.8856, 9.25502, 13.2801, 14.1934, 9.1494, 8.6586, 3.91555, 7.36822, 4.7023, 5.98306, 10.6588, 12.8356, 7.02697, 7.47568, 8.47949, 4.6593, 2.54463, 0.922344, 4.86668, 7.22675, 11.9773, 20.2487, 24.5722)
(10.3402, 8.04931, 6.58878, 7.76339, 11.7507, 12.4447, 7.82251, 6.49805, 6.05256, 8.40216, 14.2877, 11.96, 8.91985, 9.30427, 8.19384, 8.94948, 8.93878, 7.8724, 7.62075, 8.51139, 8.1797, 11.5496, 7.74592, 6.91631, 7.72159, 6.90563, 3.66561, 0.599612, 4.20592, 7.73298, 11.9289, 15.9713, 26.6063)
(21.8053, 16.5146, 11.3881, 6.19277, 1.49666, 2.28515, 6.31028, 11.2388, 5.80332, 11.059, 5.90595, 5.8755, 6.04086, 17.2523, 0.715489, 17.5501, 6.06187, 16.8498, 11.2751, 6.09312, 6.16777, 6.11812, 17.279, 17.001, 11.1098, 11.3173, 0.175566, 0.103636, 0.337975, 0.273415, 6.37981, 7.08634, 28.9362)
(11.7176, 3.88006, 11.8958, 8.91367, 10.8328, 14.8778, 5.51343, 5.98592, 7.65425, 3.64755, 15.0811, 13.7672, 13.8495, 7.74078, 8.28815, 10.4779, 2.88226, 5.41666, 6.9866, 5.68491, 7.59737, 17.3087, 11.4433, 6.28097, 8.89984, 6.0412, 3.83688, 0.139366, 5.65643, 11.4317, 14.0042, 9.32892, 22.9372)
(13.1871, 9.31783, 6.45401, 8.63199, 9.27837, 11.3463, 7.96367, 5.78681, 5.97727, 8.21569, 13.841, 11.2641, 10.2708, 9.77773, 9.42212, 6.9195, 6.69151, 5.91046, 7.79732, 7.7643, 12.1096, 12.0725, 10.0337, 9.04373, 9.21111, 8.2837, 2.86984, 1.02591, 4.36841, 7.61314, 12.1497, 15.4642, 19.9365)
(10.7988, 7.88654, 8.74007, 11.0158, 14.6043, 12.9756, 6.02148, 5.35226, 5.51447, 5.4394, 11.6514, 15.9127, 11.8119, 8.7031, 9.86352, 6.29044, 4.39361, 4.43464, 5.51477, 8.75156, 9.59733, 14.7264, 12.2734, 7.7793, 11.0026, 5.77997, 2.60481, 0.406313, 3.56668, 9.24857, 10.9892, 15.1323, 21.2168)
(9.87996, 7.62869, 16.6068, 15.9498, 13.6182, 10.3618, 4.50204, 5.43465, 4.49006, 4.8344, 6.69362, 8.29887, 11.1783, 12.0407, 10.1488, 6.35886, 8.56413, 8.11956, 9.3892, 8.14058, 6.90957, 10.8515, 5.45755, 6.10223, 5.10646, 4.85294, 1.9285, 0.475078, 2.61463, 6.70153, 12.8869, 20.6839, 33.1903)
(9.85532, 8.98214, 12.6841, 13.4841, 12.5198, 10.7746, 6.20747, 4.65248, 4.98875, 6.39562, 9.45566, 11.3771, 10.5801, 10.1879, 8.47089, 6.10317, 7.77833, 8.34299, 7.49278, 9.22224, 9.1342, 11.3104, 7.64366, 6.40464, 6.63808, 4.44316, 1.79325, 0.655685, 3.24445, 7.19842, 10.9333, 19.6201, 31.4253)
(4.2722, 3.33638, 4.37334, 13.3075, 20.4204, 25.9309, 7.35435, 3.37866, 1.36728, 2.73828, 13.5207, 4.78598, 8.80917, 8.53378, 11.0566, 9.15034, 10.6319, 11.7865, 13.2168, 5.56289, 9.00006, 7.46607, 6.08188, 7.46064, 4.71913, 5.52494, 2.84487, 0.822875, 6.13416, 9.00761, 11.2384, 19.4243, 26.7412)
(9.77257, 7.77011, 8.2517, 9.96731, 10.9466, 12.1706, 7.4795, 5.93351, 6.70929, 7.60516, 13.3937, 13.6802, 9.38603, 7.88122, 7.91671, 7.02202, 7.58622, 6.78507, 7.18092, 9.28995, 11.0605, 12.2111, 9.2201, 9.40632, 7.70004, 6.40166, 3.42687, 1.42338, 3.78324, 8.34704, 13.655, 16.0773, 20.5591)
(10.4721, 8.31254, 10.1064, 10.5904, 11.2154, 11.6989, 7.61945, 5.19584, 5.35271, 6.30336, 13.1329, 12.1955, 10.9585, 9.20402, 8.08242, 7.41831, 6.92534, 7.51198, 7.19047, 8.30545, 9.43782, 12.7702, 7.11574, 7.47315, 7.01171, 5.42594, 3.02467, 0.930978, 3.96619, 7.64314, 12.38, 17.8057, 27.2228)
(11.3472, 7.60544, 8.61257, 8.38528, 9.26092, 13.9004, 7.9742, 5.66984, 5.40124, 6.53189, 15.311, 11.6929, 14.1785, 7.10047, 7.38956, 9.56751, 6.6531, 6.46787, 5.64825, 7.8168, 8.53747, 14.9475, 7.27441, 9.69453, 6.48755, 5.93232, 3.60329, 0.595276, 3.1681, 9.16839, 11.8172, 20.232, 22.027)
(10.0504, 7.70218, 8.32032, 9.71077, 11.9055, 11.7075, 8.22581, 5.57301, 5.01918, 6.5466, 15.2388, 12.853, 9.67722, 9.29173, 7.64758, 7.33139, 7.09394, 7.56522, 7.75826, 8.05429, 10.7724, 11.955, 7.30463, 5.99163, 7.16085, 4.26523, 2.63699, 0.878188, 3.68482, 7.52026, 12.2071, 19.1638, 29.1865)
(10.0552, 7.96764, 8.10181, 9.32006, 10.7033, 13.0042, 8.77687, 6.22044, 5.34881, 7.57835, 12.9233, 12.069, 9.48361, 8.87968, 8.83704, 6.65188, 7.31264, 7.72361, 8.5113, 8.67401, 9.31686, 12.5404, 7.53273, 6.45629, 7.31914, 5.32995, 3.56031, 0.837995, 4.02909, 7.50076, 13.3627, 18.2552, 25.8158)
(6.68727, 9.25907, 12.3783, 13.4565, 15.7857, 14.7962, 6.85045, 3.81421, 3.17612, 4.56012, 9.23611, 9.13244, 9.19345, 10.0493, 10.0719, 6.99772, 7.89907, 8.26018, 8.44123, 8.84943, 9.98006, 11.1251, 5.14685, 4.69835, 4.87585, 4.06568, 2.83261, 0.882079, 4.47277, 8.13871, 16.682, 19.9254, 28.2796)
(7.00879, 6.62789, 9.05495, 11.7786, 12.2103, 14.4711, 8.73616, 5.51565, 5.46534, 6.37144, 12.7598, 13.1912, 8.58831, 8.29075, 8.61256, 6.53054, 7.57621, 7.0317, 8.58765, 8.41953, 11.6169, 11.5546, 5.37474, 6.12793, 6.77138, 3.84253, 2.45171, 0.506493, 5.34085, 7.6255, 13.4254, 20.0027, 28.5307)
(8.07627, 6.37232, 5.2023, 7.18453, 11.9993, 12.4745, 11.0478, 8.33798, 9.30514, 7.41143, 12.5884, 11.7778, 9.35211, 8.40583, 10.8451, 7.33188, 7.72393, 7.84964, 5.79571, 8.86035, 9.62937, 12.4283, 10.4154, 8.59365, 6.55931, 5.2063, 2.95793, 0.31774, 2.67791, 6.09265, 13.6479, 16.1616, 27.3697)
(7.00161, 7.99609, 10.9221, 11.2762, 13.2833, 14.8817, 8.53854, 4.58084, 5.57117, 6.93391, 9.01453, 11.1382, 9.94586, 9.85694, 8.01357, 7.85904, 7.15494, 7.1846, 8.97897, 8.52886, 9.05757, 12.2815, 9.14762, 7.80357, 6.3451, 5.02842, 2.47056, 0.912775, 4.45773, 9.33143, 13.5589, 18.1576, 22.7862)
(6.43251, 4.61477, 5.63662, 13.2796, 18.4109, 27.498, 7.56625, 2.64078, 3.76667, 4.0369, 6.117, 10.1993, 7.02981, 10.1076, 9.01649, 11.9532, 6.84955, 11.6181, 8.3877, 7.36987, 8.50204, 8.96638, 6.41637, 4.54758, 4.62722, 4.8206, 4.13941, 1.24989, 10.0449, 12.9544, 16.2181, 16.6436, 18.338)
(8.12585, 7.25698, 10.414, 12.9926, 12.0929, 15.3907, 7.15357, 4.90133, 5.05652, 5.99548, 10.62, 11.4346, 9.02091, 7.97629, 8.62873, 7.54529, 8.50276, 7.7864, 8.66256, 8.38064, 10.8143, 11.2476, 5.46784, 5.61892, 5.92649, 3.53183, 2.63358, 0.654548, 3.81604, 8.04026, 12.4876, 21.5575, 30.2653)
(7.37324, 5.56661, 8.1154, 7.7728, 12.1169, 15.5561, 8.93775, 6.25065, 8.87848, 9.97319, 9.45885, 8.54688, 10.7296, 10.1491, 9.57479, 7.86508, 8.39816, 6.47503, 9.48941, 7.53143, 10.6797, 10.5608, 10.0134, 8.1217, 6.93448, 3.9171, 2.03376, 0.661038, 1.83951, 6.73122, 9.97136, 18.011, 31.7655)
(7.45716, 6.5377, 9.87027, 12.6308, 12.8933, 13.1819, 8.66762, 6.54251, 4.80729, 7.16716, 10.2443, 9.08286, 9.14214, 10.717, 8.53436, 8.42005, 9.85145, 9.35801, 7.75226, 7.83077, 9.51252, 9.79859, 8.59461, 6.97105, 4.34148, 3.70989, 1.65833, 0.385693, 2.11063, 5.64691, 9.54396, 18.831, 38.2065)
(11.1025, 7.31425, 7.85271, 11.2101, 13.293, 12.5947, 6.21968, 4.43028, 6.42517, 9.33724, 10.2204, 9.4286, 8.91656, 9.09524, 7.44056, 8.73548, 8.34554, 9.2068, 11.4662, 9.50388, 8.81736, 9.04378, 9.33993, 7.77237, 6.00169, 3.39887, 1.36212, 0.670712, 3.11957, 6.72599, 13.56, 18.5898, 29.459)
(2.47588, 2.11244, 8.67266, 19.1202, 19.5579, 28.3541, 6.52277, 3.3478, 4.49524, 2.40166, 2.93941, 11.4155, 4.46684, 7.6948, 13.3785, 10.4372, 11.6203, 5.98673, 8.25896, 11.7555, 7.48546, 7.50028, 6.16824, 2.74508, 4.51189, 1.54866, 1.22004, 0.105092, 5.51668, 10.1527, 16.9362, 23.4862, 27.6092)
(3.16652, 3.19478, 9.01844, 17.6391, 22.4703, 21.412, 9.3451, 2.71261, 3.14645, 3.30629, 4.58851, 6.09715, 7.41841, 11.9575, 9.26825, 9.7804, 12.4796, 12.6146, 9.62257, 8.19711, 6.74001, 5.82435, 5.37641, 3.92232, 3.55353, 4.21506, 1.55285, 0.416487, 5.10892, 10.9743, 18.5514, 21.4177, 24.911)
(5.63782, 8.23553, 13.8634, 19.7095, 24.8203, 12.6729, 4.02323, 1.16635, 3.72078, 2.96002, 3.19017, 11.2137, 10.1274, 6.75819, 10.9839, 10.2748, 7.75866, 6.06666, 11.9999, 6.04142, 8.52916, 10.2462, 3.83241, 2.05656, 2.07254, 0.225923, 1.86654, 0.897365, 2.08717, 9.29325, 14.2585, 28.6328, 34.777)
(3.21817, 4.17298, 10.2135, 25.4072, 24.5419, 17.9316, 3.88555, 1.76357, 2.42103, 2.56724, 3.87722, 7.41056, 8.30825, 6.3961, 7.27111, 10.3289, 11.6188, 11.5771, 13.1412, 10.0561, 6.48403, 7.40797, 3.40838, 1.69205, 1.95808, 1.11197, 1.27529, 0.579544, 5.31924, 9.10586, 20.0753, 25.6845, 29.7899)
(3.33672, 2.73137, 8.03267, 25.2093, 25.545, 18.5262, 2.64635, 3.58235, 5.21181, 1.67186, 3.5064, 5.30447, 5.55186, 8.45559, 8.28926, 9.76623, 15.2204, 14.2456, 10.5786, 7.50081, 7.53199, 7.55519, 1.99779, 2.15502, 1.23096, 1.12109, 0.531462, 1.04364, 5.45753, 9.76405, 21.4339, 25.4794, 29.7851)
(2.08693, 3.49296, 11.2932, 18.551, 29.5728, 22.8035, 4.30031, 1.75791, 2.01658, 1.88655, 2.23812, 5.13087, 9.80282, 5.79996, 7.76259, 9.52859, 10.4453, 13.5181, 10.6787, 7.42685, 9.42945, 10.4768, 4.93736, 3.61818, 2.18065, 2.62703, 2.19703, 0.663006, 1.74312, 11.5061, 12.9277, 26.0849, 31.5149)
(0.350601, 4.15758, 12.2447, 14.7201, 28.7084, 32.3216, 0.565666, 0.259098, 2.19455, 2.20644, 2.27118, 4.57253, 8.51635, 4.42047, 10.1419, 8.36794, 4.54352, 10.3735, 16.0477, 8.34455, 16.12, 8.55147, 8.16291, 2.31883, 4.16418, 0.276766, 2.10351, 0.0782154, 4.03526, 12.3275, 22.1125, 15.3123, 29.1081)
(4.65095, 4.79232, 6.41976, 16.0647, 25.6026, 25.9225, 5.40023, 1.56038, 1.92678, 3.89906, 3.76075, 11.0778, 7.00574, 6.04252, 8.54179, 16.1278, 7.67635, 3.87036, 8.97234, 8.92067, 11.6932, 10.0714, 3.54203, 4.11144, 4.65886, 3.55027, 2.12865, 1.37472, 5.12298, 14.7032, 15.3239, 19.6663, 25.8177)
(5.60737, 5.73683, 5.52822, 14.8686, 18.6604, 18.7095, 8.74827, 5.19254, 3.70784, 8.4257, 4.81483, 16.4976, 7.31467, 5.94253, 10.035, 10.2021, 2.70371, 7.29095, 10.3352, 7.34098, 8.92484, 13.4124, 2.47298, 6.87673, 6.8136, 8.16462, 4.90292, 0.232286, 4.96342, 13.1039, 15.584, 14.9786, 21.907)
(5.87821, 8.40433, 6.72656, 9.72811, 17.926, 16.927, 9.11843, 3.41836, 3.78594, 7.30456, 10.7825, 12.3102, 7.88698, 11.0783, 7.39871, 7.69644, 7.51702, 9.6009, 9.85319, 7.40143, 9.47721, 9.77956, 3.92324, 7.2496, 4.63531, 5.89229, 3.83882, 1.21525, 4.01814, 11.476, 15.4743, 19.0964, 23.1806)
(5.72902, 5.62126, 4.38965, 12.0434, 17.0462, 21.1797, 6.11019, 2.76896, 4.54977, 8.53737, 12.0245, 7.4959, 8.93928, 9.55249, 10.9754, 15.9445, 9.82761, 5.56451, 11.5609, 8.21777, 4.50577, 7.41594, 5.76164, 4.6239, 4.10491, 5.96988, 2.131, 0.46941, 3.29174, 9.91866, 20.2111, 16.251, 27.2668)
(9.48293, 6.18727, 8.91899, 9.7491, 15.7403, 14.1422, 8.09781, 6.50319, 5.53396, 5.04484, 10.5995, 12.5159, 12.8647, 11.2089, 8.34022, 7.77907, 6.13545, 7.52131, 5.87441, 5.49084, 8.48807, 13.7812, 7.88683, 6.70545, 9.68078, 4.62028, 3.69973, 0.875537, 4.04955, 9.28989, 13.5641, 16.0865, 23.5414)
(6.77957, 3.82609, 11.1432, 9.4431, 15.8979, 17.3062, 11.3935, 5.24009, 3.66122, 3.80925, 11.4998, 10.1005, 13.519, 9.40303, 5.52676, 10.9673, 5.77316, 6.08669, 7.49586, 7.14772, 10.0862, 13.8937, 5.439, 4.5802, 9.45612, 8.49595, 3.51855, 0.606597, 2.33977, 13.0463, 10.3547, 16.869, 25.2939)
(7.64712, 5.95648, 6.67764, 10.2818, 17.2402, 15.1886, 7.40992, 4.36693, 3.74378, 6.78628, 14.7013, 9.0629, 8.01836, 8.76514, 9.26042, 10.4472, 7.71942, 9.9613, 9.44779, 9.97075, 8.85598, 8.4907, 6.48157, 5.55448, 6.30933, 4.79554, 2.86089, 1.10505, 2.94181, 9.47719, 15.5058, 20.4883, 24.48)
(5.3892, 5.07856, 9.55663, 8.01618, 12.5824, 25.5314, 10.5512, 8.62994, 5.17547, 3.46311, 6.02586, 6.2364, 6.43577, 17.7767, 7.33044, 20.6999, 6.92622, 7.7599, 5.08647, 7.03968, 7.41658, 7.29197, 13.7358, 11.3404, 3.80987, 8.97986, 1.16157, 0.489733, 4.05405, 1.62379, 10.8312, 18.7706, 25.2031)
(10.1276, 7.85648, 10.7002, 11.4609, 12.3969, 13.9669, 7.0046, 5.64602, 4.78497, 5.7137, 10.3418, 11.5024, 12.7374, 9.85131, 8.42196, 6.92818, 6.24019, 7.33532, 6.49687, 8.18114, 9.70036, 12.6048, 7.5414, 6.47981, 7.22419, 6.03497, 2.48022, 1.0776, 4.22841, 9.17951, 12.3646, 18.2973, 25.092)
(6.06147, 5.75484, 13.3581, 19.1608, 15.804, 17.5727, 7.26204, 3.2145, 2.67747, 5.08424, 4.04978, 7.96438, 9.25512, 8.87937, 10.8937, 7.55288, 9.53032, 8.33945, 10.353, 8.4127, 7.39348, 11.4256, 3.30219, 3.45256, 3.17874, 3.27129, 2.16488, 0.788652, 4.76727, 9.14331, 16.0714, 20.4438, 33.4159)
(8.24897, 7.69592, 13.1825, 13.8886, 14.3439, 11.3952, 7.06461, 5.25304, 3.89784, 6.05594, 8.97345, 10.4317, 9.73939, 8.98597, 9.59863, 7.30588, 8.11503, 8.27858, 8.36855, 9.24737, 9.40587, 10.523, 6.27128, 5.4295, 5.48884, 3.99681, 1.49152, 0.456207, 2.94222, 7.67928, 12.6972, 21.01, 32.5372)
(7.22935, 8.92728, 13.7625, 15.5239, 15.8805, 13.1515, 6.43108, 2.78566, 2.93642, 4.09388, 9.27793, 9.96692, 10.5715, 8.84295, 9.08751, 7.06366, 7.77453, 8.25373, 8.95999, 8.33125, 10.164, 10.9839, 3.58379, 3.8393, 4.04422, 3.71589, 1.33579, 0.418516, 3.83094, 8.56539, 13.9092, 21.7263, 35.0306)
(4.79399, 3.00338, 3.34185, 10.6669, 24.0684, 24.5776, 9.28771, 2.83561, 1.12626, 5.62902, 10.6692, 10.5206, 11.8699, 8.30742, 8.31718, 5.4869, 10.9487, 12.576, 13.8329, 4.06188, 7.10221, 6.9763, 10.6615, 7.56977, 4.63028, 1.66788, 4.99105, 1.67401, 6.71511, 8.01114, 10.9371, 20.8589, 22.2832)
(10.7216, 7.0238, 5.58648, 7.78826, 10.1411, 14.6496, 8.57885, 5.37474, 4.701, 7.5443, 17.8903, 15.1959, 9.00389, 7.38654, 8.33713, 7.86813, 7.8846, 8.63978, 6.28916, 8.13047, 8.39397, 12.8705, 6.45708, 7.50291, 9.08682, 6.41789, 2.90121, 1.89047, 6.1619, 9.04698, 12.6909, 15.3466, 22.4972)
(7.51265, 8.61085, 12.2244, 13.802, 13.4647, 13.6087, 7.46476, 4.77976, 3.71767, 5.54606, 9.26844, 10.1564, 9.59668, 8.4953, 9.78388, 7.06064, 7.83722, 9.02554, 8.35992, 8.65604, 9.35069, 11.6777, 5.39045, 5.78265, 5.19171, 3.67401, 2.92713, 0.679455, 3.71845, 7.20266, 14.0751, 20.1524, 31.206)
(0.365278, 0.442905, 9.03898, 25.8128, 1.67123, 11.3805, 9.59338, 24.5681, 0.221651, 16.4099, 0.495265, 0.569077, 8.74761, 1.03513, 9.00549, 1.52257, 1.09735, 25.4317, 0.658235, 9.25719, 8.86879, 33.8069, 50.8093, 17.2047, 8.96005, 0.909885, 0.182042, 0.0616015, 0.218344, 0.476509, 0.51415, 10.1194, 10.544)
(9.12679, 7.55739, 8.94075, 11.2984, 12.1844, 12.5943, 8.57865, 6.12158, 6.08282, 6.15832, 11.3567, 11.9975, 9.37736, 9.92509, 7.93635, 6.89387, 7.35754, 7.01519, 8.50333, 8.12755, 9.29542, 13.5708, 9.45873, 7.84923, 7.19383, 4.53018, 2.79671, 0.608447, 3.17565, 8.08303, 12.96, 18.2875, 25.0567)
(8.83662, 6.8333, 7.77167, 10.0424, 12.1658, 14.9016, 8.65682, 5.6949, 6.07845, 6.8832, 12.1352, 11.3859, 9.91026, 8.92799, 8.55802, 7.27756, 7.62452, 8.15066, 8.18335, 8.71341, 9.72566, 11.5427, 8.54851, 7.05562, 7.11162, 4.4869, 3.03308, 0.975313, 3.82843, 7.21167, 13.0088, 17.7398, 27.0002)
(8.51323, 6.82045, 7.2364, 9.62318, 11.4613, 14.1708, 9.38072, 6.32941, 7.36459, 7.41116, 11.6887, 11.9405, 10.8869, 8.46264, 8.39517, 7.90276, 7.10266, 7.49063, 8.24409, 7.72982, 9.98763, 11.8572, 10.4555, 7.89002, 6.8701, 4.35463, 2.24256, 0.995557, 3.65667, 7.3257, 12.5177, 18.9916, 24.7)
(10.4123, 8.93145, 6.32448, 7.27117, 9.2137, 10.9195, 9.67986, 4.30697, 7.05643, 5.96772, 19.9164, 11.5039, 7.37296, 10.0913, 9.57005, 7.04413, 8.36855, 11.24, 7.11818, 7.96607, 8.33107, 11.3938, 13.9629, 11.8465, 8.69381, 4.66186, 2.39561, 1.18358, 4.8407, 8.9976, 13.8698, 13.2262, 16.3215)
(4.76351, 5.54197, 6.4064, 13.1152, 20.2389, 21.5523, 9.08228, 3.72577, 4.29002, 4.75437, 6.52914, 8.20876, 7.36459, 9.77549, 9.84617, 10.3582, 9.08344, 10.7496, 10.1187, 7.67082, 7.44739, 9.37679, 8.3053, 4.98693, 5.09536, 3.75087, 2.85189, 1.0254, 6.97617, 11.1737, 16.0984, 18.5998, 21.1362)
(7.80318, 6.07897, 8.9758, 11.8361, 12.3235, 15.7542, 8.82776, 5.50968, 5.7096, 6.35031, 10.8309, 10.6612, 9.07444, 9.46611, 8.26087, 8.36622, 8.47764, 8.3352, 8.3107, 8.71182, 9.68759, 10.6483, 8.28287, 7.05099, 5.34372, 3.81961, 2.02841, 0.775748, 3.04709, 7.09137, 12.2095, 19.105, 31.2457)
(4.13451, 6.82717, 12.3032, 19.1496, 7.09444, 21.8425, 6.84168, 4.08969, 4.09798, 1.42236, 12.1969, 12.3038, 12.2389, 5.53551, 12.2552, 9.57395, 9.59117, 6.89431, 5.5579, 10.9258, 8.23358, 6.88988, 6.79087, 5.44255, 8.13532, 1.39373, 4.07325, 0.00815044, 10.8206, 5.54252, 16.4184, 19.2613, 22.1133)
(6.05572, 6.07236, 9.67796, 17.3464, 17.2711, 15.9491, 8.08381, 4.12542, 4.2197, 5.15263, 6.04574, 10.8264, 8.20461, 8.08543, 7.97275, 9.28179, 9.4549, 9.0055, 9.01696, 9.36136, 8.94804, 9.84227, 6.96945, 5.16854, 3.96566, 3.05312, 1.99733, 0.418171, 2.69765, 7.22021, 12.5371, 21.8388, 34.134)
(4.61073, 4.03605, 8.29795, 18.0825, 24.1869, 19.0663, 5.92088, 3.87562, 3.61441, 3.75466, 4.55395, 7.35711, 8.52722, 8.64772, 8.34896, 10.7126, 11.3949, 10.5563, 10.0029, 9.28954, 8.22938, 6.93352, 4.91563, 4.54539, 3.66477, 2.77025, 0.999089, 0.530204, 5.04231, 11.7271, 17.785, 20.8348, 27.1854)
(3.44773, 4.51304, 12.9791, 20.5215, 25.1071, 17.3488, 5.55004, 2.21568, 2.10035, 2.66724, 3.54932, 8.62008, 8.27025, 8.19393, 8.52267, 9.86158, 10.0347, 10.6361, 10.6606, 10.6577, 7.54109, 7.00125, 3.68679, 2.80556, 3.06561, 1.79126, 1.1754, 0.37611, 5.33319, 9.50215, 17.407, 24.72, 30.137)
(3.28926, 4.02413, 8.69946, 20.7912, 26.4995, 21.511, 3.69594, 2.99069, 1.89782, 2.81268, 3.78832, 8.60462, 6.8281, 8.27381, 8.41759, 9.72649, 13.4561, 12.1464, 10.09, 9.78254, 6.34394, 6.33041, 3.02734, 2.76739, 1.47594, 2.03352, 1.07752, 1.71298, 4.57594, 12.6918, 18.6842, 24.738, 27.2153)
(3.08011, 5.13389, 6.38608, 15.0028, 17.3636, 23.9893, 7.02831, 7.1861, 5.30077, 5.40387, 4.12513, 10.5962, 9.34705, 5.87483, 10.1552, 8.01523, 5.89827, 10.7688, 9.68469, 7.17379, 11.0781, 11.4079, 11.3466, 5.62271, 7.09553, 4.47778, 4.854, 1.21995, 1.96523, 7.53746, 12.7033, 19.835, 23.3424)
(7.23284, 7.78218, 5.61317, 10.0865, 10.7819, 14.8584, 10.7304, 5.56412, 5.95567, 8.58985, 12.8051, 12.2817, 7.41666, 8.8114, 8.15746, 8.61684, 6.00531, 9.10177, 9.72077, 8.3423, 10.5852, 10.9606, 5.57677, 5.99654, 6.44976, 8.29553, 3.77792, 1.60429, 3.88873, 7.80546, 11.9302, 18.1204, 26.5544)
(8.61144, 5.03702, 7.06786, 6.07819, 9.34597, 14.5011, 11.3995, 7.41304, 5.82333, 10.2107, 14.5118, 10.9121, 8.17382, 7.80969, 8.29363, 8.3284, 6.33289, 9.83861, 13.1478, 6.51581, 10.4437, 10.2035, 6.07158, 6.46078, 8.07309, 8.78437, 4.62712, 2.22242, 4.63023, 6.92981, 10.1903, 16.8325, 25.1778)
(2.63647, 7.40927, 3.99419, 12.1825, 17.5552, 29.5455, 10.9063, 2.11722, 3.20673, 4.28884, 6.15776, 6.33862, 6.55024, 12.9302, 4.6092, 10.4464, 8.75307, 16.864, 9.49278, 7.87021, 7.05108, 9.09411, 16.4073, 7.12847, 2.69054, 2.4201, 4.6135, 1.43862, 4.95377, 3.83718, 11.1616, 17.5826, 27.7664)
(2.62949, 2.70635, 4.86558, 9.99329, 30.3512, 21.9949, 7.49142, 2.55635, 2.57108, 5.01872, 9.82157, 2.83752, 2.81523, 5.52263, 2.9566, 23.2258, 16.2554, 16.5571, 11.9792, 7.33059, 5.30191, 5.21805, 12.0946, 7.27271, 2.6905, 2.60196, 0.266326, 2.35623, 7.01048, 0.766796, 9.95363, 35.1698, 19.817)
(4.16013, 2.55942, 2.55079, 14.3831, 17.1049, 21.9661, 6.25554, 3.84063, 3.76007, 8.93794, 14.4814, 2.95405, 2.93401, 14.0562, 13.6588, 14.5074, 7.90557, 8.24757, 11.0833, 4.67476, 13.8153, 6.16297, 10.6955, 5.79503, 7.12536, 3.97861, 0.564103, 1.80135, 3.8252, 15.1395, 5.93855, 28.5279, 16.6089)
(8.24321, 6.76551, 7.51448, 10.4276, 13.1458, 15.4452, 14.1416, 4.82623, 3.87764, 6.01666, 9.59612, 11.7344, 13.1519, 10.3635, 8.88995, 5.84116, 6.35069, 6.16984, 4.18782, 9.31829, 9.76359, 14.2289, 10.7407, 6.48884, 8.68437, 6.12791, 2.78393, 1.04878, 5.10411, 8.41163, 13.1978, 17.803, 19.6089)
(5.15174, 3.592, 6.03493, 9.81356, 20.5611, 18.256, 4.22349, 4.69234, 4.65412, 7.75478, 15.2659, 4.44402, 10.357, 13.0858, 9.18564, 7.0083, 10.4681, 11.9026, 11.8561, 9.26444, 6.88223, 5.54579, 3.81149, 3.85729, 4.98581, 3.59178, 4.38784, 0.263681, 2.09139, 14.2109, 23.1744, 23.9631, 15.6623)
(6.47375, 9.61733, 3.97403, 6.55063, 8.02493, 6.89036, 9.83754, 8.44261, 9.62059, 14.3708, 16.1974, 9.03595, 6.51864, 8.76724, 8.69297, 5.29247, 12.0435, 5.21879, 6.42372, 13.3295, 7.80392, 16.8733, 5.18248, 12.0063, 8.60023, 7.42443, 2.57741, 0.0915341, 4.99799, 9.95419, 16.1145, 14.1861, 18.8649)
(10.1674, 5.2527, 5.07838, 6.6521, 9.94203, 12.7045, 9.16262, 4.73093, 5.05387, 10.2201, 21.0354, 13.84, 8.6144, 7.72507, 6.60897, 7.91547, 5.33583, 6.91777, 7.82054, 8.87761, 12.9505, 13.3939, 9.90029, 6.07869, 6.5275, 9.1719, 3.60622, 1.0199, 6.68414, 10.0585, 12.7516, 16.4914, 17.7098)
(6.05718, 6.95804, 13.3775, 21.2903, 18.9275, 11.4617, 7.54027, 2.67696, 1.98191, 3.85115, 5.87754, 12.1271, 8.34162, 7.31155, 7.69541, 6.37694, 11.1342, 12.5055, 8.95984, 7.9202, 7.54754, 10.08, 2.38117, 2.82773, 4.25379, 3.56199, 3.38019, 0.283368, 3.80826, 9.24252, 13.8015, 26.7582, 29.7012)
(0.559757, 5.92298, 11.7009, 12.4438, 18.373, 14.6571, 33.2809, 0.923658, 0.67198, 0.60503, 0.861003, 6.24971, 6.38419, 7.15075, 0.999278, 7.45562, 1.34441, 17.5712, 6.23586, 17.0965, 17.1492, 12.3632, 34.1719, 6.7119, 16.5975, 6.23931, 0.380371, 0.171574, 0.483532, 0.557245, 1.6269, 8.28384, 24.776)
(8.93376, 7.05591, 7.87459, 10.4609, 13.6887, 14.4771, 7.48612, 5.01727, 5.62321, 6.10217, 13.2804, 12.3689, 9.73124, 9.03834, 8.46352, 7.6334, 7.07301, 7.81255, 7.15994, 8.20297, 10.3304, 12.1857, 4.70476, 7.05787, 6.69364, 5.97494, 3.33804, 1.08567, 4.64593, 9.05998, 15.5106, 18.3029, 23.6256)
(11.9931, 6.22054, 8.03053, 10.7421, 11.1988, 14.5145, 8.49593, 4.28426, 6.14774, 4.26496, 14.1076, 12.6682, 9.23583, 8.24936, 9.33793, 6.17936, 8.59053, 6.58212, 8.0181, 8.69017, 11.0547, 11.3937, 8.13359, 7.00188, 7.90296, 5.1774, 4.12956, 1.25815, 4.90207, 8.86125, 11.4412, 18.8229, 22.369)
(9.46891, 7.44093, 6.24478, 15.6654, 11.7455, 9.19611, 7.93059, 6.217, 6.9063, 8.53158, 10.6529, 14.3945, 8.52581, 8.48363, 8.36923, 6.82677, 6.87964, 7.50708, 6.3168, 6.63343, 10.4701, 15.5931, 4.6475, 7.01329, 5.83136, 6.30842, 2.92853, 0.373682, 2.32225, 12.4324, 17.4139, 19.1097, 21.6189)
(9.96685, 9.13864, 12.988, 11.0961, 14.1467, 12.812, 10.4842, 3.92251, 3.13041, 5.36168, 6.95293, 8.21329, 11.6042, 12.7153, 5.64182, 7.83901, 10.4593, 7.9991, 7.50975, 6.2601, 11.0073, 10.7508, 1.64124, 3.60315, 8.18794, 6.40796, 2.06338, 0.860207, 4.91777, 9.97868, 13.3635, 18.7712, 30.2049)
(4.39663, 6.02581, 11.7168, 20.5665, 24.4812, 15.3331, 5.39329, 1.7714, 1.71071, 3.2106, 5.39391, 7.39536, 7.90917, 8.27904, 10.0472, 9.67325, 9.79713, 11.8704, 9.99664, 9.28097, 7.24648, 8.50441, 1.84344, 2.22131, 3.68366, 3.60562, 2.102, 0.672308, 3.57013, 10.5775, 16.3961, 23.4695, 31.8584)
(12.743, 9.55404, 7.52332, 5.59641, 6.77018, 14.9999, 2.44273, 7.40391, 8.43575, 2.33913, 22.1917, 9.8193, 11.7223, 7.56406, 7.56406, 8.50319, 5.50211, 5.46337, 8.5593, 7.57553, 13.8218, 13.9049, 8.47385, 7.51872, 7.51841, 4.33578, 5.27184, 2.09916, 5.36237, 7.59902, 11.9314, 21.3789, 18.5106)
(9.13749, 10.24, 7.76697, 6.56249, 14.4167, 11.6296, 10.5031, 1.86251, 5.09615, 5.27826, 17.5068, 10.5141, 10.8258, 11.2596, 8.79524, 2.94521, 10.3137, 5.43516, 5.52516, 8.04424, 10.1409, 16.201, 6.84684, 10.4033, 3.98708, 5.00281, 1.42913, 1.83384, 5.86371, 9.00497, 15.6476, 15.5549, 24.4257)
(7.40508, 6.58069, 7.4098, 11.0267, 15.0887, 16.9778, 8.59592, 4.22537, 4.59903, 5.44871, 12.6422, 11.5405, 8.93961, 8.35338, 8.84956, 7.66265, 8.19514, 7.57715, 9.00052, 9.11425, 10.3835, 10.3838, 4.98229, 6.18882, 7.03569, 5.31947, 3.78695, 0.643773, 4.40242, 9.23709, 13.6748, 19.0189, 25.7098)
(12.5328, 5.44523, 5.79267, 7.70672, 9.62031, 15.7356, 6.37938, 5.54325, 4.06941, 5.68413, 21.4905, 12.0536, 9.22745, 9.03771, 8.90302, 7.77663, 5.51427, 7.52388, 7.95646, 7.43997, 10.4292, 14.1378, 4.012, 9.41768, 7.87035, 3.20191, 5.61844, 1.53591, 7.09095, 8.14695, 14.0009, 17.6998, 21.4051)
(8.28696, 7.60304, 7.13368, 9.30802, 13.6722, 15.7611, 8.63397, 5.72892, 5.75473, 6.12326, 11.9941, 11.9122, 9.70188, 8.15863, 8.75856, 7.7178, 7.85606, 6.83754, 8.68241, 8.87767, 9.72996, 11.7673, 5.82188, 7.33994, 8.14885, 4.88581, 3.11789, 0.800236, 4.33624, 8.85052, 13.8599, 19.0968, 23.7419)
(5.40892, 7.16342, 9.59374, 13.5973, 17.5717, 17.0018, 9.41944, 4.63607, 3.30694, 4.00724, 8.29346, 9.7391, 8.19579, 8.75387, 9.56317, 8.27456, 8.12487, 8.89803, 10.6836, 9.0909, 9.41546, 9.26065, 4.52026, 3.71684, 6.85541, 5.27024, 2.90854, 1.53031, 4.35309, 9.3872, 16.389, 18.866, 26.2031)
(18.0426, 5.71229, 4.01291, 6.77269, 13.8776, 13.204, 6.64439, 4.73663, 3.0029, 9.14151, 14.8525, 11.2918, 11.1178, 8.41185, 8.41213, 7.46347, 5.741, 8.32782, 12.7401, 4.94298, 8.53333, 13.0177, 3.94951, 7.48166, 10.0947, 2.93125, 4.57406, 0.0672395, 10.7607, 10.144, 11.3598, 18.6965, 19.9406)
(5.86255, 5.65599, 7.23558, 10.8458, 18.3116, 19.9169, 7.96944, 4.25544, 4.95963, 5.4821, 9.50492, 9.07623, 9.25197, 9.04585, 9.76423, 9.04349, 9.2562, 9.35004, 10.096, 7.44457, 8.80518, 8.86626, 8.32028, 6.36124, 5.49527, 3.8963, 3.01404, 1.07441, 5.97534, 11.2031, 16.1243, 17.6952, 20.8405)
(8.46326, 6.92403, 7.40069, 10.9423, 12.4855, 19.1505, 8.23105, 4.66094, 3.76649, 6.25676, 11.7186, 12.8736, 10.7118, 8.23434, 7.95846, 7.27729, 7.33156, 6.04918, 8.84923, 7.63938, 10.5655, 12.5097, 5.54951, 4.17996, 6.20226, 5.75912, 4.27269, 1.06522, 7.3201, 9.9296, 14.0249, 19.1504, 22.5463)
(7.88992, 6.52913, 8.13838, 11.1904, 13.248, 16.1287, 8.70025, 5.66583, 5.87951, 6.16591, 10.4639, 11.6436, 9.66379, 8.88705, 8.38149, 7.72969, 7.85625, 8.12109, 8.36185, 8.74778, 9.2831, 11.3243, 9.63127, 7.1142, 6.69561, 3.68738, 2.45262, 0.696735, 3.53724, 8.10685, 12.7286, 18.1335, 27.216)
(7.13161, 10.7249, 10.0126, 11.4377, 11.5426, 12.1201, 8.5646, 6.68965, 7.3533, 5.61447, 8.8085, 21.269, 8.80253, 10.5817, 4.82135, 5.42091, 5.38238, 4.77017, 6.07199, 11.7639, 9.5076, 11.6085, 14.1843, 11.9701, 8.73183, 2.5944, 1.76551, 0.128195, 2.63648, 5.41149, 11.4369, 12.7228, 28.418)
(5.66614, 5.3543, 10.7383, 16.961, 17.1991, 19.7445, 6.46104, 2.75389, 4.72149, 4.20374, 6.1965, 11.9551, 9.83931, 9.02085, 8.80825, 9.41164, 8.5943, 7.42996, 8.19583, 8.65737, 9.25778, 8.82958, 4.26681, 3.97589, 4.58904, 2.81455, 2.48606, 0.48955, 5.47512, 8.21439, 16.5385, 22.5528, 28.5973)
(8.8224, 6.93824, 7.91454, 11.3428, 11.8428, 12.1792, 6.74537, 8.14269, 6.84273, 7.59925, 11.63, 11.1518, 8.8211, 10.2582, 7.21722, 7.46768, 7.50361, 7.41885, 8.67232, 10.9929, 9.23152, 11.2649, 11.8214, 6.32087, 5.80596, 3.73356, 1.76105, 0.91184, 2.95939, 6.38833, 10.2029, 18.8628, 31.2319)
(4.70211, 4.4997, 6.94813, 14.7939, 23.8315, 20.6815, 6.49997, 4.08268, 3.22476, 4.80577, 5.9301, 6.53442, 8.77799, 9.53841, 8.95839, 11.6085, 11.5941, 11.7623, 10.2391, 8.26118, 6.10657, 6.61904, 6.76003, 4.00816, 3.71227, 2.72986, 2.12046, 0.735059, 6.00369, 13.2551, 16.1729, 19.6873, 24.8152)
(4.00672, 5.67261, 11.775, 19.8154, 21.6759, 18.6806, 6.34358, 2.30056, 2.7442, 3.09817, 3.88735, 11.0015, 8.83165, 8.23506, 8.0909, 8.14941, 9.75113, 9.14446, 9.29297, 10.3983, 8.25312, 8.85153, 3.73145, 3.64831, 4.06813, 3.23296, 1.57476, 0.291239, 4.62323, 9.40519, 16.0298, 23.0492, 30.3457)
(3.32163, 3.72811, 10.4059, 21.752, 21.4327, 19.8904, 5.77597, 3.59296, 2.99749, 2.71756, 4.38537, 8.22597, 7.569, 10.859, 8.30781, 9.88461, 10.5706, 11.5256, 9.64986, 9.25327, 6.80675, 7.34747, 4.54068, 3.03209, 2.46598, 2.20009, 1.57816, 0.580549, 4.95094, 10.4595, 17.2313, 23.3909, 29.5698)
(1.94381, 0.754893, 5.18044, 14.0306, 25.5468, 31.6569, 11.0866, 3.68386, 3.43896, 0.835448, 1.84174, 13.1243, 6.76708, 8.6953, 4.57472, 3.99282, 14.1411, 13.2974, 7.11039, 14.2246, 9.44036, 4.63193, 9.62257, 4.38228, 4.79497, 6.40461, 0.697068, 0.302451, 0.771338, 10.3185, 11.9362, 22.1254, 28.6446)
(0.429902, 0.0847144, 0.770285, 14.4593, 15.2935, 40.8076, 26.0985, 0.790231, 0.785142, 0.364398, 0.116367, 26.3835, 25.668, 13.372, 0.416284, 1.24169, 1.29822, 1.14635, 1.27699, 1.53583, 13.6158, 14.0454, 38.6935, 13.6825, 0.536599, 13.1265, 0.219146, 0.133476, 0.301086, 0.935377, 26.0287, 3.2433, 3.09981)
(5.24322, 10.818, 5.50844, 7.76631, 13.9116, 17.7478, 8.65074, 5.51588, 8.38709, 6.97316, 9.47775, 11.2934, 7.01337, 8.63776, 9.13339, 8.8468, 4.90788, 8.29009, 9.78904, 12.4317, 11.7258, 7.9307, 8.18301, 12.971, 6.79992, 3.409, 1.48073, 1.5648, 2.73474, 5.55001, 11.3966, 20.3483, 25.5618)
(0.0285979, 0.0213373, 3.59897, 17.8432, 24.9655, 28.5278, 10.7094, 10.6903, 3.57366, 0.0146321, 0.0266855, 7.16121, 10.7172, 17.8245, 7.14649, 7.14996, 7.14166, 10.6975, 3.58499, 21.3782, 3.59016, 3.60813, 7.13888, 14.2532, 7.14042, 0.0232541, 0.0113873, 0.00353624, 0.0146985, 3.59654, 3.61049, 17.8598, 46.3478)
(8.39562, 6.77655, 7.45864, 13.3688, 15.136, 13.296, 6.37331, 4.83994, 3.97956, 9.1564, 11.2192, 9.62605, 7.93891, 9.5551, 7.54818, 12.0511, 6.78609, 7.17445, 10.2912, 10.6755, 10.5365, 7.81685, 5.84836, 7.17777, 4.92134, 4.0399, 1.81105, 1.50145, 2.90415, 9.05184, 18.3766, 20.2398, 24.1277)
(5.29144, 2.09769, 10.0947, 8.81431, 25.4862, 25.0006, 8.30452, 5.15903, 5.87515, 1.57129, 2.30502, 10.673, 10.7281, 8.70692, 1.84541, 8.2454, 10.7623, 4.44478, 2.85164, 10.7068, 18.4537, 12.582, 9.5933, 7.44984, 5.51722, 5.34942, 1.17845, 0.797842, 1.19639, 2.16604, 16.2402, 22.3739, 28.1374)
(9.87731, 6.7789, 6.59199, 10.623, 13.3318, 13.9717, 9.31415, 5.80663, 5.30302, 5.56504, 12.8365, 12.8446, 10.8737, 8.13567, 8.38714, 6.63219, 7.4299, 7.19947, 7.46231, 8.75644, 11.0998, 11.1786, 5.31028, 6.18402, 8.2404, 5.66863, 3.6277, 0.669062, 4.18834, 9.92074, 14.9847, 18.9762, 22.23)
(6.10766, 9.93785, 10.0993, 12.0519, 14.4252, 13.3208, 7.10395, 5.33036, 4.20031, 4.84796, 12.5747, 13.3883, 7.41896, 6.32307, 8.64865, 6.17625, 8.5492, 8.06582, 9.02812, 8.92204, 12.4499, 11.0296, 5.37006, 6.92955, 7.10436, 4.42645, 2.3659, 1.23283, 3.80229, 6.72929, 12.574, 19.5408, 29.9244)
(8.6846, 7.7697, 6.35894, 8.84781, 12.8975, 17.3514, 8.96893, 5.72593, 4.29826, 5.91239, 13.1845, 13.5726, 10.0885, 8.0439, 7.57648, 6.24481, 7.79023, 7.46914, 7.79985, 9.55187, 10.5342, 11.3283, 4.18557, 6.46498, 8.97341, 5.25928, 4.32398, 0.613418, 5.23217, 9.58437, 15.1218, 18.4633, 21.7777)
(4.18615, 4.31692, 13.9732, 16.6094, 5.4769, 29.8206, 10.7926, 5.2281, 4.19323, 4.85412, 0.548891, 4.5726, 5.08259, 9.87134, 6.18467, 15.0575, 5.89607, 11.2054, 0.692441, 10.3379, 5.16843, 25.931, 30.9088, 13.1349, 8.95399, 9.66191, 0.307538, 0.0869813, 0.213391, 4.43182, 0.768482, 21.2539, 10.2783)
(8.50271, 5.35103, 8.97039, 11.6774, 16.0427, 13.0274, 6.89744, 5.48151, 3.16265, 6.33146, 14.5553, 12.3922, 9.76272, 7.59115, 7.48177, 6.98126, 9.4466, 7.293, 7.94073, 9.70581, 10.5122, 10.8926, 3.28541, 5.01541, 7.13851, 3.98311, 2.71188, 0.900054, 5.66359, 9.82543, 14.7288, 25.189, 21.5588)
(6.51142, 6.05659, 7.52287, 10.3055, 15.4789, 19.9637, 8.25585, 4.77244, 4.8799, 5.15277, 11.1001, 9.38767, 9.09533, 8.86044, 10.4367, 8.40584, 9.01674, 7.80518, 9.56848, 7.4577, 9.05348, 10.9124, 7.80992, 5.76734, 6.54563, 4.11202, 3.39107, 0.884196, 5.26904, 9.26632, 15.5841, 19.5478, 21.8225)
(9.82782, 9.80679, 13.5382, 8.46041, 4.19129, 8.72788, 5.4318, 11.2402, 9.76718, 7.57559, 11.4328, 14.3636, 14.3453, 11.371, 12.1348, 4.69615, 5.44019, 3.95203, 5.47451, 3.2178, 9.15277, 15.8519, 14.3208, 13.5231, 6.8566, 1.61006, 0.837238, 0.0280484, 1.63201, 10.647, 9.33486, 19.0623, 22.148)
(6.87901, 6.02377, 8.36897, 12.677, 14.7363, 18.6242, 8.16425, 5.16469, 4.84223, 5.99949, 8.5201, 11.915, 9.90823, 8.80266, 8.80894, 8.60516, 7.80613, 7.30449, 8.15801, 8.39442, 9.4799, 10.8171, 7.98909, 6.80866, 5.49379, 4.61963, 2.99879, 0.573833, 4.02902, 9.56577, 13.0893, 19.8941, 24.9381)
(7.31671, 5.99944, 7.31588, 10.2571, 15.6166, 17.9442, 7.015, 4.69546, 4.77806, 6.46262, 12.5989, 10.6397, 10.2207, 9.00506, 9.75471, 8.51282, 7.70926, 8.13115, 9.47861, 8.61182, 7.80903, 10.1272, 10.8499, 8.63915, 5.9627, 3.9513, 2.98196, 0.96288, 4.62746, 9.33976, 13.4969, 18.3416, 20.8464)
(4.23541, 6.68094, 10.7197, 13.9516, 20.8127, 18.8921, 7.41686, 4.59095, 3.4023, 3.83201, 5.46544, 12.9088, 8.99577, 10.0506, 8.05012, 8.69687, 8.72213, 7.38916, 8.84344, 8.16251, 7.96659, 10.214, 7.63843, 4.91732, 3.57806, 4.62171, 3.21261, 0.279985, 3.82592, 8.99941, 13.4082, 21.7377, 27.7807)
(4.60748, 4.54405, 6.85352, 14.6694, 23.3346, 20.068, 6.9388, 3.888, 4.07571, 5.4682, 5.55234, 8.11781, 8.81032, 10.2417, 9.41594, 9.25992, 10.2786, 9.36394, 10.0819, 8.3705, 7.98566, 8.07375, 8.33207, 5.25835, 4.613, 2.90725, 2.16222, 0.633571, 4.38714, 10.0617, 14.3204, 20.931, 26.3933)
(3.29428, 3.63948, 9.0986, 17.2508, 24.3805, 20.627, 7.33386, 3.64663, 2.60153, 3.45051, 4.67679, 9.31589, 7.44299, 9.3117, 8.64032, 9.97487, 10.4242, 10.5726, 9.88856, 10.1538, 7.61869, 6.65639, 5.75468, 4.62362, 2.98213, 2.69544, 1.70985, 0.469545, 4.39091, 11.0937, 15.5903, 22.7411, 27.9487)
(5.18102, 5.58796, 11.9466, 17.1863, 18.5335, 17.698, 7.57738, 3.60032, 3.93444, 4.19522, 4.55923, 12.0039, 9.07996, 8.54615, 8.33742, 9.25926, 9.18618, 8.81655, 7.68434, 9.06213, 8.44741, 9.5767, 5.54088, 4.85778, 3.38848, 2.50478, 1.84167, 0.8516, 4.29382, 9.3957, 14.7103, 22.5682, 30.0468)
(3.74396, 3.73925, 7.17499, 18.3497, 28.7207, 21.8073, 5.08015, 3.05295, 2.32882, 2.61525, 3.38698, 6.51281, 7.00797, 8.7403, 7.7692, 13.9716, 13.5075, 13.6928, 10.4228, 8.53554, 5.47164, 4.36796, 4.41231, 2.82379, 1.87271, 2.14554, 1.45008, 0.421412, 4.25964, 12.4213, 19.9971, 22.9092, 27.2869)
(3.30621, 2.97681, 9.98734, 18.0181, 25.8161, 22.7354, 6.01261, 3.4446, 2.25429, 2.31426, 3.13421, 9.53495, 7.6982, 8.94655, 7.27565, 11.4667, 10.884, 11.0194, 11.5872, 8.39365, 7.35337, 5.84025, 4.6273, 3.89965, 2.44637, 1.74487, 2.00142, 0.444467, 4.25371, 12.7968, 15.7572, 23.1664, 28.8619)
(12.9042, 8.53034, 9.57412, 17.5748, 13.8177, 12.3493, 4.13726, 6.63319, 1.4742, 5.18961, 7.81526, 6.66232, 9.17268, 7.4356, 5.61742, 10.8949, 4.42918, 10.866, 13.2262, 8.90283, 8.95861, 13.8343, 4.95886, 5.76987, 5.05694, 1.94056, 5.95096, 2.05947, 1.86735, 8.80985, 10.8828, 25.4485, 27.2549)
(7.87956, 5.60217, 4.53959, 8.10032, 11.4258, 16.8347, 9.71292, 5.51557, 5.16411, 8.96267, 16.2626, 9.33794, 8.36424, 10.3212, 7.83227, 10.0993, 7.60413, 9.51668, 9.29524, 8.64001, 9.92539, 9.06351, 4.15719, 4.63957, 9.15059, 7.04646, 3.71688, 1.25684, 5.75275, 9.4364, 13.5343, 20.4229, 20.886)
(6.35856, 4.62373, 4.40052, 7.92845, 13.3856, 16.0327, 9.56991, 5.64624, 4.50475, 9.81701, 17.7324, 9.93712, 7.71815, 9.76391, 8.24894, 8.95418, 9.14172, 8.42387, 10.8229, 8.23038, 10.0078, 8.75095, 3.04637, 5.28384, 7.01466, 7.69305, 3.06331, 1.63762, 7.69314, 10.2046, 15.8773, 20.418, 18.0682)
(10.4848, 3.41932, 8.1629, 5.56141, 14.2129, 13.3662, 10.7525, 3.28807, 6.59253, 11.3574, 12.802, 9.20936, 7.45874, 12.9558, 9.5769, 8.1697, 3.8297, 6.12332, 9.47208, 9.78685, 13.4316, 9.98595, 4.32489, 3.46981, 11.5622, 9.10362, 1.82278, 0.210039, 9.96775, 9.80898, 14.351, 19.8381, 15.5407)
(5.39072, 6.7989, 10.6409, 16.7332, 19.0826, 18.5014, 10.927, 1.94565, 2.36361, 2.07892, 5.53707, 6.74567, 6.41417, 9.36134, 11.3727, 10.0906, 9.36089, 9.25847, 12.7995, 10.3228, 6.88149, 7.39234, 3.2139, 5.59324, 7.25005, 3.74181, 2.12779, 0.510185, 2.59743, 9.4653, 17.4729, 19.4363, 28.5911)
(6.42862, 6.41418, 6.98958, 10.5395, 16.7203, 20.1881, 8.69746, 5.35861, 4.93943, 4.57976, 9.14447, 10.3959, 9.58542, 8.47697, 9.55814, 7.62886, 9.25355, 7.0927, 9.02077, 8.49568, 10.3045, 10.1876, 5.92438, 6.27038, 6.87562, 4.71519, 4.08267, 0.50773, 4.00988, 8.85477, 16.4738, 18.3619, 23.9236)
(6.23309, 7.501, 11.5298, 13.2691, 16.1667, 18.3097, 6.90274, 5.14535, 4.60907, 4.6532, 5.68025, 12.2654, 7.88067, 9.45927, 7.9494, 7.41436, 8.53008, 7.90813, 8.11586, 8.0977, 11.6836, 10.6955, 8.66841, 8.07615, 4.68813, 3.40368, 2.69989, 0.362971, 2.8261, 8.56904, 14.0584, 18.5407, 28.1065)
(4.25838, 4.27346, 7.44382, 24.1261, 21.3263, 19.1984, 10.5505, 3.22295, 3.21605, 0.132953, 2.25114, 4.37583, 9.5461, 6.46478, 10.5997, 13.7135, 9.58352, 11.6662, 13.724, 7.47085, 10.565, 2.29053, 7.45266, 3.25387, 7.36036, 5.26575, 1.10638, 2.08788, 7.38179, 14.8056, 11.8156, 21.2256, 18.2444)
(3.1463, 4.95692, 6.42143, 12.9777, 26.7824, 23.3027, 7.05663, 3.03637, 3.27117, 4.18074, 4.86756, 7.12752, 8.30116, 8.66768, 8.66064, 11.8316, 10.633, 12.3554, 10.4574, 7.90845, 7.91819, 6.1391, 5.03915, 4.02541, 2.79032, 3.43475, 1.8649, 0.928587, 6.40484, 14.336, 16.8105, 20.5363, 23.8292)
(2.19528, 2.73701, 8.12687, 16.5322, 28.8243, 22.7283, 5.58705, 2.72109, 2.32436, 4.94719, 3.2764, 6.06852, 6.72578, 10.6915, 9.56919, 11.7869, 11.3238, 13.2984, 11.0286, 9.58356, 5.72174, 4.20201, 5.1629, 3.64559, 1.76295, 2.07213, 1.99075, 0.351445, 5.33275, 14.6682, 19.6799, 19.6703, 25.663)
(1.95001, 5.5833, 11.3241, 13.7099, 11.6013, 23.358, 9.24132, 6.42522, 6.17423, 1.48159, 9.15098, 12.2838, 7.081, 4.37024, 18.5036, 2.86694, 6.46051, 15.024, 7.94287, 9.58514, 5.45762, 10.4243, 7.15171, 8.57703, 4.05165, 3.81058, 3.24188, 0.425837, 1.08865, 2.28175, 11.4127, 20.4374, 37.5208)
(7.50152, 11.8771, 13.5227, 19.3585, 11.8492, 11.9402, 4.41087, 3.20102, 1.45404, 3.9061, 10.9787, 7.07691, 8.04175, 7.27019, 11.0653, 6.75005, 8.28711, 9.25261, 13.8603, 8.89061, 9.35357, 10.1516, 2.33061, 6.27131, 3.51416, 2.85533, 1.72872, 1.69905, 2.39131, 5.96499, 10.7708, 29.3324, 33.1413)
(9.82018, 10.5496, 9.06052, 12.1177, 16.8663, 15.0379, 5.54054, 3.51879, 3.16587, 4.20745, 10.1151, 9.31886, 5.282, 6.45167, 9.99961, 9.8231, 4.61998, 11.1494, 15.4827, 11.479, 8.25549, 8.13821, 6.16956, 3.44523, 5.47976, 4.61988, 2.44478, 1.03595, 4.17787, 6.15297, 19.9721, 19.6174, 26.8845)
(12.3357, 11.8506, 9.47497, 14.0487, 10.4668, 13.4494, 5.22233, 2.87335, 2.76031, 6.10816, 11.4096, 8.93713, 11.0188, 11.5054, 9.31418, 10.4924, 5.56177, 7.14526, 12.7391, 7.95712, 6.71043, 8.61843, 3.86031, 5.56641, 3.27187, 3.37045, 3.46757, 1.68359, 4.0297, 6.26547, 16.3155, 19.1273, 33.0417)
(11.2205, 14.6786, 10.7129, 7.05143, 8.07229, 12.6412, 9.0479, 4.16356, 2.61726, 5.09555, 14.6988, 14.0656, 15.019, 9.75443, 8.3417, 4.40167, 6.32527, 6.11034, 6.58504, 8.63295, 9.54263, 11.2214, 8.08146, 7.36776, 3.08938, 7.29642, 2.26614, 0.457331, 4.33319, 3.63154, 9.08264, 21.8746, 32.5195)
(8.99001, 13.2908, 4.37282, 12.5292, 9.71661, 11.8245, 7.59479, 5.21916, 4.04821, 10.4779, 11.936, 8.81598, 7.03712, 8.95626, 9.31545, 8.09005, 7.57534, 13.856, 10.8578, 11.8278, 5.2091, 8.45913, 3.18288, 6.68692, 5.91379, 8.99905, 2.22119, 0.631112, 4.51277, 5.1908, 14.1272, 20.957, 27.5773)
(8.16734, 16.5928, 5.19469, 8.64583, 8.92606, 7.89579, 4.1279, 4.90287, 11.6249, 13.5341, 10.3877, 5.81474, 6.96482, 8.37422, 12.3456, 10.9727, 12.065, 11.1017, 4.40534, 12.4756, 7.0199, 8.46036, 0.654642, 7.82427, 13.321, 6.55982, 0.472098, 0.234461, 3.61299, 4.02504, 17.3719, 25.3856, 20.5382)
(5.311, 10.9811, 9.19442, 9.84945, 14.4407, 13.3969, 8.25045, 6.31879, 4.97417, 6.81905, 10.4641, 13.9296, 12.3927, 7.03907, 8.31436, 5.63864, 2.60409, 4.17472, 8.34426, 6.96324, 15.3291, 15.2703, 3.2989, 9.1794, 6.76803, 3.78739, 1.84276, 1.60129, 3.63889, 6.85957, 12.0317, 26.8631, 24.129)
(4.48142, 4.55684, 7.94247, 12.5829, 11.3852, 15.9717, 12.9311, 7.45146, 13.0353, 4.60762, 5.05408, 14.6802, 11.4395, 9.64602, 5.20646, 3.63626, 2.58505, 11.5128, 2.44706, 8.53534, 9.30398, 21.0072, 16.0467, 5.57774, 13.0853, 12.7538, 6.48701, 0.534804, 1.03542, 7.72219, 12.8756, 10.1434, 13.7381)
(5.95283, 5.36938, 6.79473, 13.9092, 15.4548, 18.4161, 9.1141, 6.24764, 3.97551, 4.5327, 10.233, 14.0985, 9.4142, 7.73209, 8.89856, 7.15613, 7.49697, 7.37664, 7.17891, 8.90894, 11.9575, 9.78155, 2.89293, 5.5935, 6.15593, 5.40459, 3.30938, 1.30234, 3.77351, 8.21735, 16.6314, 23.3772, 23.3419)
(2.9078, 8.84488, 9.11642, 13.8528, 30.4246, 18.5846, 5.21131, 0.559591, 4.59268, 2.58922, 3.31605, 13.7865, 5.32677, 9.08648, 5.19432, 4.84098, 7.14462, 13.099, 1.03759, 19.3408, 9.61361, 11.5294, 0.572802, 2.65651, 6.89696, 2.74621, 0.45123, 0.105714, 2.55628, 7.3192, 10.0945, 27.1612, 39.4393)
(4.0023, 3.82465, 5.50594, 10.2356, 23.6722, 23.1274, 8.65314, 5.9228, 4.84215, 4.30158, 5.91217, 7.83598, 7.81209, 9.48895, 10.5506, 7.33015, 9.36306, 11.3647, 10.3967, 8.87732, 8.82749, 8.15294, 6.6475, 4.44873, 5.40296, 4.24032, 3.26919, 0.428124, 4.59541, 13.0856, 16.059, 20.0825, 21.7407)
(2.21544, 3.62764, 7.77208, 24.0517, 22.3304, 23.3631, 8.31681, 2.05379, 2.04528, 3.36803, 0.8558, 6.41247, 12.5131, 7.29117, 11.1597, 7.7063, 7.60375, 7.47682, 8.5307, 10.3693, 14.9804, 5.95634, 7.9996, 2.30635, 3.31843, 0.623021, 1.83029, 0.0808611, 2.21684, 10.1065, 15.2325, 23.9903, 32.2953)
(0.0776367, 14.783, 18.4451, 36.835, 18.4813, 3.79717, 3.71493, 0.0395048, 0.035679, 0.0399499, 3.75079, 3.74735, 7.4096, 7.41141, 3.76164, 3.74696, 11.0647, 33.1084, 3.7992, 11.0955, 7.42918, 7.42611, 0.0462725, 0.0384162, 0.0335852, 3.70064, 0.0209669, 0.013722, 0.0459726, 7.402, 7.48926, 36.8923, 44.3169)
(23.4776, 0.691849, 0.329484, 25.029, 0.859791, 12.895, 1.14082, 12.0098, 23.4154, 0.0500567, 0.101181, 35.7393, 0.783083, 0.370936, 0.82268, 12.0448, 0.340288, 0.562653, 0.284393, 24.3188, 0.623769, 24.1093, 24.093, 12.6619, 0.413072, 11.9294, 0, 0, 0, 0.204895, 0.575348, 25.7149, 24.4075)
(8.50127, 10.2906, 7.97184, 11.4124, 15.2876, 12.9664, 7.82159, 2.99009, 3.05185, 5.44407, 14.2624, 8.92761, 12.1316, 9.42383, 9.67734, 8.72075, 5.52362, 9.65112, 12.6607, 7.3808, 9.49613, 6.4065, 3.0997, 3.61122, 4.48912, 3.57289, 2.32675, 2.81243, 7.88035, 6.96656, 14.9089, 19.705, 30.6272)
(8.05461, 7.52711, 6.41121, 11.2851, 14.6388, 18.0602, 7.77643, 4.32992, 4.02922, 4.29935, 13.588, 10.8637, 7.72262, 9.53442, 7.08719, 8.33156, 7.85162, 6.375, 7.65029, 10.9259, 10.7653, 12.8925, 2.41527, 7.02863, 5.4484, 7.31754, 3.25767, 2.0731, 7.92132, 8.84048, 14.0786, 22.177, 19.442)
(3.34061, 8.16182, 4.70594, 16.084, 18.3205, 13.8761, 6.50057, 4.06103, 4.01862, 6.07648, 14.8542, 9.83699, 6.8077, 12.707, 8.1171, 11.0493, 7.56611, 13.981, 9.89015, 6.53602, 8.31736, 5.19116, 3.96103, 2.8167, 4.44082, 4.31935, 3.61516, 0.423429, 5.88505, 10.8608, 16.9401, 20.0189, 26.7186)
(7.76682, 5.82473, 5.90374, 9.16467, 13.484, 18.5763, 9.78213, 4.98516, 3.19937, 4.81642, 16.4966, 10.4503, 9.05468, 8.33798, 8.9122, 8.92618, 9.00064, 7.12227, 7.9958, 9.50377, 10.0023, 10.6939, 2.48359, 6.54928, 9.09317, 7.35038, 3.8046, 2.96161, 4.9392, 11.5637, 17.5364, 19.4175, 14.3006)
(5.50599, 4.67649, 8.1404, 12.2826, 19.0421, 18.8991, 9.56914, 5.83326, 2.61094, 3.76534, 9.67463, 11.3574, 9.02886, 11.8116, 10.4531, 5.42794, 7.3805, 8.47547, 8.26182, 9.64323, 8.02152, 10.1385, 4.55229, 5.08178, 7.68805, 7.59622, 3.83359, 1.32322, 5.51409, 10.5533, 15.3916, 20.611, 17.8549)
(2.22141, 1.14268, 5.03038, 28.7153, 29.0086, 26.0805, 4.20688, 0.87387, 0.897692, 0.916964, 0.90571, 4.8396, 8.01002, 7.54085, 8.1772, 16.3823, 13.1808, 11.7362, 8.86252, 12.9589, 4.17595, 4.13568, 7.99943, 1.11316, 0.888932, 0.716532, 0.63978, 0.0935766, 1.21343, 4.79959, 10.2674, 32.0591, 40.209)
(8.5461, 10.0713, 10.2681, 16.3896, 20.0201, 10.6766, 4.22798, 2.50286, 3.18126, 5.7185, 8.39749, 6.33734, 10.2456, 10.4046, 7.63538, 6.81829, 6.17473, 9.88649, 13.5624, 10.9518, 9.20836, 8.77519, 5.12449, 1.78314, 1.66056, 2.39633, 0.795135, 1.19093, 8.28274, 10.6274, 14.3555, 22.5547, 31.2291)
(7.86353, 10.133, 6.89876, 11.4384, 10.9029, 15.2729, 12.1139, 4.04835, 11.0392, 1.44077, 8.84825, 7.45094, 12.2287, 9.85654, 7.79692, 5.4239, 11.4177, 6.47808, 9.49779, 5.60345, 8.76368, 15.4823, 4.46836, 7.85956, 1.83074, 7.41475, 0.855941, 2.25866, 3.52836, 7.90654, 14.7433, 23.3975, 25.7362)
(1.92947, 13.4567, 12.84, 40.7141, 0.567187, 14.1512, 13.9827, 0.948168, 1.07769, 0.184226, 0.148568, 2.22722, 13.4069, 0.593042, 26.1808, 1.09217, 0.489253, 0.705793, 0.616481, 27.0599, 13.2048, 14.4235, 1.77779, 27.0338, 0.878852, 0.981216, 0.130892, 0, 0.0950167, 0.0261904, 0.41553, 66.5648, 2.09581)
(5.33835, 5.90253, 3.13151, 9.21299, 12.8903, 12.8441, 15.6381, 11.2702, 9.00098, 11.3665, 3.4044, 22.3118, 6.64753, 11.4263, 8.13194, 9.89793, 4.69574, 3.70986, 5.84837, 3.58358, 6.1963, 17.5507, 12.4416, 9.19997, 4.79327, 9.08641, 1.42897, 0.442328, 3.90254, 11.8848, 10.4601, 23.4828, 12.8773)
(0.738973, 1.0199, 1.49994, 9.65648, 2.69609, 25.4477, 32.1411, 15.8332, 8.91866, 1.20154, 0.846457, 10.1509, 9.60499, 16.3933, 15.775, 1.7796, 0.897326, 8.78632, 1.06149, 8.67821, 16.4443, 10.4285, 32.1485, 8.73688, 9.06774, 1.8408, 8.16877, 0.145643, 0.460647, 1.65877, 9.39535, 3.67488, 24.702)
(5.02418, 0.978969, 9.33832, 14.9686, 19.259, 33.9848, 8.03056, 3.20349, 0.643713, 0.713997, 3.85432, 10.7509, 9.78772, 7.62288, 11.7997, 11.4253, 9.5721, 11.4381, 3.43027, 9.81655, 8.44041, 5.916, 2.57613, 3.03105, 1.25314, 1.07697, 6.6115, 2.23915, 0.724232, 7.73145, 21.2294, 26.9353, 26.5917)
(0.0472932, 0.0675324, 5.89461, 11.7972, 6.0358, 35.1271, 34.9622, 0.077977, 5.87373, 0.0462582, 0.070301, 5.96858, 29.1145, 5.92615, 5.93533, 17.4832, 0.102127, 0.119895, 5.86025, 5.95741, 17.577, 5.95548, 23.334, 5.87304, 11.6959, 5.88101, 17.4511, 0.00715407, 0.0345217, 5.89327, 5.98695, 11.8813, 11.9618)
(1.92236, 4.59541, 3.24711, 20.7412, 22.716, 30.6093, 6.38068, 1.4994, 4.01808, 1.40908, 2.86133, 7.71163, 6.29662, 5.525, 13.4325, 5.25482, 12.9253, 8.31637, 2.55636, 14.4177, 14.5506, 9.01309, 3.80665, 4.01254, 4.93632, 4.49481, 1.40406, 0.280007, 1.34971, 3.47107, 11.1039, 29.8916, 35.2494)
(1.05734, 26.1184, 1.14975, 19.8562, 10.4777, 9.87169, 4.87017, 15.2984, 3.03762, 0.260996, 8.00169, 9.24649, 3.33724, 0.818215, 10.0484, 25.3921, 1.16459, 10.6849, 8.66319, 3.01252, 2.51591, 25.1164, 16.9636, 8.703, 7.6476, 1.32054, 0.263776, 0.14406, 0.572507, 0.917437, 12.0276, 17.4474, 33.9924)
(3.80654, 14.7189, 1.68025, 19.5055, 11.4832, 10.7881, 16.062, 11.1473, 3.66329, 3.98428, 3.16062, 18.7763, 14.7107, 1.91105, 5.31533, 7.47012, 2.52366, 15.4856, 7.08273, 4.68907, 3.1198, 18.9157, 12.301, 12.8436, 6.53873, 6.63332, 0.951361, 0.262661, 1.4199, 1.63129, 8.94887, 27.6615, 20.8078)
(8.87025, 15.3391, 10.884, 8.55116, 27.0831, 10.4347, 8.58613, 1.50914, 1.34227, 4.09195, 3.30825, 7.38036, 13.2679, 11.5137, 10.9332, 6.96831, 6.26967, 16.7888, 13.6838, 6.99032, 3.03899, 3.16504, 1.71243, 3.68939, 3.5216, 3.6731, 2.75878, 0.462275, 1.90446, 2.82444, 15.0618, 29.0449, 35.3468)
(26.675, 1.4182, 0.867993, 27.6511, 0.91465, 14.0197, 25.8802, 0.993351, 0.517001, 0.51834, 0.544477, 13.6882, 1.85878, 13.132, 14.0804, 1.01756, 12.7923, 1.24372, 12.8228, 14.2464, 13.062, 2.05589, 13.5212, 15.3204, 25.2142, 13.1399, 0.43329, 0, 0.314987, 0.137589, 0.577982, 29.5846, 1.75596)
(2.57726, 1.16041, 8.64453, 17.4288, 30.4317, 22.5451, 6.86874, 2.04626, 1.03422, 1.2229, 6.04012, 4.16924, 15.8545, 9.28268, 9.79497, 5.68104, 15.1786, 2.45695, 8.3037, 9.9032, 6.88846, 12.4866, 4.36942, 2.42771, 5.51673, 1.77113, 1.0579, 0.327615, 4.25042, 5.94955, 8.17265, 36.9711, 29.1858)
(0.422735, 24.3946, 0.270552, 23.6167, 11.9038, 2.65174, 21.4641, 2.73854, 10.971, 0.11737, 1.44885, 2.10122, 11.222, 0.186266, 11.9135, 24.153, 0.645768, 12.282, 1.7388, 10.7312, 10.4665, 14.5597, 12.8577, 2.18127, 1.39926, 0.764108, 0.220097, 0.0411149, 0.239406, 0.325543, 22.089, 43.9685, 15.914)
(5.9755, 10.8028, 5.08419, 8.8115, 10.4953, 15.452, 10.261, 11.6156, 11.8556, 0.870598, 8.77586, 15.924, 9.82086, 2.14795, 9.57992, 7.2505, 2.75171, 13.2681, 3.39404, 15.6732, 5.76195, 14.4277, 8.90169, 12.9603, 8.05753, 11.911, 0.886976, 0.344922, 1.80537, 8.33792, 10.8271, 24.9202, 11.047)
(51.6015, 0.883852, 5.85391, 3.56508, 3.3134, 4.9938, 3.13021, 5.81364, 0.78971, 9.54467, 10.5103, 2.66169, 11.3665, 24.4873, 11.3907, 10.666, 6.73276, 10.5857, 1.6204, 11.3125, 6.52435, 2.65205, 10.5247, 29.3949, 11.0991, 10.6359, 9.62406, 0.253031, 5.5295, 1.5613, 6.9028, 10.7541, 3.72064)
(5.09589, 1.27818, 10.5242, 8.77766, 6.6539, 25.2341, 17.0377, 7.28117, 3.63716, 3.72314, 10.7569, 14.1948, 11.2964, 8.11212, 11.0373, 10.7398, 10.7313, 1.74273, 4.34757, 5.33947, 8.33364, 14.1249, 13.1176, 16.7826, 10.3946, 1.76716, 3.69755, 3.25975, 7.138, 4.87893, 11.9725, 22.7108, 4.28048)
(2.21359, 1.043, 6.32016, 12.4075, 16.9846, 27.9545, 10.1281, 11.6678, 4.17457, 1.10051, 6.00568, 10.7509, 7.44818, 6.48728, 10.4111, 9.3466, 6.93194, 5.89328, 2.25188, 16.7635, 13.6183, 10.0971, 1.80502, 2.37433, 2.27605, 1.78396, 1.26195, 0.454387, 1.26547, 6.0416, 18.4738, 32.9774, 31.2861)
(9.29721, 10.6941, 1.02994, 18.0869, 2.65961, 33.0354, 10.6738, 2.61517, 9.85934, 0.372039, 1.67655, 3.53829, 10.1384, 0.888105, 9.79303, 17.3719, 15.6038, 10.6119, 15.9216, 3.14403, 1.62702, 11.3619, 2.6881, 18.0546, 1.92905, 9.83723, 7.69362, 0.0920973, 7.9964, 1.45847, 2.86779, 29.0872, 18.2955)
(0.199951, 6.55168, 19.4287, 19.6176, 7.02868, 20.1389, 13.3795, 13.0385, 0.17668, 0.149777, 0.290061, 13.2444, 19.5674, 6.78718, 6.84992, 6.76922, 13.0836, 0.27653, 0.220883, 13.1409, 19.5865, 0.473512, 32.2768, 13.0992, 13.0612, 12.9949, 0.181102, 0.0656387, 0.203471, 0.350042, 6.97483, 7.31028, 13.4825)
