5.000000
48 48 48
112.639999 112.639999 112.639999
-7.360001 -7.360001 -7.360001
6.745614 252.713941 67.290580
56654 14 28 24
0.965997 0.201949 -0.161453 6.534204
56702 14 29 24
0.968441 -0.226906 -0.103127 6.336550
59006 14 29 25
0.860365 -0.090498 -0.501580 4.772672
42639 15 24 18
0.852736 0.513622 0.095051 4.916072
42687 15 25 18
0.848870 0.404136 0.340726 6.637973
44991 15 25 19
0.797743 0.579461 -0.166828 6.668173
42735 15 26 18
0.717647 -0.097871 0.689496 7.322789
45039 15 26 19
0.972778 0.042883 -0.227737 7.726420
47343 15 26 20
0.946855 -0.030386 -0.320223 6.829860
51951 15 26 22
0.944306 0.306638 -0.119409 5.040058
42783 15 27 18
0.410725 -0.797353 0.442191 5.620063
45087 15 27 19
0.616588 -0.786834 -0.026696 6.328856
47391 15 27 20
0.886592 -0.426696 -0.178565 5.815319
54303 15 27 23
0.678751 0.672650 0.294684 7.763662
56607 15 27 24
0.594743 0.743673 -0.305339 7.739614
54351 15 28 23
0.801013 0.326642 0.501680 9.778168
56655 15 28 24
0.593922 0.318376 -0.738846 9.796945
58959 15 28 25
0.536063 0.316044 -0.782785 7.578071
61263 15 28 26
0.491936 0.310427 -0.813409 4.124128
54399 15 29 23
0.923410 -0.226014 0.310212 9.963150
54447 15 30 23
0.669566 -0.699062 0.250985 8.057324
56751 15 30 24
0.792391 -0.609390 0.027566 8.615355
59055 15 30 25
0.851767 -0.256640 -0.456759 7.990661
61359 15 30 26
0.570326 -0.184764 -0.800369 4.947021
56799 15 31 24
0.539676 -0.809756 0.230315 5.395892
59103 15 31 25
0.609143 -0.751300 -0.253955 5.514040
61407 15 31 26
0.446604 -0.571007 -0.688837 3.140413
44416 16 13 19
0.804090 0.093673 0.587082 5.403045
46720 16 13 20
0.969997 0.165135 -0.178426 6.250086
46768 16 14 20
0.962676 -0.237606 -0.129610 5.951734
49072 16 14 21
0.860545 -0.099138 -0.499633 4.951702
44560 16 16 19
0.924226 0.035104 0.380229 6.722360
46864 16 16 20
0.456886 -0.056703 -0.887716 6.193613
49168 16 16 21
0.343176 -0.313650 -0.885355 3.939786
44608 16 17 19
0.672584 -0.698542 0.244274 5.316427
46912 16 17 20
0.409499 -0.747732 -0.522692 4.726643
42592 16 23 18
0.698976 0.714277 -0.035221 6.033311
40336 16 24 17
0.563120 0.245525 0.789058 6.571950
42640 16 24 18
0.940949 0.333930 -0.055738 8.692364
47248 16 24 20
0.652592 0.755927 -0.051943 7.002995
49552 16 24 21
0.630094 0.738263 -0.240727 6.505641
51856 16 24 22
0.620926 0.479887 -0.619806 4.752112
40384 16 25 17
0.564806 -0.002807 0.825219 7.156005
42688 16 25 18
0.864126 -0.340299 -0.370787 8.762047
47296 16 25 20
0.764330 0.458009 0.453902 8.864680
49600 16 25 21
0.804644 0.311725 -0.505347 8.481240
56512 16 25 24
0.542551 0.822671 -0.169856 3.426850
40432 16 26 17
0.528388 -0.235636 0.815648 6.668602
42736 16 26 18
0.604923 -0.732898 -0.311334 8.230115
47344 16 26 20
0.735014 0.147558 0.661802 9.296282
49648 16 26 21
0.896599 0.044654 -0.440586 8.951789
56560 16 26 24
0.603962 0.785963 -0.132256 7.101676
42784 16 27 18
0.507569 -0.785487 0.354095 6.983566
47392 16 27 20
0.733344 -0.636559 0.238746 8.775642
49696 16 27 21
0.967093 -0.211681 -0.141145 8.789598
54304 16 27 23
0.363422 0.832333 0.418505 9.499933
56608 16 27 24
0.683119 0.594253 -0.424513 9.564599
58912 16 27 25
0.615646 0.372080 -0.694649 8.016702
49744 16 28 21
0.404271 -0.470947 0.784076 7.906239
52048 16 28 22
0.056961 0.442121 0.895145 9.588799
54352 16 28 23
-0.942342 -0.087885 -0.322905 9.885461
61264 16 28 26
0.317337 0.348575 -0.881926 6.040210
49792 16 29 21
0.059958 -0.322069 0.944816 6.634990
52096 16 29 22
-0.142220 -0.081264 0.986494 9.886888
54400 16 29 23
-0.793688 0.090517 -0.601553 9.910544
61312 16 29 26
0.354384 0.150454 -0.922917 7.293318
49840 16 30 21
0.124025 -0.511804 0.850103 4.801752
52144 16 30 22
0.185554 -0.770321 0.610061 8.417439
54448 16 30 23
-0.208084 -0.961031 -0.181988 9.295858
59056 16 30 25
0.328781 -0.636845 -0.697375 9.572904
61360 16 30 26
0.237718 -0.289106 -0.927312 6.993789
54496 16 31 23
0.121765 -0.968228 0.218421 5.447955
56800 16 31 24
0.004882 -0.937224 0.348695 6.794815
59104 16 31 25
0.121106 -0.957498 -0.261785 7.326417
46673 17 12 20
0.441779 0.859392 -0.257443 7.007704
44417 17 13 19
-0.053018 0.254795 0.965541 7.071919
46721 17 13 20
-0.136785 0.417582 -0.898284 8.396176
49025 17 13 21
-0.085767 0.275742 -0.957398 6.028002
44465 17 14 19
0.371058 0.015550 0.928480 7.488362
46769 17 14 20
0.114738 -0.829473 -0.546634 7.753727
49073 17 14 21
-0.143939 -0.308212 -0.940365 6.184899
51377 17 14 22
-0.118121 0.149742 -0.981644 3.531105
42209 17 15 18
0.331714 0.381326 0.862877 5.980227
44513 17 15 19
0.714844 0.200396 -0.669955 7.448069
51425 17 15 22
0.233637 -0.056240 -0.970696 3.609441
42257 17 16 18
0.364154 -0.104858 0.925417 6.614600
44561 17 16 19
-0.384565 0.101119 -0.917543 7.733348
51473 17 16 22
0.680558 -0.159876 -0.715039 3.395492
44609 17 17 19
0.101976 -0.982971 -0.152868 6.788312
46913 17 17 20
-0.121143 -0.577307 -0.807490 5.139738
72257 17 17 31
0.751739 0.618046 -0.230018 4.471958
44657 17 18 19
0.232683 -0.972424 0.015829 3.626455
46961 17 18 20
0.223873 -0.891780 -0.393203 2.835777
70001 17 18 30
0.866232 -0.362323 0.344040 4.643565
72305 17 18 31
0.818254 -0.470479 -0.330317 4.925062
56273 17 20 24
0.938737 0.051675 0.340738 4.473355
58577 17 20 25
0.898295 0.348848 0.267152 5.431048
63185 17 20 27
0.804025 0.498334 -0.324357 6.089825
58625 17 21 25
0.816783 0.141791 0.559251 6.240179
60929 17 21 26
0.883597 0.217586 0.414624 7.731984
63233 17 21 27
0.907804 0.219197 -0.357554 7.994123
58673 17 22 25
0.822211 -0.416966 0.387439 5.727623
60977 17 22 26
0.751328 -0.640243 0.159981 6.787323
63281 17 22 27
0.622870 -0.731496 -0.277393 6.650457
65585 17 22 28
0.406022 -0.518539 -0.752505 4.117603
40289 17 23 17
-0.030425 0.566494 0.823504 5.981106
42593 17 23 18
0.116186 0.990611 0.072050 8.398449
44897 17 23 19
0.202436 0.872028 -0.445631 7.131469
51809 17 23 22
0.262461 0.940974 -0.213735 3.970098
40337 17 24 17
-0.031390 0.262168 0.964512 8.043824
42641 17 24 18
0.893121 0.433687 0.119372 10.660952
44945 17 24 19
0.458481 -0.042159 -0.887704 9.466215
47249 17 24 20
0.135764 0.963415 -0.231086 8.494281
51857 17 24 22
0.419543 0.614869 -0.667772 6.916991
40385 17 25 17
0.134451 0.038301 0.990180 8.772772
42689 17 25 18
0.049806 -0.706853 -0.705604 9.488227
47297 17 25 20
-0.220463 -0.186329 0.957433 9.088437
49601 17 25 21
0.473939 0.840214 -0.263479 9.968893
40433 17 26 17
0.335280 -0.243034 0.910232 8.446239
42737 17 26 18
0.062578 -0.002997 -0.998036 8.487486
49649 17 26 21
0.010491 -0.503949 0.863670 10.330495
51953 17 26 22
0.496210 0.258826 -0.828725 9.634964
54257 17 26 23
-0.034364 0.959413 -0.279902 8.676268
56561 17 26 24
-0.097923 0.994365 0.040618 8.550400
58865 17 26 25
0.250649 0.837492 -0.485574 8.094466
61169 17 26 26
0.261795 0.283561 -0.922527 5.040395
40481 17 27 17
0.399143 -0.540102 0.740928 7.050582
42785 17 27 18
0.748727 -0.656132 0.094335 8.506628
45089 17 27 19
0.524711 0.242744 0.815937 8.665668
47393 17 27 20
-0.377158 -0.780119 0.499165 9.425461
49697 17 27 21
-0.374918 -0.913335 -0.158917 9.564902
54305 17 27 23
-0.782451 -0.473198 0.404789 9.325381
56609 17 27 24
-0.386548 -0.694140 0.607248 9.878119
58913 17 27 25
0.124381 0.011433 -0.992169 9.470623
61217 17 27 26
0.093918 0.129050 -0.987181 5.794858
42833 17 28 18
0.272492 -0.931130 0.242375 5.663144
45137 17 28 19
0.118327 -0.989675 0.080883 6.355342
47441 17 28 20
-0.120381 -0.987929 0.097497 6.623418
61265 17 28 26
0.034594 0.344563 -0.938126 6.882475
61313 17 29 26
0.050127 0.157096 -0.986310 8.118957
52145 17 30 22
-0.333117 -0.572696 0.749034 7.971946
54449 17 30 23
-0.047679 -0.761723 -0.646146 8.708365
61361 17 30 26
0.087496 -0.363786 -0.927364 7.628364
52193 17 31 22
-0.076148 -0.902554 0.423790 4.491269
54497 17 31 23
0.003774 -0.995744 0.092081 5.612140
59105 17 31 25
-0.064163 -0.996503 -0.053521 7.226634
46626 18 11 20
0.013361 0.980192 0.197600 5.398632
48930 18 11 21
0.222337 0.352982 -0.908829 4.273994
46674 18 12 20
-0.980478 0.048445 -0.190567 6.599890
48978 18 12 21
-0.368029 -0.096400 -0.924803 4.429810
49026 18 13 21
-0.666500 0.060174 -0.743073 4.282706
44466 18 14 19
-0.760376 0.344535 0.550566 6.810396
46770 18 14 20
-0.831597 -0.084223 -0.548957 6.686098
42210 18 15 18
-0.461030 0.357880 0.812018 5.674500
44514 18 15 19
-0.899239 -0.304922 -0.313674 6.926155
49122 18 15 21
-0.730969 0.086982 -0.676845 4.923031
42258 18 16 18
-0.456857 0.106476 0.883145 6.546243
44562 18 16 19
-0.565640 -0.012872 -0.824552 6.665084
51474 18 16 22
0.095736 0.220677 -0.970637 4.602572
44610 18 17 19
-0.454847 -0.613376 -0.645666 6.243586
51522 18 17 22
0.280215 -0.511464 -0.812332 4.126096
65346 18 17 28
0.788669 0.614679 0.013087 6.997641
72258 18 17 31
0.420412 0.732943 -0.534835 6.965540
74562 18 17 32
0.168001 0.399725 -0.901108 3.872338
44658 18 18 19
-0.089724 -0.991036 -0.098983 3.842089
49266 18 18 21
0.397360 -0.917183 -0.029666 3.273561
65394 18 18 28
0.989753 -0.095223 -0.106404 8.312690
67698 18 18 29
0.904577 -0.404699 -0.134013 7.435146
70002 18 18 30
0.721677 -0.652248 0.231851 7.898923
72306 18 18 31
0.321357 -0.684987 -0.653852 7.298010
74610 18 18 32
0.091963 -0.422094 -0.901875 3.765989
63138 18 19 27
0.988398 0.126850 0.083537 8.017509
53970 18 20 23
0.393087 -0.048065 0.918244 5.098088
56274 18 20 24
0.822614 -0.164131 0.544396 6.972733
58578 18 20 25
0.907526 -0.369832 0.199051 7.377369
60882 18 20 26
0.024020 0.169359 0.985262 7.903761
63186 18 20 27
0.682924 0.613482 -0.396552 8.525578
63234 18 21 27
-0.554106 0.442539 -0.705071 9.446074
42546 18 22 18
-0.204474 0.978843 -0.007553 3.404370
56370 18 22 24
0.512722 -0.175395 0.840448 6.172506
58674 18 22 25
-0.417383 -0.603913 0.679029 7.240634
60978 18 22 26
-0.434526 -0.847177 0.305741 7.795121
63282 18 22 27
-0.130493 -0.936243 -0.326223 7.765569
65586 18 22 28
-0.033670 -0.604709 -0.795735 4.917054
42594 18 23 18
-0.371207 0.898182 0.235529 7.442255
44898 18 23 19
-0.251029 0.877513 -0.408600 6.797829
47202 18 23 20
-0.281223 0.846390 -0.452259 4.547452
61026 18 23 26
0.101628 -0.913961 -0.392871 5.086719
42642 18 24 18
-0.598214 0.641597 0.480097 10.082340
44946 18 24 19
-0.439187 0.231646 -0.868018 9.296395
47250 18 24 20
-0.521841 0.774399 -0.357754 7.800690
49554 18 24 21
-0.523699 0.851902 0.001670 7.376151
51858 18 24 22
-0.511245 0.740691 -0.435896 6.857636
58770 18 24 25
0.779379 -0.074447 -0.622114 5.206629
40386 18 25 17
0.014675 0.182760 0.983048 8.850132
42690 18 25 18
0.106081 -0.772280 -0.626363 9.579829
49602 18 25 21
-0.946947 0.321200 0.011008 9.374599
51906 18 25 22
-0.664196 0.207984 -0.718044 8.352245
61122 18 25 26
-0.189017 0.314579 -0.930222 3.843549
40434 18 26 17
-0.283065 -0.343095 0.895634 8.588301
51954 18 26 22
-0.895985 -0.193288 -0.399812 8.290065
54258 18 26 23
-0.908153 0.302968 -0.288909 6.821758
61170 18 26 26
-0.366438 0.179017 -0.913059 4.739807
40482 18 27 17
-0.378350 -0.567159 0.731562 7.341199
42786 18 27 18
-0.819943 -0.567045 -0.078443 8.265367
45090 18 27 19
-0.836398 -0.548034 -0.009848 8.130877
47394 18 27 20
-0.800472 -0.589457 -0.108558 7.983677
49698 18 27 21
-0.862632 -0.501071 -0.069243 7.678199
56610 18 27 24
-0.828943 0.393340 0.397663 8.756887
58914 18 27 25
-0.634812 0.324168 -0.701376 8.669742
40530 18 28 17
-0.199931 -0.856833 0.475252 4.347625
42834 18 28 18
-0.380921 -0.922968 0.055042 5.413945
45138 18 28 19
-0.480447 -0.874908 -0.060874 5.333323
47442 18 28 20
-0.556310 -0.830889 -0.011927 5.045123
52050 18 28 22
-0.841322 0.038807 0.539139 7.403223
54354 18 28 23
-0.973479 0.154428 0.168793 8.260479
56658 18 28 24
-0.356802 -0.912369 0.200686 8.373338
58962 18 28 25
-0.646209 -0.651234 -0.397880 8.616082
52098 18 29 22
-0.638024 -0.125572 0.759708 7.245969
54402 18 29 23
-0.801444 0.581840 -0.138383 8.606465
61314 18 29 26
0.194027 0.324755 -0.925682 8.302730
54450 18 30 23
-0.477739 -0.764266 0.433201 8.687654
61362 18 30 26
0.382313 -0.245734 -0.890759 8.391866
54498 18 31 23
-0.069112 -0.970511 0.230936 5.536496
59106 18 31 25
0.219513 -0.929661 0.295881 7.471303
61410 18 31 26
0.443231 -0.622080 -0.645417 6.558880
48835 19 9 21
0.130098 0.858705 0.495682 3.008068
51139 19 9 22
0.055549 0.325618 -0.943868 2.243096
46627 19 11 20
-0.919530 0.341696 0.194187 4.000765
48931 19 11 21
-0.827602 -0.201782 -0.523792 3.541069
51235 19 11 22
-0.373299 -0.470083 -0.799794 2.087296
46675 19 12 20
-0.951965 -0.282970 -0.117003 3.920668
46771 19 14 20
-0.854901 0.372790 -0.360794 3.988978
44515 19 15 19
-0.827445 0.451100 0.334432 5.438897
46819 19 15 20
-0.614916 0.288424 -0.733955 4.957572
51475 19 16 22
-0.551323 0.376751 -0.744380 3.767089
62995 19 16 27
0.764738 0.508953 0.395149 6.909152
69907 19 16 30
0.931621 0.341864 -0.123332 8.750123
72211 19 16 31
0.575868 0.163376 -0.801052 6.483119
42307 19 17 18
-0.416376 -0.446155 0.792197 4.882764
44611 19 17 19
-0.064195 -0.785954 -0.614943 5.598611
49219 19 17 21
-0.839008 -0.517156 0.169161 4.631249
60739 19 17 26
0.299596 0.205994 0.931563 5.573234
63043 19 17 27
0.085018 0.281571 0.955767 7.691940
65347 19 17 28
0.317159 0.857446 0.405213 9.189529
67651 19 17 29
0.725476 0.644434 0.241637 9.900531
69955 19 17 30
0.612353 0.561314 -0.556732 9.921541
72259 19 17 31
-0.122865 0.292761 -0.948259 7.512079
74563 19 17 32
-0.164795 0.156387 -0.973851 3.806814
44659 19 18 19
-0.005593 -0.999819 -0.018181 3.546381
49267 19 18 21
-0.224399 -0.974140 -0.026381 3.405602
63091 19 18 27
-0.212999 0.332763 0.918641 8.583597
65395 19 18 28
0.649270 0.111408 0.752354 10.391464
67699 19 18 29
0.507270 -0.808767 -0.297613 9.900803
70003 19 18 30
0.165069 -0.952395 -0.256311 9.467443
72307 19 18 31
-0.217735 -0.489880 -0.844162 7.299920
74611 19 18 32
-0.194834 -0.341244 -0.919561 3.442351
58531 19 19 25
-0.401860 0.903266 0.150396 6.838523
63139 19 19 27
-0.206072 -0.136890 0.968915 9.044092
65443 19 19 28
0.261226 -0.737585 -0.622679 9.189792
53971 19 20 23
-0.596508 0.056120 0.800642 4.614853
56275 19 20 24
-0.734258 -0.104873 0.670721 6.746521
58579 19 20 25
-0.651384 -0.717640 -0.246358 7.367259
65491 19 20 28
0.032016 -0.379863 -0.924488 7.153127
54019 19 21 23
-0.518743 -0.222241 0.825539 4.221212
63235 19 21 27
-0.912759 -0.346572 0.216239 8.406818
65539 19 21 28
-0.230766 -0.235262 -0.944139 6.166836
42547 19 22 18
0.048471 0.998698 -0.015925 3.012240
56371 19 22 24
-0.811348 -0.219732 0.541693 5.606161
63283 19 22 27
-0.430063 -0.860139 -0.274237 6.556647
65587 19 22 28
-0.271222 -0.619712 -0.736475 4.129856
56419 19 23 24
-0.847737 -0.251409 0.467050 4.985164
42643 19 24 18
-0.485625 0.863260 0.137661 9.192219
44947 19 24 19
-0.572730 0.405046 -0.712684 7.977534
51859 19 24 22
-0.837863 0.521348 -0.161808 4.140181
56467 19 24 24
-0.857220 -0.351976 0.375882 4.253769
58771 19 24 25
-0.894011 -0.278277 -0.351150 4.441469
40387 19 25 17
0.107215 -0.028329 0.993832 9.047759
42691 19 25 18
-0.359104 -0.711578 -0.603904 9.582645
47299 19 25 20
-0.878023 0.331699 -0.345039 7.488290
49603 19 25 21
-0.956400 0.164267 -0.241484 6.468917
51907 19 25 22
-0.896754 0.019623 -0.442095 5.238930
58819 19 25 25
-0.985950 -0.118002 -0.118231 3.807734
61123 19 25 26
-0.661179 0.022578 -0.749888 2.428639
40435 19 26 17
-0.303134 -0.780055 0.547379 7.582719
45043 19 26 19
-0.654162 -0.743469 -0.139017 8.244714
47347 19 26 20
-0.784028 -0.394456 -0.479275 7.361771
40483 19 27 17
-0.618697 -0.651828 0.438559 5.095273
45091 19 27 19
-0.595213 -0.800164 -0.073880 6.240895
56611 19 27 24
-0.833016 0.360737 0.419467 5.888276
58915 19 27 25
-0.801960 0.577155 -0.154117 6.794989
40531 19 28 17
-0.618417 -0.721099 0.312373 2.605588
42835 19 28 18
-0.629031 -0.777377 0.002070 3.063844
54355 19 28 23
-0.963672 0.111028 0.242917 5.151835
56659 19 28 24
-0.913768 -0.022095 0.405635 6.368835
58963 19 28 25
-0.891001 0.206757 0.404189 7.691113
61315 19 29 26
0.325990 0.752573 -0.572157 9.124582
54451 19 30 23
-0.737488 -0.020635 0.675045 6.583175
56755 19 30 24
-0.806780 0.096256 0.582959 8.118156
59059 19 30 25
-0.369352 -0.024594 0.928964 9.107350
61363 19 30 26
0.499543 -0.207934 -0.840964 9.622696
54499 19 31 23
-0.020851 -0.701144 0.712715 5.167179
61411 19 31 26
0.421121 -0.758606 -0.497166 8.392346
61459 19 32 26
0.438482 -0.843757 -0.309527 5.194655
69812 20 14 30
0.696702 0.700004 0.156844 8.312603
72116 20 14 31
0.439380 0.621161 -0.648926 7.132903
62948 20 15 27
-0.094470 0.903312 0.418453 5.461015
69860 20 15 30
0.572498 0.609332 0.548599 10.091277
72164 20 15 31
0.284604 0.094064 -0.954019 8.680705
74468 20 15 32
0.228030 0.028806 -0.973228 4.271359
83684 20 15 36
0.729848 0.638523 -0.244152 5.685715
85988 20 15 37
0.439073 0.203169 -0.875178 3.247972
44564 20 16 19
-0.027916 0.695842 0.717652 5.899370
46868 20 16 20
0.502155 0.456444 -0.734506 5.634381
49172 20 16 21
0.396274 0.675109 -0.622250 4.386533
62996 20 16 27
-0.539886 0.195589 0.818699 7.524873
65300 20 16 28
-0.589463 0.774193 0.230562 8.010898
67604 20 16 29
-0.392370 0.299995 0.869511 8.999104
69908 20 16 30
-0.718178 -0.675553 -0.166880 10.085738
72212 20 16 31
0.047148 -0.387561 -0.920638 7.963985
81428 20 16 35
0.891426 0.104493 0.440955 6.668674
83732 20 16 36
0.804050 -0.230273 -0.548159 6.327022
44612 20 17 19
0.501821 -0.585120 0.637032 6.090717
58436 20 17 25
-0.548164 0.791625 0.269899 4.235485
67652 20 17 29
-0.884492 0.392463 0.252282 9.705956
44660 20 18 19
0.260563 -0.905251 0.335601 4.049664
56180 20 18 24
0.228362 -0.202992 0.952179 4.530518
58484 20 18 25
-0.994396 0.065125 -0.083274 4.855045
65396 20 18 28
-0.834902 0.030070 0.549576 9.618622
67700 20 18 29
-0.676697 -0.715006 -0.175636 9.744814
70004 20 18 30
-0.394944 -0.643313 -0.655871 9.101372
72308 20 18 31
-0.138981 -0.126247 -0.982215 6.341607
63140 20 19 27
-0.627841 0.000149 0.778342 7.959740
65444 20 19 28
-0.641820 -0.679979 -0.354537 8.406247
70052 20 19 30
0.168682 -0.980111 -0.104538 5.911762
72356 20 19 31
0.500685 -0.718666 -0.482528 4.823029
58580 20 20 25
-0.914167 0.220237 0.340285 6.100672
65492 20 20 28
-0.512405 -0.472551 -0.717033 6.092967
58628 20 21 25
-0.640826 -0.225781 0.733734 6.175493
63236 20 21 27
-0.848310 -0.480985 -0.221413 6.707241
42548 20 22 18
0.463989 0.844263 -0.268206 3.730723
60980 20 22 26
-0.505398 -0.841425 -0.191250 5.549831
63284 20 22 27
-0.555306 -0.723145 -0.410726 4.764947
61028 20 23 26
-0.295643 -0.895785 -0.331909 3.510382
35732 20 24 15
0.855040 0.270427 0.442465 6.754302
38036 20 24 16
0.843875 0.500506 0.193308 7.921531
42644 20 24 18
-0.556862 0.634797 -0.535666 7.970849
44948 20 24 19
-0.544357 0.248804 -0.801107 5.873832
35780 20 25 15
0.695046 -0.486192 0.529649 6.349365
38084 20 25 16
0.543615 -0.572707 0.613588 8.014584
40388 20 25 17
-0.403806 -0.342831 0.848179 9.048435
42692 20 25 18
-0.644094 0.084326 -0.760284 8.749396
45044 20 26 19
-0.725629 -0.409568 -0.552917 6.345680
45092 20 27 19
-0.554012 -0.822560 -0.128322 4.023454
58916 20 27 25
-0.909776 0.389492 0.143538 3.724198
61220 20 27 26
-0.636073 0.694233 -0.336827 3.323780
61268 20 28 26
-0.659262 0.751172 0.033375 6.031896
63572 20 28 27
-0.181739 0.805235 -0.564418 4.929022
59012 20 29 25
-0.544199 0.614095 0.571608 6.875089
61316 20 29 26
-0.702073 0.622827 0.345225 8.423731
63620 20 29 27
0.003955 0.581383 -0.813621 7.667963
63668 20 30 27
0.417058 0.069119 -0.906248 8.715122
56804 20 31 24
0.914699 -0.197916 0.352357 8.037997
61412 20 31 26
-0.348845 -0.702007 0.620881 8.790018
63716 20 31 27
0.644145 -0.381017 -0.663252 8.120129
54548 20 32 23
0.425655 -0.489053 0.761344 4.604543
56852 20 32 24
0.689661 -0.704683 0.166704 6.639851
61460 20 32 26
0.572528 -0.819773 -0.013523 7.152698
48789 21 8 21
-0.876384 -0.480759 0.028657 1.469617
67509 21 14 29
0.314563 0.382845 0.868608 8.465671
69813 21 14 30
-0.687502 0.536406 -0.489500 9.002681
72117 21 14 31
-0.330351 0.479046 -0.813255 7.313571
67557 21 15 29
-0.454539 -0.438218 0.775474 8.408781
83685 21 15 36
-0.171803 0.949651 -0.262005 6.710752
85989 21 15 37
-0.059482 0.294707 -0.953735 3.960128
44565 21 16 19
-0.492281 0.583559 0.645847 5.175322
49173 21 16 21
0.342707 0.902697 -0.260174 5.551290
62997 21 16 27
-0.852073 0.242397 0.463913 5.406341
72213 21 16 31
-0.256655 -0.403420 -0.878282 7.417576
81429 21 16 35
-0.028393 0.654671 0.755380 8.366282
83733 21 16 36
-0.040499 -0.047017 -0.998073 8.108590
86037 21 16 37
0.039081 -0.188477 -0.981300 4.007354
44613 21 17 19
-0.466520 -0.148798 0.871905 6.023521
46917 21 17 20
0.258438 -0.787835 -0.559039 6.937806
51525 21 17 22
0.788675 0.156352 -0.594598 6.089272
53829 21 17 23
0.043770 0.701769 -0.711059 4.749109
63045 21 17 27
-0.728743 0.342517 0.592972 6.111935
81477 21 17 35
0.801074 -0.504387 0.322296 8.654533
83781 21 17 36
0.369813 -0.360015 -0.856521 7.153541
44661 21 18 19
-0.132179 -0.720471 0.680772 4.411337
46965 21 18 20
0.374196 -0.927075 -0.022561 5.516802
51573 21 18 22
0.724722 -0.678673 0.119083 5.287780
53877 21 18 23
0.343215 -0.759727 -0.552284 5.068058
56181 21 18 24
-0.631130 -0.334531 -0.699831 4.002404
63093 21 18 27
-0.552475 0.071065 0.830494 6.663186
65397 21 18 28
-0.991290 -0.111834 0.069548 7.431697
67701 21 18 29
-0.916277 -0.194310 0.350257 7.794189
70005 21 18 30
-0.673726 0.606386 -0.422361 8.405590
81525 21 18 35
0.764272 -0.638871 0.087931 6.313098
70053 21 19 30
0.321043 -0.891576 0.319410 6.902582
72357 21 19 31
0.882726 -0.271396 -0.383588 6.897796
60885 21 20 26
-0.586617 0.128847 0.799549 5.525287
63189 21 20 27
-0.761578 -0.368002 -0.533454 5.628300
74709 21 20 32
0.919296 -0.087620 0.383689 7.429370
77013 21 20 33
0.843692 -0.110027 -0.525431 7.216463
40245 21 22 17
0.492171 0.866807 0.080090 6.143904
42549 21 22 18
0.416967 0.796563 -0.437750 5.333571
58677 21 22 25
0.997828 0.038405 0.053521 6.208196
35685 21 23 15
0.574382 0.783690 0.236462 7.686477
37989 21 23 16
0.528375 0.823964 0.204704 8.167795
40293 21 23 17
0.827555 0.555213 -0.083008 8.570682
38037 21 24 16
-0.643598 -0.641167 -0.417956 8.775759
40341 21 24 17
-0.113589 -0.907988 -0.403306 8.573246
33477 21 25 14
0.475213 -0.540067 0.694622 6.410277
35781 21 25 15
0.325868 -0.918797 0.222761 7.974276
44997 21 25 19
-0.435313 0.048511 -0.898971 4.570881
40437 21 26 17
0.486893 -0.863952 -0.128536 8.639482
42741 21 26 18
-0.207675 -0.623898 -0.753408 7.123092
51957 21 26 22
0.926878 0.282810 -0.246811 7.036245
38181 21 27 16
0.516562 -0.837200 0.179609 5.394176
52005 21 27 22
0.805929 -0.161680 -0.569506 7.314184
49749 21 28 21
0.827594 -0.506163 0.242668 6.866741
52053 21 28 22
0.576005 -0.502683 -0.644614 5.647045
59013 21 29 25
-0.117980 0.958844 0.258259 5.782712
63621 21 29 27
-0.440074 0.817573 -0.371362 6.504700
56757 21 30 24
0.093575 0.800685 0.591732 7.560307
59061 21 30 25
-0.039616 0.594413 -0.803183 7.735573
63669 21 30 27
-0.639419 0.642077 -0.422943 8.512097
65973 21 30 28
-0.037806 0.285051 -0.957767 5.853333
56805 21 31 24
0.324656 0.725671 0.606630 8.894834
63717 21 31 27
-0.213654 0.686174 -0.695354 9.105920
66021 21 31 28
0.111468 0.013885 -0.993671 6.405137
54549 21 32 23
-0.028029 -0.378583 0.925143 5.497024
56853 21 32 24
0.216622 -0.942049 0.256161 8.229190
61461 21 32 26
0.577118 -0.020648 0.816400 8.649052
63765 21 32 27
0.776231 -0.402704 -0.485072 9.070069
66069 21 32 28
0.375646 -0.282863 -0.882541 5.871307
61509 21 33 26
0.681653 -0.714816 0.156162 6.921615
48742 22 7 21
-0.951686 -0.256197 0.169285 1.391617
67462 22 13 29
0.111755 0.862117 0.494233 7.078363
69766 22 13 30
0.149668 0.777233 -0.611154 6.932337
67510 22 14 29
-0.706730 -0.355298 0.611797 8.370105
69814 22 14 30
-0.662600 -0.329709 -0.672497 7.486547
72118 22 14 31
-0.591584 0.198901 -0.781323 6.229971
74422 22 14 32
0.341674 0.255521 -0.904416 4.596797
65254 22 15 28
-0.265161 -0.237937 0.934385 5.699843
79078 22 15 34
0.478325 0.840500 0.254489 4.187326
83686 22 15 36
-0.430542 0.868329 -0.246250 5.480556
49174 22 16 21
-0.434944 0.900386 -0.011383 5.364048
67606 22 16 29
-0.524965 -0.618939 0.584232 6.265548
69910 22 16 30
-0.897988 -0.007272 0.439959 7.114344
72214 22 16 31
0.004393 0.299202 -0.954180 7.122908
63046 22 17 27
-0.890016 0.409998 0.199431 3.719558
79174 22 17 34
0.399994 0.284677 0.871186 8.195347
63094 22 18 27
-0.963095 0.183075 0.197312 4.710197
70006 22 18 30
-0.192180 0.938004 0.288470 8.092268
79222 22 18 34
0.511289 -0.511810 0.690387 7.795320
81526 22 18 35
0.357976 -0.924179 0.133214 8.649279
83830 22 18 36
0.333867 -0.084932 -0.938786 7.611985
47014 22 19 20
0.462816 -0.381989 0.799929 4.999979
49318 22 19 21
0.709105 -0.395466 0.583761 5.929832
51622 22 19 22
0.900488 0.255268 -0.352079 6.252634
63142 22 19 27
-0.821218 0.206424 -0.531968 4.915276
70054 22 19 30
0.301718 -0.719882 0.625089 7.880774
72358 22 19 31
0.228612 0.139830 -0.963423 8.154962
83878 22 19 36
0.805317 -0.396784 -0.440485 6.694443
51670 22 20 22
0.553473 -0.825160 -0.113044 5.504039
72406 22 20 31
0.242267 -0.503019 0.829625 7.665380
77014 22 20 33
-0.096284 0.677183 -0.729488 8.920164
79318 22 20 34
0.680966 -0.248433 -0.688888 7.014678
47110 22 21 20
0.618907 -0.500818 -0.605092 3.971987
51718 22 21 22
0.316014 -0.946265 -0.068690 3.124875
72454 22 21 31
0.251305 -0.555345 0.792741 6.170379
74758 22 21 32
0.446418 -0.636662 0.628787 8.671419
77062 22 21 33
0.461780 -0.568845 -0.680569 8.278588
35638 22 22 15
-0.070687 0.984850 0.158347 4.795603
40246 22 22 17
-0.242137 0.968804 0.052811 6.590920
56374 22 22 24
0.292256 0.369403 0.882115 6.372283
58678 22 22 25
0.827358 0.510544 0.234143 9.229533
63286 22 22 27
0.477667 -0.186050 -0.858615 5.004100
74806 22 22 32
0.508038 -0.808398 0.297304 5.841142
77110 22 22 33
0.542752 -0.715298 -0.440193 5.441396
33382 22 23 14
-0.154354 0.569977 0.807033 6.482181
35686 22 23 15
-0.145296 0.985487 0.087769 8.536711
40294 22 23 17
-0.791687 0.586351 0.171534 8.985968
42598 22 23 18
-0.370619 0.272417 -0.887936 7.612421
44902 22 23 19
-0.441794 -0.077273 -0.893783 4.710869
47206 22 23 20
-0.238309 -0.393033 -0.888107 2.482643
56422 22 23 24
0.510820 0.212748 0.832947 7.703297
58726 22 23 25
0.993619 -0.066778 -0.090898 10.055810
63334 22 23 27
0.388778 -0.395800 -0.831982 3.683281
33430 22 24 14
-0.285069 0.063874 0.956376 8.003192
35734 22 24 15
-0.155849 -0.606417 -0.779724 9.402024
42646 22 24 18
-0.136856 -0.214680 -0.967049 7.455933
56470 22 24 24
0.878842 0.168167 0.446493 8.885343
58774 22 24 25
0.817793 -0.337506 -0.466159 8.971573
33478 22 25 14
-0.262394 -0.587796 0.765274 6.956789
35782 22 25 15
0.000474 -0.981566 -0.191125 8.236255
51910 22 25 22
0.552682 0.747298 0.368901 8.534077
56518 22 25 24
0.938138 -0.316674 -0.140053 8.615187
58822 22 25 25
0.572308 -0.533977 -0.622360 6.395292
33526 22 26 14
-0.095349 -0.694727 0.712926 4.278173
40438 22 26 17
-0.224251 -0.651798 -0.724480 8.913064
42742 22 26 18
-0.102963 -0.505101 -0.856896 6.489796
51958 22 26 22
0.953681 0.175231 -0.244512 10.819655
35878 22 27 15
0.063514 -0.707222 0.704133 4.847752
38182 22 27 16
0.100845 -0.987036 0.124863 6.912065
47398 22 27 20
-0.125817 0.054433 0.990559 5.406457
49702 22 27 21
-0.254608 -0.170301 0.951931 9.735902
52006 22 27 22
-0.069763 -0.634393 -0.769856 9.430482
49750 22 28 21
-0.533355 -0.785908 0.312858 7.879108
52054 22 28 22
-0.315743 -0.622155 -0.716400 6.383603
47494 22 29 20
-0.188498 -0.662228 0.725205 2.782924
49798 22 29 21
-0.286684 -0.952759 0.100309 4.435470
52102 22 29 22
-0.246456 -0.820370 -0.515996 3.566436
61318 22 29 26
0.331051 0.932719 0.142972 6.595895
56758 22 30 24
-0.009491 0.805696 0.592253 7.593310
59062 22 30 25
0.393372 0.760344 -0.516851 7.832286
61366 22 30 26
0.847781 -0.005687 0.530317 7.955866
63670 22 30 27
0.136045 0.617668 -0.774582 7.991381
65974 22 30 28
-0.077491 0.268522 -0.960152 5.466359
56806 22 31 24
-0.384545 -0.016136 0.922965 8.669030
56854 22 32 24
-0.426752 -0.734708 0.527339 7.783924
63766 22 32 27
-0.213287 0.258615 -0.942139 10.054107
66070 22 32 28
-0.195599 -0.091265 -0.976428 6.370402
68374 22 32 29
-0.176075 -0.108154 -0.978417 2.087626
56902 22 33 24
-0.193856 -0.853518 0.483659 4.807637
59206 22 33 25
0.040301 -0.770107 0.636641 6.885438
61510 22 33 26
0.199969 -0.878589 0.433698 9.006536
63814 22 33 27
0.022697 -0.807538 -0.589379 8.383780
66118 22 33 28
-0.071422 -0.563927 -0.822730 4.553596
61558 22 34 26
0.097714 -0.989541 0.106115 4.977737
63862 22 34 27
0.064212 -0.894207 -0.443025 4.046045
71975 23 11 31
0.608613 0.788993 -0.084149 4.578248
69719 23 12 30
0.642176 0.557643 0.525970 6.646765
72023 23 12 31
0.963595 0.197713 -0.179983 7.058053
67463 23 13 29
-0.470686 0.589855 0.656144 6.554514
76679 23 13 33
0.901081 -0.080263 -0.426158 5.041824
67511 23 14 29
-0.950906 -0.256092 0.173765 7.157084
65255 23 15 28
-0.491608 -0.369132 0.788709 4.381194
67559 23 15 29
-0.773293 -0.626125 0.099925 6.066360
74471 23 15 32
0.757283 0.611805 -0.228511 6.297147
79079 23 15 34
0.100196 0.968842 -0.226510 5.107728
49175 23 16 21
-0.678342 0.712849 0.178043 3.382846
67607 23 16 29
-0.678636 -0.350183 0.645619 4.879760
72215 23 16 31
-0.086213 0.275262 0.957496 7.030212
74519 23 16 32
0.960118 0.177477 -0.216045 7.491571
79127 23 16 34
0.122750 0.981343 0.147977 7.508342
81431 23 16 35
-0.355452 0.920880 -0.160107 7.344781
83735 23 16 36
-0.303121 0.635795 -0.709847 6.553762
86039 23 16 37
-0.090091 0.193182 -0.977018 3.576819
49223 23 17 21
-0.850085 0.354563 0.389411 4.908909
51527 23 17 22
-0.757507 0.643719 -0.108674 5.237821
53831 23 17 23
-0.070908 0.648675 -0.757755 4.355679
74567 23 17 32
0.568750 -0.805633 -0.165768 6.677934
79175 23 17 34
-0.719846 -0.365413 0.590166 8.025106
49271 23 18 21
-0.611610 0.790819 0.023221 5.563020
53879 23 18 23
-0.322392 -0.037111 -0.945878 4.890770
67703 23 18 29
0.626316 0.566527 0.535514 7.726045
79223 23 18 34
-0.801004 -0.277267 0.530580 7.210582
47015 23 19 20
0.016574 0.044562 0.998869 5.295842
53927 23 19 23
-0.187877 -0.022250 -0.981941 4.865880
67751 23 19 29
0.941691 -0.132191 0.309424 8.541848
70055 23 19 30
0.643638 -0.511939 -0.568901 8.645359
72359 23 19 31
-0.595386 0.122950 -0.793976 7.648591
74663 23 19 32
-0.534560 0.503543 -0.678742 6.260109
83879 23 19 36
0.103871 0.169551 -0.980032 8.325274
86183 23 19 37
0.028196 0.015726 -0.999479 4.665269
51671 23 20 22
0.016807 -0.947082 -0.320553 6.023385
60887 23 20 26
0.530491 0.689810 0.492689 8.323119
70103 23 20 30
0.617234 -0.786701 0.011106 7.032320
79319 23 20 34
0.093582 -0.869227 0.485476 8.208331
83927 23 20 36
0.322938 -0.638764 -0.698349 7.479779
86231 23 20 37
0.127224 -0.364636 -0.922418 3.882944
44807 23 21 19
-0.042477 -0.581652 0.812328 4.728164
56327 23 21 24
-0.006153 0.527303 0.849655 4.656832
58631 23 21 25
0.217414 0.646301 0.731455 8.398705
60935 23 21 26
0.875189 0.428295 0.224964 10.926950
63239 23 21 27
0.678664 -0.260995 -0.686511 9.063152
81671 23 21 35
0.373451 -0.912689 -0.165933 5.690905
49463 23 22 21
0.634192 -0.626279 -0.453404 2.847891
58679 23 22 25
-0.454650 0.341736 0.822502 10.568077
60983 23 22 26
-0.151672 -0.502085 -0.851414 10.616317
74807 23 22 32
-0.049399 -0.799195 0.599038 6.799002
77111 23 22 33
0.095957 -0.790505 -0.604891 6.858063
35687 23 23 15
-0.574591 0.720277 0.388647 7.125026
40295 23 23 17
-0.563021 0.743334 -0.361194 7.847058
42599 23 23 18
-0.368890 0.379831 -0.848321 6.017904
58727 23 23 25
-0.986901 0.088365 0.134977 11.109353
61031 23 23 26
-0.363896 -0.411551 -0.835587 8.811830
35735 23 24 15
-0.675385 0.124689 0.726848 8.731392
42647 23 24 18
-0.305547 0.086822 -0.948210 6.636868
51863 23 24 22
-0.174719 0.789053 0.588956 5.076998
54167 23 24 23
-0.151478 0.823551 0.546642 7.904887
56471 23 24 24
-0.445223 0.612748 0.652929 10.779681
58775 23 24 25
-0.454387 -0.445577 -0.771358 10.628389
35783 23 25 15
-0.307952 -0.712494 0.630491 7.916763
42695 23 25 18
-0.382792 -0.035448 -0.923154 6.762976
44999 23 25 19
-0.114357 -0.118533 -0.986343 3.285551
51911 23 25 22
-0.535166 0.521682 0.664414 8.623272
54215 23 25 23
-0.809025 0.385254 0.443912 10.885625
56519 23 25 24
-0.490961 -0.727627 -0.479079 10.780375
58823 23 25 25
-0.191969 -0.646423 -0.738434 7.660262
35831 23 26 15
-0.439375 -0.504725 0.743103 6.217568
40439 23 26 17
-0.843793 -0.363531 -0.394790 8.103539
42743 23 26 18
-0.210822 -0.436645 -0.874583 5.905644
51959 23 26 22
-0.927042 -0.214078 0.307838 9.732141
54263 23 26 23
-0.453752 -0.811810 -0.367523 9.391912
56567 23 26 24
-0.203514 -0.827224 -0.523721 7.053313
58871 23 26 25
-0.169716 -0.696759 -0.696938 3.893287
38183 23 27 16
-0.389730 -0.871240 0.298416 6.318238
40487 23 27 17
-0.025553 -0.899062 -0.437075 5.952553
49703 23 27 21
-0.849077 -0.337568 0.406345 6.455260
52007 23 27 22
-0.689426 -0.693789 -0.208205 6.989989
63575 23 28 27
0.068226 0.771309 -0.632793 3.657867
56711 23 29 24
0.152346 0.910850 0.383591 4.748181
61319 23 29 26
-0.070664 0.965805 0.249456 7.295712
63623 23 29 27
-0.133636 0.729782 -0.670492 6.375060
56759 23 30 24
0.173649 0.763643 0.621849 7.838805
61367 23 30 26
0.157650 0.984094 0.081882 8.827866
63671 23 30 27
-0.467492 0.127332 -0.874779 7.884472
65975 23 30 28
-0.319119 0.047900 -0.946503 4.914610
56807 23 31 24
0.106302 -0.331570 0.937423 8.570244
61415 23 31 26
0.454786 0.630942 -0.628556 9.119267
63719 23 31 27
-0.642168 0.049905 -0.764938 7.834058
61463 23 32 26
-0.979234 -0.184331 0.084396 9.419744
63767 23 32 27
-0.767154 -0.067328 -0.637920 8.066507
61511 23 33 26
-0.688593 -0.719922 0.086902 7.736319
63815 23 33 27
-0.659589 -0.537907 -0.524974 6.374562
61559 23 34 26
-0.497966 -0.865426 0.055390 3.916286
71976 24 11 31
-0.006119 0.987908 0.154920 6.200990
74280 24 11 32
0.348143 0.926617 -0.142046 6.159847
69720 24 12 30
-0.102223 0.426161 0.898853 7.573577
72024 24 12 31
0.281471 0.709760 0.645767 9.403825
74328 24 12 32
0.775096 0.599688 -0.198999 9.457817
76632 24 12 33
0.617730 0.506010 -0.601966 8.112555
69768 24 13 30
0.232958 -0.707367 0.667355 7.315473
72072 24 13 31
0.345570 -0.911224 0.224169 7.994275
74376 24 13 32
0.573064 -0.759708 0.307314 8.848486
76680 24 13 33
0.711233 -0.362327 -0.602384 8.492547
78984 24 13 34
0.525458 -0.059992 -0.848702 5.400545
69864 24 15 30
0.640120 -0.307996 0.703836 6.072650
72168 24 15 31
0.763570 0.298186 0.572753 7.328780
74472 24 15 32
0.794852 0.593800 0.124945 8.361561
74520 24 16 32
0.559078 -0.587552 0.584990 8.999906
76824 24 16 33
0.773624 0.049703 -0.631693 8.708930
79128 24 16 34
0.166665 0.716878 -0.676985 7.550900
53832 24 17 23
-0.712521 0.470389 -0.520623 3.348501
67656 24 17 29
0.393372 0.773329 0.497213 6.772271
74568 24 17 32
-0.186128 -0.968930 0.162884 6.973354
76872 24 17 33
0.064250 -0.995219 0.073555 7.216184
83784 24 17 36
-0.298317 0.420781 -0.856709 7.017340
67704 24 18 29
0.522700 0.753391 0.398982 10.381310
76920 24 18 33
-0.357554 -0.786409 0.503702 5.018118
83832 24 18 36
0.094364 0.172024 -0.980563 7.517857
47016 24 19 20
0.059622 0.098802 0.993319 5.385702
60840 24 19 26
0.258116 0.778611 0.571963 6.189351
67752 24 19 29
0.947866 0.150349 -0.280971 12.129752
49368 24 20 21
-0.152036 -0.932107 0.328726 6.266811
51672 24 20 22
-0.122923 -0.804353 -0.581297 5.869047
63192 24 20 27
0.668309 0.645605 0.369536 12.454409
65496 24 20 28
0.942951 -0.255807 -0.213086 12.346414
67800 24 20 29
0.622174 -0.603705 -0.498437 11.116145
70104 24 20 30
0.516230 -0.465826 -0.718688 8.850295
74712 24 20 32
0.160312 0.628132 -0.761414 6.514804
79320 24 20 34
-0.591779 -0.273209 0.758390 7.578987
81624 24 20 35
-0.698019 -0.695875 -0.168901 8.221380
83928 24 20 36
-0.564493 -0.506941 -0.651429 6.681613
86232 24 20 37
-0.372308 -0.331673 -0.866822 3.308698
47112 24 21 20
-0.607284 -0.779008 0.156057 4.887599
49416 24 21 21
-0.264457 -0.876538 -0.402174 4.601800
58632 24 21 25
-0.326865 0.185687 0.926650 8.063887
60936 24 21 26
-0.643261 -0.344685 0.683672 11.165241
63240 24 21 27
0.083877 -0.937309 -0.338255 11.448089
65544 24 21 28
0.470983 -0.796860 -0.378403 9.580546
67848 24 21 29
0.554144 -0.786040 -0.273982 7.885478
81672 24 21 35
-0.374687 -0.858397 -0.350377 5.678905
83976 24 21 36
-0.431865 -0.730018 -0.529685 3.927330
72504 24 22 31
0.997174 -0.050069 -0.056005 6.804130
77112 24 22 33
0.350100 -0.633821 -0.689711 7.076631
37992 24 23 16
-0.532700 0.779829 0.328782 6.428415
40296 24 23 17
-0.297851 0.952626 -0.061546 7.060211
42600 24 23 18
0.389103 0.746150 -0.540240 6.128070
70248 24 23 30
0.972055 0.132932 0.193488 7.178456
72552 24 23 31
0.844903 -0.282396 -0.454304 6.239305
77160 24 23 33
0.333399 -0.879038 -0.340789 4.678915
38040 24 24 16
-0.756825 0.603806 0.250268 8.608169
54168 24 24 23
-0.766209 0.494564 0.410281 5.053438
56472 24 24 24
-0.924150 0.308130 0.225837 6.919401
58776 24 24 25
-0.939013 -0.069703 -0.336742 6.724417
61080 24 24 26
-0.655109 -0.304289 -0.691549 3.956689
67992 24 24 29
0.734970 -0.279230 0.617940 4.894987
35784 24 25 15
-0.394876 -0.375150 0.838651 6.880844
38088 24 25 16
-0.010754 -0.965374 -0.260648 8.058228
56520 24 25 24
-0.930402 -0.339666 -0.137765 6.741746
58824 24 25 25
-0.669064 -0.545053 -0.505243 4.885394
40488 24 27 17
0.309238 -0.950963 0.006476 6.117247
54456 24 30 23
0.571580 0.316878 0.756891 6.283659
59064 24 30 25
0.002498 0.947371 -0.320128 9.147038
61368 24 30 26
-0.738777 0.240965 -0.629400 7.594732
63672 24 30 27
-0.807446 -0.074146 -0.585264 5.522832
52200 24 31 22
0.865619 -0.156503 0.475616 4.171036
59112 24 31 25
-0.364490 -0.464362 -0.807165 9.938974
61416 24 31 26
-0.717568 -0.158228 -0.678277 7.547716
56856 24 32 24
0.239767 -0.845938 0.476341 6.991434
59160 24 32 25
-0.445293 -0.885541 -0.132406 7.798777
74281 25 11 32
-0.357736 0.887819 0.289485 6.148825
76585 25 11 33
0.081205 0.937020 -0.339706 6.232699
69721 25 12 30
-0.623888 0.592928 0.509117 5.928693
72025 25 12 31
-0.898450 0.357121 0.255446 7.377463
74329 25 12 32
-0.915252 0.215134 0.340634 8.568148
76633 25 12 33
-0.560287 0.397788 -0.726528 8.621768
78937 25 12 34
0.193224 0.379947 -0.904602 5.891212
69769 25 13 30
-0.544872 0.248403 0.800881 7.355333
72073 25 13 31
-0.968320 -0.248703 0.022429 7.619131
74377 25 13 32
-0.888745 -0.273258 0.368053 8.235808
76681 25 13 33
-0.915719 -0.178980 -0.359756 8.581314
78985 25 13 34
0.299295 0.274469 -0.913832 6.938839
76729 25 14 33
0.050655 0.762174 -0.645388 8.616631
79033 25 14 34
0.718823 0.011172 -0.695104 7.312660
69865 25 15 30
-0.126235 -0.237322 0.963194 6.877217
72169 25 15 31
-0.552493 -0.032538 0.832882 8.265116
74473 25 15 32
-0.700934 0.358049 0.616840 9.114582
76777 25 15 33
0.660418 0.478088 -0.579033 9.230569
74521 25 16 32
-0.652635 -0.668688 0.356264 8.354799
76825 25 16 33
-0.066108 -0.923389 0.378130 9.211253
79129 25 16 34
0.673619 0.308952 -0.671406 8.641407
67657 25 17 29
-0.220427 0.666801 0.711891 7.476013
69961 25 17 30
-0.092722 0.871079 -0.482311 8.805401
79177 25 17 34
0.512986 -0.839583 0.178735 8.208681
83785 25 17 36
-0.485111 0.522827 -0.700942 5.671612
46969 25 18 20
-0.287865 0.800157 0.526196 4.436741
67705 25 18 29
-0.626556 0.593997 0.504574 10.330012
70009 25 18 30
-0.436077 0.143362 -0.888417 9.940119
83833 25 18 36
-0.517577 0.087319 -0.851169 6.953402
86137 25 18 37
-0.337829 0.023730 -0.940908 3.153493
47017 25 19 20
-0.493582 -0.130611 0.859836 5.145619
49321 25 19 21
-0.916618 0.181637 0.356117 6.073327
63145 25 19 27
-0.139944 0.866484 0.479187 9.568822
65449 25 19 28
-0.457177 0.811366 0.364245 11.457414
67753 25 19 29
-0.938799 0.199786 -0.280611 11.956966
70057 25 19 30
-0.400918 -0.099901 -0.910651 9.934880
72361 25 19 31
-0.191773 0.380110 -0.904842 6.809608
76969 25 19 33
-0.472361 0.574836 0.668160 4.719884
79273 25 19 34
-0.525836 -0.054429 0.848843 6.456307
81577 25 19 35
-0.857178 -0.514950 0.008456 7.654803
83881 25 19 36
-0.566132 -0.431409 -0.702411 6.130202
51673 25 20 22
-0.194612 -0.978157 -0.073046 5.560645
63193 25 20 27
-0.803185 -0.119657 0.583589 11.436410
65497 25 20 28
-0.853544 -0.515664 -0.074525 12.332356
74713 25 20 32
-0.094661 0.722852 -0.684489 6.618615
77017 25 20 33
-0.523097 0.826254 -0.208981 5.729129
81625 25 20 35
-0.757313 -0.576961 -0.305931 5.774333
58633 25 21 25
-0.204623 -0.683683 0.700504 6.893775
60937 25 21 26
-0.769605 -0.506980 0.388175 8.399027
63241 25 21 27
-0.708143 -0.687069 0.162698 9.544543
65545 25 21 28
-0.432749 -0.888538 -0.152411 9.605729
67849 25 21 29
-0.217370 -0.943705 -0.249342 8.682313
70153 25 21 30
0.079792 -0.896442 0.435919 8.588449
72457 25 21 31
0.633074 0.302118 -0.712701 8.698595
74761 25 21 32
0.176836 0.419694 -0.890273 7.486085
77065 25 21 33
-0.247154 0.840005 -0.483018 6.689118
79369 25 21 34
-0.630466 -0.112852 -0.767970 5.676477
63289 25 22 27
-0.288384 -0.957496 0.006086 5.600416
65593 25 22 28
-0.122319 -0.992314 -0.018716 5.542016
72505 25 22 31
0.781773 0.207849 -0.587903 8.986536
77113 25 22 33
-0.159798 -0.024875 -0.986836 7.460537
79417 25 22 34
-0.194091 -0.373228 -0.907210 5.003713
42601 25 23 18
-0.285922 0.957921 0.025227 6.520185
44905 25 23 19
-0.067835 0.977820 -0.198160 6.119462
47209 25 23 20
0.038533 0.732673 -0.679489 5.527250
49513 25 23 21
-0.071319 -0.070600 -0.994952 3.605142
70249 25 23 30
-0.121449 0.549759 0.826447 9.103064
72553 25 23 31
0.552512 -0.182300 -0.813325 8.935430
77161 25 23 33
0.274616 -0.770128 -0.575750 5.983454
38041 25 24 16
-0.650729 0.565787 0.506396 6.596392
40345 25 24 17
-0.557118 0.636131 0.533813 8.104859
42649 25 24 18
0.612755 -0.244256 -0.751578 8.313515
44953 25 24 19
0.715642 -0.190878 -0.671880 7.408453
47257 25 24 20
0.460792 -0.265861 -0.846752 5.670366
67993 25 24 29
0.095177 -0.063261 0.993448 6.976024
70297 25 24 30
0.576584 -0.748228 0.328186 9.394678
72601 25 24 31
0.553387 -0.429438 -0.713685 7.966100
35785 25 25 15
-0.470796 0.011975 0.882161 5.113599
38089 25 25 16
-0.480595 -0.205666 0.852485 7.705248
56521 25 25 24
-0.955038 -0.292614 -0.047734 2.518198
68041 25 25 29
0.458888 -0.640730 0.615537 5.153783
70345 25 25 30
0.620128 -0.783777 0.033689 6.722481
72649 25 25 31
0.614832 -0.617061 -0.491139 5.474432
42745 25 26 18
0.617559 0.306316 -0.724425 6.218007
40489 25 27 17
0.363306 -0.323558 0.873681 6.997567
42793 25 27 18
0.827878 0.176857 -0.532296 7.041985
40537 25 28 17
0.502755 -0.653544 0.565789 5.391407
54409 25 29 23
0.840066 0.408276 0.357212 6.816465
54457 25 30 23
0.268705 0.420012 0.866826 7.501845
59065 25 30 25
-0.142226 0.445873 -0.883724 8.814703
63673 25 30 27
-0.760564 -0.177249 -0.624600 2.745042
52201 25 31 22
0.921562 0.224340 0.316852 7.378768
56809 25 31 24
0.370904 -0.174756 0.912080 10.049138
59113 25 31 25
-0.346137 -0.382378 -0.856724 8.663292
52249 25 32 22
0.796070 -0.477403 0.371966 6.954695
56857 25 32 24
0.144374 -0.967546 -0.207388 7.993155
59161 25 32 25
-0.358400 -0.709852 -0.606349 5.812772
52297 25 33 22
0.380807 -0.890750 0.248093 3.732816
76586 26 11 33
-0.125021 0.980158 0.153820 6.064320
76634 26 12 33
-0.151131 -0.018822 0.988335 7.715117
69770 26 13 30
-0.877072 0.436712 0.200070 5.163007
81290 26 13 35
0.524333 0.459918 -0.716625 6.371554
69818 26 14 30
-0.896861 -0.116840 0.426602 5.753162
72122 26 14 31
-0.964918 0.257803 0.049706 6.337446
79034 26 14 34
0.584196 0.809748 0.054986 8.805400
81338 26 14 35
0.501517 0.006754 -0.865121 7.343343
72170 26 15 31
-0.923283 -0.250070 0.291571 6.248780
76778 26 15 33
-0.124085 0.454350 0.882139 9.395253
79082 26 15 34
0.569641 0.438739 -0.694995 9.753125
69914 26 16 30
-0.918872 0.271903 0.285906 5.121862
79130 26 16 34
0.177730 -0.466905 -0.866263 10.033379
81434 26 16 35
0.019181 0.074417 -0.997043 6.982427
69962 26 17 30
-0.992897 0.108178 -0.049535 6.093969
72266 26 17 31
-0.819650 -0.213629 -0.531542 4.573779
79178 26 17 34
-0.379340 -0.892684 0.243343 8.342116
81482 26 17 35
-0.467879 -0.124683 -0.874953 7.019131
46970 26 18 20
-0.816302 0.575827 0.045552 3.062747
49274 26 18 21
-0.800714 0.591260 -0.096272 2.881125
60794 26 18 26
0.692875 0.717876 0.067669 5.868789
63098 26 18 27
0.370484 0.927770 -0.044552 5.940094
70010 26 18 30
-0.976613 0.015366 -0.214453 6.186625
81530 26 18 35
-0.887459 -0.362836 -0.284194 6.125239
47018 26 19 20
-0.905574 0.420347 0.056950 3.908720
51626 26 19 22
-0.861866 0.502895 0.065458 4.461915
56234 26 19 24
0.093131 0.807156 0.582945 6.305879
58538 26 19 25
0.405549 0.909248 0.093797 7.158526
70058 26 19 30
-0.945764 0.182368 -0.268835 6.710944
72362 26 19 31
-0.699700 0.528326 -0.480928 5.116930
79274 26 19 34
-0.921265 -0.298628 0.249182 4.503399
83882 26 19 36
-0.771180 -0.394076 -0.499986 3.169543
44762 26 20 19
0.852157 -0.129069 0.507118 4.184340
53978 26 20 23
-0.459397 0.032609 0.887632 6.052176
56282 26 20 24
-0.084406 0.211811 0.973659 7.788524
58586 26 20 25
0.706611 0.522291 -0.477402 8.155370
63194 26 20 27
-0.694909 -0.468834 0.545249 9.115024
65498 26 20 28
-0.969046 -0.228075 -0.094503 9.715188
67802 26 20 29
-0.894801 -0.052289 -0.443392 8.625037
70106 26 20 30
-0.980092 0.141960 -0.138805 7.498721
72410 26 20 31
-0.700959 0.682331 -0.207560 7.215503
47114 26 21 20
0.873924 -0.274028 0.401455 4.632229
54026 26 21 23
-0.007844 -0.865274 0.501238 4.661046
56330 26 21 24
0.149666 -0.863567 0.481511 6.367508
67850 26 21 29
-0.481778 -0.778849 -0.401603 7.586924
70154 26 21 30
-0.900123 -0.200565 0.386721 7.467258
72458 26 21 31
-0.967429 0.249111 -0.044988 8.181300
72506 26 22 31
-0.999797 0.017554 -0.009893 8.345098
77114 26 22 33
-0.684663 0.021587 -0.728540 6.428844
49514 26 23 21
-0.374061 -0.123216 -0.919182 2.843676
72554 26 23 31
-0.998837 0.000309 -0.048215 8.311044
77162 26 23 33
-0.219213 -0.280681 -0.934432 6.121959
40346 26 24 17
-0.471673 0.746484 0.469346 6.448754
42650 26 24 18
-0.651056 0.758779 0.019534 7.332694
47258 26 24 20
-0.246562 0.400156 -0.882656 5.689374
67994 26 24 29
-0.311415 0.301381 0.901216 6.135239
70298 26 24 30
-0.856063 0.315332 0.409539 8.372575
72602 26 24 31
-0.814931 -0.235655 -0.529485 8.253757
74906 26 24 32
0.500613 -0.564210 -0.656547 7.119235
40394 26 25 17
0.365117 0.916055 0.165929 8.304459
42698 26 25 18
0.478357 -0.785956 -0.391725 7.858689
47306 26 25 20
0.398679 0.292676 -0.869135 6.751085
68042 26 25 29
0.264074 -0.082372 0.960979 6.526041
70346 26 25 30
0.543376 -0.820487 0.177606 8.350571
72650 26 25 31
0.369561 -0.537569 -0.757921 7.395718
38138 26 26 16
0.464849 -0.418106 0.780450 7.471326
47354 26 26 20
0.778481 0.253479 -0.574209 7.589748
70394 26 26 30
0.795622 -0.604943 -0.032108 7.036091
72698 26 26 31
0.753796 -0.498756 -0.427824 6.065913
42794 26 27 18
-0.599214 0.790117 0.129065 7.325570
45098 26 27 19
0.361013 0.593503 0.719322 7.942377
47402 26 27 20
0.952665 0.232396 -0.196011 8.245429
52010 26 27 22
0.735711 0.675049 -0.055123 6.822721
54314 26 27 23
0.625083 0.671188 -0.398469 6.266325
40538 26 28 17
0.159061 -0.338278 0.927506 6.504660
42842 26 28 18
0.737066 -0.305654 0.602751 8.123082
45146 26 28 19
0.778572 -0.625633 -0.049069 8.173468
47450 26 28 20
0.942615 -0.300165 0.146211 8.286466
49754 26 28 21
0.992207 0.122921 -0.020405 8.530875
52058 26 28 22
0.982032 0.186503 -0.028805 8.296273
54362 26 28 23
0.835557 0.494056 -0.240321 8.244987
42890 26 29 18
0.522218 -0.847254 0.097204 6.249279
45194 26 29 19
0.448554 -0.893116 -0.033804 6.052426
49802 26 29 21
0.971167 -0.108882 0.212083 8.499371
54410 26 29 23
0.520837 -0.779894 0.347123 8.134109
59018 26 29 25
0.089243 0.687476 -0.720703 7.050792
49850 26 30 21
0.754723 -0.213602 0.620297 8.031639
59066 26 30 25
0.092346 0.161146 -0.982601 8.761083
49898 26 31 21
0.253505 -0.235699 0.938180 7.490313
56810 26 31 24
-0.998282 0.004025 0.058452 9.873263
59114 26 31 25
-0.029666 -0.515153 -0.856585 7.817012
49946 26 32 21
0.007073 -0.613984 0.789287 5.673938
52250 26 32 22
-0.120518 -0.857165 0.500744 8.452444
54554 26 32 23
-0.159131 -0.985304 -0.062074 9.094815
56858 26 32 24
-0.167441 -0.843582 -0.510228 7.845459
76587 27 11 33
-0.395824 0.828837 0.395415 5.133126
78891 27 11 34
-0.224030 0.938774 -0.261752 5.381742
81195 27 11 35
-0.036881 0.787949 -0.614636 3.494999
76635 27 12 33
-0.309123 0.431625 0.847433 7.664044
78939 27 12 34
-0.081296 0.831447 -0.549624 8.279157
81243 27 12 35
0.086923 0.549615 -0.830884 6.118501
76683 27 13 33
0.279590 -0.080401 0.956747 7.965154
81339 27 14 35
-0.171681 -0.271964 -0.946869 7.894213
74475 27 15 32
-0.178468 -0.040119 0.983127 6.455713
76779 27 15 33
-0.356047 0.152257 0.921980 8.992135
79083 27 15 34
-0.802584 -0.160367 -0.574580 9.116625
81387 27 15 35
-0.453161 -0.343557 -0.822565 6.401434
76827 27 16 33
-0.494173 -0.702034 0.512778 7.651040
79131 27 16 34
-0.860060 -0.397810 -0.319444 8.130609
58443 27 17 25
0.630152 0.740715 0.232915 5.681100
79179 27 17 34
-0.807319 -0.589207 0.032731 5.799777
81483 27 17 35
-0.755918 -0.273683 -0.594715 4.366894
63099 27 18 27
0.196694 0.485234 -0.851974 6.670061
65403 27 18 28
-0.364264 0.377256 -0.851463 4.457564
81531 27 18 35
-0.817631 -0.443926 -0.366620 2.892856
42411 27 19 18
0.834646 0.387168 0.391748 4.956028
79275 27 19 34
-0.975114 -0.126590 -0.182012 2.224819
49371 27 20 21
0.238193 0.956413 -0.168934 5.518638
60891 27 20 26
-0.809601 0.577439 0.105409 8.040076
63195 27 20 27
-0.999348 -0.032298 0.016160 8.095132
65499 27 20 28
-0.762323 0.417332 -0.494670 7.539283
74715 27 20 32
-0.578598 0.805996 -0.124877 5.113998
49419 27 21 21
0.687204 -0.541845 -0.483895 6.272908
56331 27 21 24
-0.462721 -0.525296 0.714110 5.770057
58635 27 21 25
-0.536586 -0.519977 0.664605 7.567923
60939 27 21 26
0.382564 -0.485213 -0.786266 7.804747
65547 27 21 28
-0.633096 -0.714055 -0.298854 7.932538
74763 27 21 32
-0.908437 -0.155961 -0.387838 6.271628
77067 27 21 33
-0.768758 -0.137242 -0.624640 5.428861
79371 27 21 34
-0.442697 -0.062155 -0.894515 3.409946
58683 27 22 25
0.008910 -0.350571 0.936494 6.707191
60987 27 22 26
0.953597 -0.300654 0.016113 7.712512
63291 27 22 27
0.839950 -0.432926 -0.327199 7.147404
72507 27 22 31
-0.940878 -0.268941 -0.205960 6.347956
58731 27 23 25
0.265675 -0.480073 0.836030 5.963005
61035 27 23 26
0.501001 -0.819716 -0.277603 6.358275
63339 27 23 27
0.509059 -0.782791 -0.357907 5.072392
58779 27 24 25
0.246995 -0.913788 0.322466 4.402105
74907 27 24 32
0.516717 0.697166 0.496953 7.862003
77211 27 24 33
0.478698 0.070779 -0.875122 6.419407
40395 27 25 17
0.006139 0.981135 0.193227 8.441043
42699 27 25 18
0.401153 0.858054 -0.320656 8.218349
45003 27 25 19
0.402157 0.814696 0.417779 8.622327
47307 27 25 20
0.322203 0.638008 -0.699379 7.878359
70347 27 25 30
-0.329636 0.593571 -0.734176 8.251351
38139 27 26 16
0.315827 0.039705 0.947986 8.612945
40443 27 26 17
0.407867 -0.514161 -0.754508 8.650751
54267 27 26 23
-0.117340 0.966974 -0.226258 4.505466
68091 27 26 29
0.203776 -0.412118 0.888051 7.345722
70395 27 26 30
-0.257393 -0.895000 -0.364312 7.967716
72699 27 26 31
0.616774 -0.786350 -0.035264 7.554169
75003 27 26 32
0.787952 -0.401439 -0.466881 7.167637
38187 27 27 16
0.466067 -0.670233 0.577554 7.089252
49707 27 27 21
0.074735 0.746763 -0.660878 8.991692
54315 27 27 23
-0.366597 0.778881 -0.508873 7.019971
68139 27 27 29
0.391184 -0.791521 0.469543 5.464587
70443 27 27 30
0.378043 -0.923739 -0.061563 5.877906
72747 27 27 31
0.576057 -0.815558 -0.054983 5.706595
49755 27 28 21
-0.668929 0.722751 0.173684 9.896268
54363 27 28 23
-0.637575 0.489899 -0.594556 8.682164
56667 27 28 24
-0.383660 0.559265 -0.734866 6.556392
40587 27 29 17
0.048116 -0.661464 0.748431 5.416645
42891 27 29 18
0.121368 -0.982203 0.143342 7.536046
49803 27 29 21
0.188278 -0.263031 0.946238 9.978577
52107 27 29 22
0.388252 -0.418761 -0.820914 9.574671
54411 27 29 23
-0.291637 -0.849586 -0.439489 8.425455
56715 27 29 24
-0.930995 0.282455 -0.231232 7.999751
59019 27 29 25
-0.394941 0.658989 -0.640121 6.546202
49851 27 30 21
0.261054 -0.613084 0.745640 9.142509
59067 27 30 25
-0.521209 0.317004 -0.792370 8.540580
61371 27 30 26
-0.062706 0.175913 -0.982406 4.825724
49899 27 31 21
-0.057657 -0.558301 0.827633 7.593374
56811 27 31 24
-0.962472 -0.268334 0.040556 8.900133
59115 27 31 25
-0.244108 -0.686182 -0.685249 7.597629
61419 27 31 26
-0.003584 -0.489546 -0.871970 4.142808
49947 27 32 21
-0.186718 -0.723001 0.665136 5.033556
52251 27 32 22
-0.384394 -0.861779 0.331027 7.177227
54555 27 32 23
-0.489264 -0.870760 -0.048962 7.710110
56859 27 32 24
-0.347369 -0.830617 -0.435213 6.554582
76636 28 12 33
-0.786573 0.446090 0.426973 5.126634
81244 28 12 35
-0.680768 0.532006 -0.503513 4.675173
76684 28 13 33
-0.692125 0.355972 0.627891 6.911014
78988 28 13 34
-0.879302 0.471476 -0.067367 8.085926
81292 28 13 35
-0.680840 0.288508 -0.673217 6.536139
76732 28 14 33
-0.478494 0.278993 0.832590 8.052614
79036 28 14 34
-0.828933 -0.325407 -0.454951 8.654123
81340 28 14 35
-0.547999 -0.360772 -0.754679 6.413325
76780 28 15 33
-0.734350 -0.608347 0.301071 7.947133
74524 28 16 32
-0.339337 -0.742916 0.576998 4.008792
44620 28 17 19
0.926031 0.104793 -0.362610 4.932452
56140 28 17 24
-0.146262 0.700647 0.698356 4.820752
58444 28 17 25
-0.344969 0.927272 0.145475 6.552303
60748 28 17 26
-0.420275 0.843414 -0.334697 6.121890
63052 28 17 27
-0.403939 0.697175 -0.592268 4.321304
44668 28 18 19
0.575449 0.028094 -0.817355 4.832901
56188 28 18 24
-0.004965 0.294026 0.955784 6.685069
58492 28 18 25
-0.855416 -0.423766 -0.297800 7.743351
60796 28 18 26
-0.868721 -0.247002 -0.429319 7.249445
63100 28 18 27
-0.661294 0.128625 -0.739017 5.947099
44716 28 19 19
0.098410 0.409036 -0.907196 5.639525
56236 28 19 24
0.191732 -0.095567 0.976783 6.912252
63148 28 19 27
-0.731893 0.179587 -0.657328 6.108069
42460 28 20 18
0.991387 0.027211 0.128103 8.123075
44764 28 20 19
-0.008812 0.367585 -0.929948 6.892381
49372 28 20 21
-0.062908 0.993099 -0.098981 5.657491
56284 28 20 24
-0.184937 -0.604358 0.774952 6.112963
58588 28 20 25
-0.404047 -0.691649 0.598638 7.506305
60892 28 20 26
-0.866293 -0.004563 -0.499515 7.626503
63196 28 20 27
-0.809714 0.213230 -0.546715 6.752313
65500 28 20 28
-0.658817 0.547709 -0.515727 5.271937
40204 28 21 17
0.815568 -0.065879 0.574898 6.721779
44812 28 21 19
0.476495 -0.433157 -0.765067 7.070513
51724 28 21 22
0.385446 -0.105733 -0.916652 6.034475
54028 28 21 23
-0.128203 -0.584781 -0.800996 4.058930
65548 28 21 28
-0.553596 0.828578 -0.083609 7.118621
72460 28 21 31
0.116528 0.976229 0.182754 5.615534
40252 28 22 17
0.645473 -0.362841 0.672094 5.839631
47164 28 22 20
-0.179467 -0.869158 -0.460821 6.346945
60988 28 22 26
-0.492206 -0.020982 0.870226 7.622533
63292 28 22 27
0.871047 0.364255 -0.329539 8.258834
67900 28 22 29
0.383017 0.706551 -0.595049 8.376196
42604 28 23 18
0.785805 -0.616726 0.046470 5.848194
47212 28 23 20
-0.458504 -0.494836 -0.738181 5.078532
67948 28 23 29
0.815762 -0.534787 0.220304 8.482888
70252 28 23 30
0.100635 0.160736 -0.981854 7.260341
47260 28 24 20
-0.502223 0.583992 -0.637751 5.270700
61084 28 24 26
-0.052331 -0.998624 0.003530 4.281763
70300 28 24 30
0.104150 0.367079 -0.924341 7.627055
74908 28 24 32
0.163800 0.752361 0.638062 8.487477
77212 28 24 33
0.233015 0.315921 -0.919727 7.958485
40396 28 25 17
-0.547369 0.815808 0.186665 7.758453
42700 28 25 18
-0.606680 0.788514 0.100920 7.904509
47308 28 25 20
-0.378938 0.779093 -0.499420 8.069642
68044 28 25 29
-0.143375 0.260632 0.954733 7.339309
70348 28 25 30
-0.050422 0.333719 -0.941323 8.101675
77260 28 25 33
0.053559 -0.358483 -0.931999 7.517094
38140 28 26 16
-0.473079 0.317202 0.821936 8.421638
40444 28 26 17
-0.586960 0.185554 -0.788066 9.007076
47356 28 26 20
-0.557804 0.387399 -0.734014 9.960956
49660 28 26 21
-0.319100 0.349648 -0.880864 7.281164
68092 28 26 29
0.019851 -0.386158 0.922219 7.517673
77308 28 26 33
0.040124 -0.379582 -0.924288 5.722240
38188 28 27 16
-0.168536 -0.510712 0.843071 8.000783
47404 28 27 20
-0.472851 -0.536574 -0.698928 9.863371
68140 28 27 29
0.621782 -0.531138 0.575569 6.607964
75052 28 27 32
0.323470 -0.751035 -0.575599 7.044234
38236 28 28 16
-0.058701 -0.705061 0.706712 5.161105
40540 28 28 17
-0.136436 -0.734414 0.664847 8.170384
42844 28 28 18
-0.421588 -0.892092 0.162587 9.395636
45148 28 28 19
-0.350968 -0.893933 -0.278756 9.095563
47452 28 28 20
-0.617362 -0.777754 -0.118160 8.690114
68188 28 28 29
0.689889 -0.517752 0.505951 5.801346
70492 28 28 30
0.681473 -0.702945 -0.203624 6.056014
72796 28 28 31
0.429530 -0.843177 -0.323353 5.154994
42892 28 29 18
-0.522319 -0.838595 0.154728 6.536974
45196 28 29 19
-0.555696 -0.829056 -0.062188 6.520254
49804 28 29 21
-0.866508 0.149789 0.476158 8.840367
52108 28 29 22
-0.804445 0.320778 -0.499970 8.837997
54412 28 29 23
-0.748397 0.108083 -0.654386 6.815036
68236 28 29 29
0.319988 -0.914739 0.246697 3.607002
45244 28 30 19
-0.403152 -0.867039 0.292767 3.368648
47548 28 30 20
-0.409474 -0.452240 0.792344 5.472487
49852 28 30 21
-0.566439 -0.244617 0.786962 8.781009
52156 28 30 22
-0.384667 0.071688 -0.920267 9.323089
54460 28 30 23
-0.292978 0.390241 -0.872855 7.407839
59068 28 30 25
-0.918919 0.259557 -0.297014 5.628610
61372 28 30 26
-0.637368 0.199312 -0.744337 3.322985
49900 28 31 21
-0.213349 -0.558030 0.801926 7.261920
59116 28 31 25
-0.780371 -0.441856 -0.442475 5.273901
61420 28 31 26
-0.587518 -0.406946 -0.699442 2.934886
52252 28 32 22
-0.146397 -0.965478 0.215453 6.308120
54556 28 32 23
-0.339457 -0.906533 -0.250931 6.169151
56860 28 32 24
-0.480371 -0.755242 -0.445930 4.565655
79037 29 14 34
-0.943145 0.070951 -0.324719 5.519643
76781 29 15 33
-0.907158 -0.393514 0.149031 5.509624
79085 29 15 34
-0.652742 -0.529053 -0.542247 4.413334
39965 29 16 17
0.383648 0.812533 0.438867 3.762223
42269 29 16 18
0.296934 0.926261 0.232099 5.019960
44573 29 16 19
0.224030 0.940307 -0.256190 5.122580
40013 29 17 17
0.663354 0.469308 0.582848 6.229703
44621 29 17 19
0.773548 0.096762 -0.626307 7.413404
46925 29 17 20
0.467243 0.015159 -0.883999 4.536345
40061 29 18 17
0.653554 0.128420 0.745905 7.226366
42365 29 18 18
0.788192 -0.277323 -0.549404 7.911851
40109 29 19 17
0.280165 0.125652 0.951693 7.442571
42413 29 19 18
-0.596713 -0.024544 -0.802079 7.628410
56237 29 19 24
-0.916494 -0.007783 0.399973 5.195040
58541 29 19 25
-0.980928 0.146057 -0.128246 5.614822
40157 29 20 17
-0.068829 0.349065 0.934567 7.997515
42461 29 20 18
-0.717575 0.251750 -0.649391 7.930633
49373 29 20 21
-0.104686 0.927693 -0.358366 5.399336
58589 29 20 25
-0.937309 -0.291740 0.190631 5.522143
60893 29 20 26
-0.978826 0.094536 -0.181553 5.617675
63197 29 20 27
-0.824095 0.336829 -0.455426 4.404330
37901 29 21 16
-0.008855 -0.197961 0.980170 4.576992
40205 29 21 17
-0.168613 -0.236500 0.956889 8.218352
42509 29 21 18
-0.346552 0.166272 -0.923177 8.486946
49421 29 21 21
-0.748174 0.029441 -0.662849 7.334383
51725 29 21 22
-0.598645 0.157176 -0.785443 5.528711
67853 29 21 29
0.075826 0.997082 -0.008868 6.370785
72461 29 21 31
0.897971 0.351291 0.265033 6.619344
74765 29 21 32
0.823284 0.292937 -0.486200 6.161479
40253 29 22 17
-0.115564 -0.553503 0.824790 6.803621
42557 29 22 18
0.031293 -0.847446 -0.529959 7.923560
49469 29 22 21
-0.330793 -0.938230 -0.101496 5.474206
51773 29 22 22
-0.386498 -0.728119 -0.566094 4.323540
60989 29 22 26
-0.289404 0.138620 0.947117 6.538462
63293 29 22 27
0.090573 0.940481 0.327555 8.433409
65597 29 22 28
0.017020 0.997772 0.064505 8.698128
42605 29 23 18
-0.411332 -0.889608 -0.198501 5.751542
65645 29 23 28
0.717430 -0.668039 0.197531 9.126399
67949 29 23 29
-0.174323 -0.371159 -0.912060 9.043264
70253 29 23 30
-0.142167 0.194548 -0.970536 7.052805
77165 29 23 33
0.592994 0.592073 -0.545718 7.175460
63389 29 24 27
0.630326 -0.751583 0.194450 5.993179
67997 29 24 29
-0.040835 -0.930179 0.364829 7.496735
74909 29 24 32
-0.105246 0.523143 0.845721 8.535366
77213 29 24 33
-0.003438 -0.174369 -0.984674 8.118829
70349 29 25 30
-0.472679 0.803826 0.361163 7.813548
72653 29 25 31
-0.108813 0.877345 0.467360 8.247370
74957 29 25 32
-0.911138 -0.252072 -0.326018 8.709613
38141 29 26 16
-0.841661 0.250655 0.478307 5.315753
42749 29 26 18
-0.840366 0.495470 0.219761 7.232690
45053 29 26 19
-0.913779 0.406175 0.005374 7.728926
47357 29 26 20
-0.892718 0.316308 -0.320942 6.958484
65789 29 26 28
0.260697 0.209400 0.942438 5.586994
70397 29 26 30
0.415553 -0.305462 0.856743 8.303932
72701 29 26 31
0.664195 0.353601 0.658643 9.149108
38189 29 27 16
-0.780972 -0.190398 0.594837 5.547739
40493 29 27 17
-0.930508 0.023018 0.365548 7.637202
42797 29 27 18
-0.932219 0.246275 0.265173 8.647965
45101 29 27 19
-0.990715 0.081717 -0.108654 8.853258
47405 29 27 20
-0.905280 0.103013 -0.412136 8.045046
54317 29 27 23
-0.462394 0.537397 -0.705263 3.486954
68141 29 27 29
-0.322554 -0.787782 0.524746 6.901463
72749 29 27 31
-0.203230 -0.972499 0.113771 8.319118
75053 29 27 32
-0.308436 -0.644931 -0.699236 6.934358
40541 29 28 17
-0.669793 -0.629821 0.393324 5.973275
42845 29 28 18
-0.690199 -0.714726 0.113103 7.273954
49757 29 28 21
-0.879532 -0.461923 -0.114240 6.855710
52061 29 28 22
-0.679385 0.000355 -0.733782 6.044771
54365 29 28 23
-0.607241 -0.079248 -0.790556 3.970008
65885 29 28 28
-0.049210 -0.602562 0.796554 4.378500
70493 29 28 30
-0.529540 -0.839582 -0.121202 6.044787
72797 29 28 31
-0.292463 -0.900294 -0.322390 5.304966
52157 29 30 22
-0.944883 0.325054 -0.039203 6.877450
54461 29 30 23
-0.720956 0.432178 -0.541705 5.395583
52205 29 31 22
-0.950537 -0.242195 0.194476 7.435709
54509 29 31 23
-0.793095 -0.102893 -0.600344 6.447658
56813 29 31 24
-0.780126 -0.092283 -0.618779 3.838732
52253 29 32 22
-0.542084 -0.824982 0.159839 4.966991
54557 29 32 23
-0.549319 -0.745431 -0.377601 4.384738
37710 30 17 16
-0.131236 0.447052 0.884829 4.164758
40014 30 17 17
-0.377516 0.699795 0.606439 6.855962
44622 30 17 19
0.470679 0.823355 -0.317091 8.950022
46926 30 17 20
0.478786 0.334054 -0.811894 6.677473
49230 30 17 21
0.435179 0.204094 -0.876906 3.002151
37758 30 18 16
-0.018235 -0.005126 0.999821 4.934409
40062 30 18 17
-0.527179 -0.281703 0.801702 7.580099
44670 30 18 19
0.707129 -0.687831 -0.163885 8.278031
46974 30 18 20
0.676401 -0.295636 -0.674597 6.433736
47022 30 19 20
0.805633 0.011833 -0.592297 5.496258
40158 30 20 17
-0.986306 0.146074 0.076568 6.802713
49374 30 20 21
-0.374353 0.460955 -0.804600 4.578865
47118 30 21 20
-0.770977 -0.535466 -0.344776 6.935614
67854 30 21 29
-0.094803 0.849247 0.519414 6.402170
70158 30 21 30
0.499400 0.778589 0.379998 7.295557
72462 30 21 31
0.570745 0.542912 0.616032 8.177776
74766 30 21 32
0.793860 0.583341 -0.171755 8.731658
77070 30 21 33
0.582826 0.494124 -0.645101 7.050943
42558 30 22 18
-0.728610 -0.682146 -0.061680 7.002491
44862 30 22 19
-0.319915 -0.805498 -0.498827 5.886902
63294 30 22 27
-0.215434 0.876796 0.429904 8.365928
65598 30 22 28
-0.084662 0.980512 -0.177282 8.681536
77118 30 22 33
0.783645 0.270030 -0.559450 8.374485
63342 30 23 27
-0.120833 -0.362862 0.923975 9.616012
65646 30 23 28
0.030364 -0.667232 -0.744231 10.065756
70254 30 23 30
0.221655 0.039609 -0.974320 7.017842
72558 30 23 31
0.884195 -0.047192 0.464729 6.124812
77166 30 23 33
0.715814 0.260413 -0.647916 9.245149
63390 30 24 27
-0.058313 -0.893465 0.445331 7.295393
67998 30 24 29
-0.076191 -0.993771 -0.081331 7.310326
77214 30 24 33
0.109103 -0.749916 -0.652474 8.463675
63438 30 25 27
-0.142749 -0.731187 0.667075 4.948895
63486 30 26 27
-0.039332 -0.257783 0.965402 4.234870
68094 30 26 29
-0.301211 0.274074 0.913321 7.090767
70398 30 26 30
-0.009585 -0.074614 0.997166 8.486435
72702 30 26 31
0.419154 -0.138840 -0.897237 9.409059
75006 30 26 32
-0.230877 -0.209866 -0.950080 7.174428
42798 30 27 18
-0.961160 0.114610 0.251069 5.161151
45102 30 27 19
-0.970162 0.201198 -0.135298 5.349576
52014 30 27 22
-0.777155 0.517942 -0.357444 3.505531
65838 30 27 28
0.066914 -0.397966 0.914957 5.869836
72750 30 27 31
-0.163080 -0.963476 -0.212412 7.630879
75054 30 27 32
-0.299079 -0.602061 -0.740321 5.311999
42846 30 28 18
-0.754655 -0.613537 0.232527 3.965707
45150 30 28 19
-0.765508 -0.643420 0.002847 4.404515
47454 30 28 20
-0.854817 -0.517835 0.033692 4.386345
49758 30 28 21
-0.939624 -0.342203 0.002047 4.579444
52062 30 28 22
-0.863737 -0.266217 -0.427886 3.879940
65886 30 28 28
-0.052034 -0.824535 0.563413 4.173244
68190 30 28 29
-0.115626 -0.984436 0.132346 5.157113
40015 31 17 17
-0.624031 0.626534 0.466949 4.770617
44623 31 17 19
-0.481146 0.858514 0.177347 8.609399
46927 31 17 20
-0.254990 0.673590 -0.693726 7.495673
49231 31 17 21
-0.097727 0.320775 -0.942100 3.794086
37759 31 18 16
-0.560902 0.162406 0.811796 3.872796
40063 31 18 17
-0.613429 0.110067 0.782042 6.223754
42367 31 18 18
-0.130675 -0.144974 0.980768 8.312944
44671 31 18 19
-0.115531 -0.932119 0.343231 9.816405
46975 31 18 20
-0.101400 -0.309169 -0.945586 8.199756
37807 31 19 16
-0.498054 0.024374 0.866803 4.097847
47023 31 19 20
-0.209099 -0.485606 -0.848802 6.499619
40159 31 20 17
-0.972494 -0.219132 0.078971 5.351349
47071 31 20 20
-0.747469 -0.267982 -0.607845 5.396102
37903 31 21 16
-0.437657 -0.404930 0.802800 3.375390
40207 31 21 17
-0.909166 -0.294862 0.294063 4.991415
47119 31 21 20
-0.794980 -0.376406 -0.475738 4.451229
70159 31 21 30
-0.449333 0.845973 0.287106 7.140354
74767 31 21 32
-0.605704 0.788378 0.107622 8.800699
77071 31 21 33
-0.389145 0.638438 -0.664051 7.702273
79375 31 21 34
-0.218095 0.403089 -0.888793 4.018464
40255 31 22 17
-0.649926 -0.571784 0.500658 3.737148
42559 31 22 18
-0.832223 -0.547760 0.085806 4.695650
44863 31 22 19
-0.639089 -0.667042 -0.382911 4.197140
63295 31 22 27
-0.695664 0.553276 0.458188 6.126011
65599 31 22 28
-0.594765 0.793392 0.129554 7.446923
70207 31 22 30
-0.105405 -0.988616 0.107368 8.034594
72511 31 22 31
0.018421 -0.944740 0.327303 8.167382
77119 31 22 33
-0.625221 0.127489 -0.769964 9.030479
79423 31 22 34
-0.244153 0.201038 -0.948669 5.414394
42607 31 23 18
-0.581070 -0.813809 -0.008544 2.408144
63343 31 23 27
-0.783512 -0.114338 0.610766 7.313490
65647 31 23 28
-0.960276 -0.175038 0.217329 9.017027
70255 31 23 30
0.355594 -0.239535 -0.903424 7.573843
77167 31 23 33
-0.933174 -0.243477 -0.264396 8.828744
79471 31 23 34
-0.329800 0.001621 -0.944049 5.956975
63391 31 24 27
-0.617460 -0.544278 0.567895 5.596264
70303 31 24 30
0.954669 -0.076209 -0.287750 7.376909
74911 31 24 32
-0.979264 -0.069906 0.190147 7.545435
77215 31 24 33
-0.744236 -0.612003 -0.267517 7.457314
79519 31 24 34
-0.340934 -0.424766 -0.838653 5.129801
74959 31 25 32
-0.440595 -0.184152 -0.878615 7.218924
79567 31 25 34
-0.195654 -0.770130 -0.607141 2.788524
68095 31 26 29
-0.583324 -0.065738 0.809575 6.406565
70399 31 26 30
-0.450101 -0.212968 0.867210 8.033381
72703 31 26 31
-0.744762 -0.514562 -0.424918 9.144798
75007 31 26 32
-0.248859 -0.304882 -0.919302 6.360706
65839 31 27 28
-0.659555 -0.306043 0.686531 5.205927
72751 31 27 31
-0.297758 -0.872115 -0.388273 7.055113
65887 31 28 28
-0.420136 -0.773679 0.474244 3.520760
68191 31 28 29
-0.452319 -0.861990 0.228869 4.585699
70495 31 28 30
-0.228284 -0.967428 -0.109401 4.824427
72799 31 28 31
-0.121485 -0.863182 -0.490060 3.719514
46928 32 17 20
-0.798292 0.480929 -0.362543 4.664561
42368 32 18 18
-0.787395 0.421335 0.449985 6.679243
44672 32 18 19
-0.984432 0.127354 -0.121141 7.344232
46976 32 18 20
-0.818419 -0.116512 -0.562685 5.564373
49280 32 18 21
-0.582667 -0.184419 -0.791510 2.465203
42416 32 19 18
-0.715467 -0.501835 0.486076 6.854631
44720 32 19 19
-0.796801 -0.441733 -0.412286 6.596000
44768 32 20 19
-0.656411 -0.550579 -0.515740 4.877128
44816 32 21 19
-0.705689 -0.454405 -0.543618 3.774184
70160 32 21 30
-0.771444 0.618311 0.150217 4.585943
77072 32 21 33
-0.750702 0.482712 -0.451038 4.730034
44864 32 22 19
-0.598946 -0.700481 -0.388060 2.458949
70208 32 22 30
-0.933451 0.349216 0.081958 6.446974
72512 32 22 31
-0.975849 0.082137 0.202416 6.805911
74816 32 22 32
-0.993496 -0.110655 -0.026849 7.223490
77120 32 22 33
-0.852623 0.020830 -0.522111 6.040814
67952 32 23 29
-0.792374 0.610032 0.001972 7.971758
77168 32 23 33
-0.907706 -0.319023 -0.272568 5.173780
65696 32 24 28
-0.255996 -0.185634 0.948687 6.760353
68000 32 24 29
-0.330698 -0.905055 -0.267422 8.205936
72608 32 24 31
-0.845321 0.182013 -0.502297 6.305626
79520 32 24 34
-0.832410 -0.256051 -0.491459 2.630588
65744 32 25 28
0.239564 -0.258674 0.935787 6.029051
72656 32 25 31
-0.945458 0.086299 -0.314104 6.860386
63488 32 26 27
-0.076655 -0.160030 0.984131 2.842465
72704 32 26 31
-0.941993 -0.242186 -0.232368 6.540772
75008 32 26 32
-0.672909 -0.236903 -0.700765 4.308064
77312 32 26 33
-0.484750 -0.391781 -0.782001 1.733509
72752 32 27 31
-0.765888 -0.529458 -0.364814 5.018319
75056 32 27 32
-0.508551 -0.505215 -0.697233 2.800364
70496 32 28 30
-0.615918 -0.786594 0.043752 3.496810
42417 33 19 18
-0.997421 -0.018890 0.069244 3.782085
42465 33 20 18
-0.929829 -0.328259 0.166323 3.137085
44817 33 21 19
-0.848017 -0.300997 -0.436197 2.000242
74817 33 22 32
-0.988104 0.039514 -0.148625 3.834913
67953 33 23 29
-0.900865 0.429469 0.063236 4.833999
70257 33 23 30
-0.953786 0.242730 -0.177127 4.442388
72561 33 23 31
-0.969991 -0.114081 -0.214715 3.796625
68001 33 24 29
-0.992353 0.061480 -0.107028 5.905950
65745 33 25 28
-0.775577 -0.010145 0.631172 5.018835
68049 33 25 29
-0.938224 -0.215124 -0.271030 5.620081
72657 33 25 31
-0.940992 -0.065512 -0.332028 2.989880
65793 33 26 28
-0.746589 -0.525567 0.407903 4.256683
68097 33 26 29
-0.791394 -0.546899 -0.273123 4.266263
65841 33 27 28
-0.575721 -0.782039 0.238664 2.261028
70497 33 28 30
-0.793515 -0.608507 0.007298 1.753618
