5.000000
32 32 32
123.199999 123.199999 123.199999
43.200001 43.200001 43.200001
12.819650 446.082461 116.662621
14982 6 20 14
0.916369 0.398193 0.041357 4.393666
9831 7 19 9
0.941756 -0.070859 0.328747 7.414549
13927 7 19 13
0.990836 0.131254 0.031894 8.654801
14983 7 20 14
0.887577 0.457977 -0.049649 9.603305
15015 7 21 14
0.915116 0.125947 0.383015 11.510342
16039 7 21 15
0.852676 0.230227 -0.468977 11.000390
15047 7 22 14
0.868359 -0.308277 0.388481 10.730619
16071 7 22 15
0.945588 -0.139074 -0.294145 11.028665
17127 7 23 16
0.924020 -0.097234 -0.369773 8.707323
15880 8 16 15
0.921851 0.386735 0.025029 1.738110
10824 8 18 10
0.775301 0.628985 0.057324 12.384328
13896 8 18 13
0.746192 0.624423 -0.230856 10.525209
10856 8 19 10
0.994742 -0.032599 0.097081 14.022471
13928 8 19 13
0.908614 0.415901 -0.038035 12.813659
9864 8 20 9
0.557514 -0.586626 0.587408 10.280293
10888 8 20 10
0.838989 -0.540740 0.060816 12.268675
14984 8 20 14
0.841938 0.522525 -0.134570 14.001549
17032 8 20 16
0.675380 0.485651 -0.554981 10.036448
15016 8 21 14
0.973002 0.206705 0.102661 15.573395
17064 8 21 16
0.773231 0.251540 -0.582101 12.467474
13000 8 22 12
0.796011 -0.275274 0.539064 9.244411
15048 8 22 14
0.838436 -0.504254 0.206770 15.178105
16072 8 22 15
0.750764 0.130577 -0.647536 14.561717
17096 8 22 16
0.868089 0.301333 -0.394486 13.759229
18120 8 22 17
0.531120 0.136124 -0.836290 9.042370
15080 8 23 14
0.647389 -0.654487 0.390556 13.016377
17128 8 23 16
0.811457 -0.129610 -0.569858 14.577122
18152 8 23 17
0.412040 -0.231630 -0.881232 8.707392
16136 8 24 15
0.494838 -0.787292 0.367840 11.654370
17160 8 24 16
0.468876 -0.735178 -0.489560 11.239182
20841 9 11 20
0.941430 0.331227 -0.063238 6.543934
22921 9 12 22
0.872953 -0.461509 -0.157996 9.734431
23945 9 12 23
0.577623 -0.408847 -0.706539 6.222968
17865 9 14 17
0.945444 0.324829 0.024932 10.243011
18889 9 14 18
0.864116 0.332637 -0.377700 8.949965
9769 9 17 9
0.811977 0.565670 0.143909 11.868835
13865 9 17 13
0.778073 0.531262 -0.335205 12.570274
9801 9 18 9
0.939628 0.121205 0.320014 14.072775
11849 9 18 11
0.800866 0.597823 0.034940 16.463303
13897 9 18 13
0.921821 0.167751 -0.349435 14.241024
8809 9 19 8
0.523686 -0.115720 0.844015 10.240609
11881 9 19 11
0.957395 0.061449 0.282168 17.515961
12905 9 19 12
0.882141 0.289807 -0.371267 16.656219
15977 9 19 15
0.786041 0.511550 -0.347067 15.072168
17001 9 19 16
0.651677 0.448310 -0.611829 11.731193
18025 9 19 17
0.509185 0.338295 -0.791383 6.289918
11913 9 20 11
0.894653 -0.372276 0.246993 17.163828
12937 9 20 12
0.987642 -0.133430 -0.082222 17.243608
13961 9 20 13
0.979907 0.196412 0.034713 17.145700
16009 9 20 15
0.953316 0.254708 -0.162209 16.925600
10921 9 21 10
0.361200 -0.864716 0.349000 11.296077
11945 9 21 11
0.427126 -0.857346 0.287265 13.551140
12969 9 21 12
0.534186 -0.734663 0.418229 15.320983
13993 9 21 13
0.692493 -0.558491 0.456663 16.804222
16041 9 21 15
0.607363 -0.774537 0.176641 16.282660
17065 9 21 16
0.795354 0.139827 -0.589797 16.154379
13001 9 22 12
0.062010 -0.511077 0.857295 12.233997
17097 9 22 16
0.869577 0.293714 0.396948 16.573490
18121 9 22 17
0.324573 0.121646 -0.938006 12.677600
13033 9 23 12
0.069470 -0.522284 0.849937 9.207334
14057 9 23 13
0.333562 -0.756631 0.562357 13.927447
17129 9 23 16
0.876719 -0.361998 -0.316735 16.995678
18153 9 23 17
0.290359 -0.299604 -0.908807 11.778466
14089 9 24 13
0.225517 -0.913393 0.338903 8.078277
16137 9 24 15
0.039539 -0.883889 0.466023 13.283987
17161 9 24 16
0.211627 -0.870754 -0.443848 13.643486
19818 10 11 19
0.936701 0.323001 0.135134 13.399335
20842 10 11 20
0.859396 0.461375 -0.220389 12.550581
20874 10 12 20
0.797712 -0.601085 -0.048497 12.032285
21898 10 12 21
0.647322 -0.604690 0.464032 13.756377
22922 10 12 22
0.429070 -0.762838 -0.483712 14.377751
23946 10 12 23
0.175750 -0.510573 -0.841681 9.001675
15786 10 13 15
0.872698 0.304604 0.381596 10.885382
16810 10 13 16
0.906144 0.380131 0.185483 12.546692
18858 10 13 18
0.935988 0.229827 -0.266656 11.949355
18890 10 14 18
0.684627 0.553250 -0.474553 14.151182
16874 10 15 16
0.849733 -0.141564 0.507852 14.276840
17898 10 15 17
0.872953 -0.485619 0.046129 15.288264
18922 10 15 18
0.708862 -0.567443 -0.418955 14.738503
19946 10 15 19
0.344838 -0.228563 -0.910410 9.816252
8714 10 16 8
0.171396 0.649595 0.740709 7.915844
12810 10 16 12
-0.056092 0.987912 0.144514 8.395828
8746 10 17 8
0.144010 0.334617 0.931286 11.533186
9770 10 17 9
0.625830 0.696052 0.351921 16.876450
10794 10 17 10
0.725873 0.653581 -0.214338 16.565247
13866 10 17 13
0.361147 0.900153 -0.243513 16.556221
14890 10 17 14
0.570190 0.520984 -0.635184 13.646181
9802 10 18 9
0.902458 -0.424518 -0.073168 17.790335
11850 10 18 11
0.786066 0.156461 0.598013 19.097101
8810 10 19 8
0.335454 -0.161317 0.928142 13.818209
11882 10 19 11
0.247515 -0.079975 0.965578 18.470423
12906 10 19 12
0.825420 0.220249 -0.519781 19.176485
14954 10 19 14
-0.438538 0.782317 -0.442340 16.980101
15978 10 19 15
-0.592598 0.793426 -0.138932 16.095016
17002 10 19 16
0.194908 0.621107 -0.759103 14.857319
9866 10 20 9
0.807086 -0.434490 0.399788 15.419240
14986 10 20 14
-0.318395 0.944294 0.083265 18.486893
17034 10 20 16
0.154697 0.440819 -0.884165 17.223839
18058 10 20 17
0.144280 0.159070 -0.976668 10.515821
11946 10 21 11
0.019694 -0.990236 0.138003 15.109640
16042 10 21 15
0.708377 -0.669147 0.224595 18.548864
17066 10 21 16
0.440731 0.027101 -0.897230 18.277115
17098 10 22 16
0.789215 0.238351 0.565975 18.312639
18122 10 22 17
0.297204 0.216524 -0.929939 15.213573
17130 10 23 16
0.886890 -0.325538 0.327796 18.699095
18154 10 23 17
0.367402 -0.271006 -0.889703 14.907296
14090 10 24 13
-0.105017 -0.867874 0.485557 8.525522
15114 10 24 14
0.152221 -0.951464 0.267480 11.672762
17162 10 24 16
0.274766 -0.952616 -0.130481 15.234035
19755 11 9 19
0.796634 0.603217 -0.038773 10.677119
27947 11 9 27
0.749645 0.653821 -0.102718 7.030859
19787 11 10 19
0.769187 0.637659 0.041730 14.560854
21835 11 10 21
0.947107 0.319184 0.033323 15.229280
22859 11 10 22
0.879853 0.123497 -0.458919 13.522017
26955 11 10 26
0.945009 -0.019878 0.326440 8.368474
27979 11 10 27
0.879983 -0.274432 -0.387708 8.123697
18795 11 11 18
0.339564 0.513983 0.787730 15.371020
19819 11 11 19
0.679316 0.718250 0.150485 18.273888
17803 11 12 17
0.383193 0.744916 0.546135 14.028486
18827 11 12 18
0.758926 0.036378 0.650160 17.251192
19851 11 12 19
0.879917 -0.454507 -0.138456 18.843855
20875 11 12 20
0.620956 -0.712568 -0.326589 16.700609
21899 11 12 21
0.433259 -0.874669 0.217349 16.835403
22923 11 12 22
0.042244 -0.717439 -0.695339 15.466823
23947 11 12 23
-0.014376 -0.551541 -0.834024 9.380959
14763 11 13 14
-0.071219 0.420224 0.904621 9.613074
16811 11 13 16
0.853507 0.506502 0.122397 16.598801
17835 11 13 17
0.939826 -0.075330 -0.333246 15.955640
18859 11 13 18
0.893189 -0.420400 0.159615 16.216969
14795 11 14 14
0.152263 -0.088342 0.984384 10.482533
15851 11 15 15
0.476374 -0.100115 0.873525 14.733080
17899 11 15 17
-0.405816 0.538791 0.738253 16.119198
18923 11 15 18
-0.054128 -0.795026 -0.604155 16.120438
19947 11 15 19
-0.032543 -0.343233 -0.938686 10.944981
15883 11 16 15
-0.007201 -0.228538 0.973508 14.304534
17931 11 16 17
0.217490 -0.855328 -0.470226 14.354547
10795 11 17 10
0.088557 0.959060 -0.269003 18.983540
11819 11 17 11
-0.118945 0.931482 -0.343794 16.744448
13867 11 17 13
-0.574121 0.818052 0.034287 15.119317
14891 11 17 14
-0.713763 0.521193 -0.467868 13.925475
15915 11 17 15
-0.744796 -0.504801 0.436412 13.538163
8779 11 18 8
0.015323 0.247960 0.968649 14.684292
9803 11 18 9
0.347869 -0.625472 0.698406 19.634289
10827 11 18 10
0.693847 -0.696472 0.183036 19.832495
12875 11 18 12
-0.518163 0.598669 -0.610821 20.038635
13899 11 18 13
-0.566010 0.150761 -0.810496 18.483383
16971 11 18 16
-0.934466 -0.188815 -0.301866 12.595781
17995 11 18 17
-0.260469 -0.032936 -0.964920 8.346398
8811 11 19 8
-0.062778 -0.266173 0.961879 14.655118
13931 11 19 13
-0.616909 -0.382755 -0.687693 17.528383
17003 11 19 16
-0.846157 0.525209 -0.090409 13.264978
18027 11 19 17
-0.250471 0.221553 -0.942432 9.180570
8843 11 20 8
-0.273749 -0.443357 0.853520 12.110322
12939 11 20 12
-0.894037 -0.427699 -0.133313 17.367439
13963 11 20 13
-0.970279 -0.079862 -0.228433 16.609999
8875 11 21 8
-0.209295 -0.738434 0.641023 7.674994
9899 11 21 9
-0.338680 -0.908784 0.243735 11.136803
10923 11 21 10
-0.454827 -0.888581 0.059635 12.114756
11947 11 21 11
-0.552997 -0.829861 0.074328 12.658839
15019 11 21 14
-0.939007 0.259463 0.225708 18.263500
16043 11 21 15
-0.956496 0.177575 0.231477 19.039389
17067 11 21 16
-0.327083 0.371463 -0.868926 18.707249
14027 11 22 13
-0.673304 -0.383570 0.632089 15.122166
18123 11 22 17
0.285540 0.391427 -0.874786 17.352524
15083 11 23 14
-0.413647 -0.373312 0.830382 17.499020
16107 11 23 15
0.772812 -0.503667 0.386111 20.124746
18155 11 23 17
0.370662 -0.195955 -0.907861 17.931328
15115 11 24 14
-0.085107 -0.846273 0.525908 12.106511
17163 11 24 16
0.235099 -0.964546 0.119912 16.982208
18187 11 24 17
0.491463 -0.583890 -0.646170 14.916183
17195 11 25 16
0.354796 -0.919025 0.171792 10.140316
22796 12 8 22
0.559047 0.798408 -0.223633 14.126619
23820 12 8 23
0.354436 0.621420 -0.698723 10.776350
24844 12 8 24
0.298784 0.518361 -0.801268 5.442427
18732 12 9 18
0.069408 0.591363 0.803413 10.822384
19756 12 9 19
0.225697 0.971510 0.072318 14.558756
22828 12 9 22
0.579475 0.688801 -0.435617 17.715456
23852 12 9 23
0.382086 0.225344 -0.896231 13.718963
24876 12 9 24
0.328487 0.338039 -0.881944 8.069085
28972 12 9 28
0.360653 0.497849 -0.788718 7.822916
19788 12 10 19
0.514534 0.774629 0.367703 17.503792
21836 12 10 21
0.521630 0.619556 0.586560 19.617672
22860 12 10 22
0.529058 -0.313064 -0.788726 18.364208
24908 12 10 24
0.567218 0.028270 -0.823082 9.075844
26956 12 10 26
0.517104 0.626433 0.583253 12.966805
29004 12 10 28
0.383637 -0.380971 -0.841239 7.828638
20844 12 11 20
0.201154 0.962640 0.181277 20.314329
24940 12 11 24
0.605324 -0.525874 -0.597528 8.187120
26988 12 11 26
0.846331 -0.486242 0.217468 12.628658
18828 12 12 18
-0.316312 0.379355 0.869504 18.198711
19852 12 12 19
-0.754733 -0.654697 -0.041840 20.481953
21900 12 12 21
0.235126 -0.971954 -0.004682 18.774275
22924 12 12 22
0.117652 -0.542160 -0.831998 15.931905
16812 12 13 16
-0.360685 0.908215 0.212256 17.714554
18860 12 13 18
-0.177904 -0.789658 0.587188 17.902525
19884 12 13 19
-0.152064 -0.793203 -0.589665 17.204405
15820 12 14 15
-0.334129 -0.033763 0.941922 15.784893
16844 12 14 16
0.432954 -0.827236 -0.358095 18.688663
18924 12 15 18
-0.604409 -0.620973 -0.499082 14.839936
19948 12 15 19
-0.269344 -0.448815 -0.852068 9.637476
9740 12 16 9
0.021211 0.873939 0.485573 11.336584
11788 12 16 11
-0.024797 0.799410 -0.600273 7.719145
15884 12 16 15
-0.540275 -0.525228 0.657448 12.194956
17932 12 16 17
-0.552364 -0.778934 -0.296910 13.487617
10796 12 17 10
-0.385086 0.864534 -0.322939 18.001556
11820 12 17 11
-0.379022 0.714395 -0.588202 14.337162
9804 12 18 9
-0.458266 -0.005298 0.888800 19.379490
10828 12 18 10
-0.971685 -0.104581 -0.211875 19.718842
12876 12 18 12
-0.853151 0.450454 -0.263106 16.077679
14924 12 18 14
-0.587725 0.041306 -0.808006 10.800548
16972 12 18 16
-0.913123 -0.342914 -0.220492 8.073359
8812 12 19 8
-0.092324 -0.588740 0.803033 13.918547
10860 12 19 10
-0.534198 -0.823222 0.192190 18.311007
11884 12 19 11
-0.740763 -0.555322 -0.378004 17.426464
13932 12 19 13
-0.526918 -0.456379 -0.716991 14.926324
10892 12 20 10
-0.549490 -0.835387 0.013764 14.033477
13964 12 20 13
-0.515670 -0.656802 -0.550178 13.457545
17036 12 20 16
-0.836430 0.542696 0.076591 12.418774
18060 12 20 17
-0.469695 0.610372 -0.637834 9.995694
9900 12 21 9
-0.596820 -0.782304 0.178342 7.148028
17068 12 21 16
-0.923907 0.358838 0.132781 15.442771
18092 12 21 17
-0.544129 0.670358 -0.504523 14.258323
19116 12 21 18
-0.015679 0.663833 -0.747717 10.232440
17100 12 22 16
-0.815566 0.571083 0.093361 17.881290
19148 12 22 18
0.194386 0.359875 -0.912526 13.790124
16108 12 23 15
-0.740170 0.121423 0.661366 18.355471
17132 12 23 16
-0.957200 -0.078398 -0.278608 19.413254
19180 12 23 18
0.493181 0.017709 -0.869746 14.988166
16140 12 24 15
-0.033480 -0.828289 0.559299 16.082273
18188 12 24 17
0.275885 -0.847557 -0.453359 17.599529
19212 12 24 18
0.620938 -0.326554 -0.712600 13.774392
20236 12 24 19
0.687822 -0.184095 -0.702147 7.464875
17196 12 25 16
0.451327 -0.854335 0.257713 13.168520
18220 12 25 17
0.509367 -0.818834 -0.264683 13.204410
20749 13 8 20
0.247453 0.544930 0.801135 12.801376
21773 13 8 21
0.256013 0.910544 0.324603 15.384483
22797 13 8 22
-0.129335 0.887935 -0.441411 14.843692
19757 13 9 19
-0.591102 0.721349 0.360908 12.971073
20781 13 9 20
-0.180473 0.578928 0.795155 15.028651
24877 13 9 24
0.434953 0.326204 -0.839289 9.577038
27949 13 9 27
-0.019598 0.988256 0.151544 10.899929
28973 13 9 28
-0.092182 0.611026 -0.786225 8.632199
18765 13 10 18
-0.297905 0.396301 0.868446 13.702112
19789 13 10 19
-0.891021 0.449502 -0.063479 16.175510
21837 13 10 21
-0.587408 0.009824 0.809231 18.707924
22861 13 10 22
0.074655 -0.554286 -0.828971 19.467598
23885 13 10 23
0.285832 -0.232227 -0.929715 15.243986
29005 13 10 28
0.149352 -0.260522 -0.953846 9.646591
18797 13 11 18
-0.173210 0.067564 0.982565 14.900815
20845 13 11 20
-0.942928 0.311353 0.118090 17.786718
26989 13 11 26
0.889132 0.138121 0.436309 16.382151
17805 13 12 17
-0.530411 0.551618 0.643725 10.962426
20877 13 12 20
-0.720950 -0.688088 0.082256 17.108419
21901 13 12 21
-0.432758 -0.850774 0.298167 18.580086
22925 13 12 22
0.135938 -0.293717 -0.946177 16.809282
27021 13 12 26
0.711141 -0.669435 0.214791 13.897251
28045 13 12 27
0.736286 -0.358534 -0.573879 12.797044
16813 13 13 16
-0.746459 0.585167 0.316827 13.008152
17837 13 13 17
-0.951788 0.299365 0.066933 14.173630
18861 13 13 18
-0.950917 -0.309431 0.003018 14.542891
21933 13 13 21
0.170745 -0.931593 0.320906 12.480557
23981 13 13 23
0.958707 0.283077 -0.027353 13.669001
25005 13 13 24
0.866199 0.407552 -0.289136 12.754954
16845 13 14 16
-0.983607 0.133610 0.121100 15.985806
18893 13 14 18
-0.924818 -0.275802 -0.262002 12.488306
19917 13 14 19
-0.694787 -0.397901 -0.599121 9.145020
24013 13 14 23
0.846375 -0.414216 0.334774 13.021856
25037 13 14 24
0.866504 -0.353214 -0.352719 13.137662
9709 13 15 9
0.420737 0.901969 0.097124 8.014077
16877 13 15 16
-0.680484 -0.665001 -0.307758 14.936623
18925 13 15 18
-0.831463 -0.425105 -0.357707 10.258095
11789 13 16 11
0.210758 0.642894 -0.736388 8.295531
10797 13 17 10
-0.396483 0.679740 -0.617053 16.198492
11821 13 17 11
-0.156193 0.463191 -0.872386 11.998831
7757 13 18 7
0.577438 -0.068715 0.813538 11.548461
8781 13 18 8
0.115883 0.164119 0.979610 16.255411
9805 13 18 9
-0.785976 0.446428 0.427720 18.576603
9837 13 19 9
-0.009283 -0.995926 0.089694 16.469090
13933 13 19 13
0.905000 0.425192 -0.013697 15.428154
11917 13 20 11
-0.673665 -0.738369 -0.031423 8.353142
13965 13 20 13
0.771995 -0.633266 0.054763 15.013359
14989 13 20 14
0.352803 -0.237055 -0.905171 11.068689
13997 13 21 13
-0.001109 -0.999105 0.042273 10.910683
19117 13 21 18
-0.554463 0.725233 -0.408177 7.693048
15053 13 22 14
-0.822547 -0.159646 0.545829 6.329789
17101 13 22 16
-0.579123 0.784064 0.223293 13.545343
19149 13 22 18
-0.458166 0.757446 -0.465145 12.631190
17133 13 23 16
-0.797823 0.566846 -0.205337 17.213144
19181 13 23 18
-0.475169 0.534237 -0.699146 15.806002
20205 13 23 19
0.100158 0.306288 -0.946655 11.105375
16141 13 24 15
0.023889 -0.139272 0.989966 15.887034
19213 13 24 18
-0.249439 -0.235644 -0.939283 16.268225
20237 13 24 19
0.282633 -0.058243 -0.957458 11.905530
16173 13 25 15
0.365177 -0.665866 0.650591 13.799473
18221 13 25 17
0.067283 -0.994088 0.085215 15.436511
19245 13 25 18
0.569264 -0.659928 -0.490340 14.552165
20269 13 25 19
0.505725 -0.391367 -0.768813 10.322312
16205 13 26 15
0.256879 -0.876128 0.407937 7.977308
17229 13 26 16
0.305771 -0.930813 0.200227 10.217739
22734 14 6 22
0.735365 0.661109 0.148905 9.354565
21742 14 7 21
0.275696 0.946713 0.166510 13.518543
22766 14 7 22
0.512704 0.823302 -0.243535 13.054294
23822 14 8 23
0.574074 0.605629 -0.551047 14.836974
24846 14 8 24
0.564915 0.327862 -0.757217 10.985932
20782 14 9 20
-0.471487 -0.176370 0.864056 13.518044
21806 14 9 21
-0.801403 0.411867 0.433726 16.181580
25902 14 9 25
0.677764 0.734379 -0.036377 11.521266
26926 14 9 26
0.265202 0.948765 -0.171794 10.790423
20814 14 10 20
-0.812195 -0.259369 0.522558 11.972700
21838 14 10 21
-0.712090 -0.300753 0.634410 15.856966
22862 14 10 22
-0.847168 -0.418991 0.326730 18.438866
23886 14 10 23
0.345711 -0.361103 -0.866076 17.095474
25934 14 10 25
0.709554 0.547954 0.443034 14.612303
26958 14 10 26
0.418759 0.907586 0.030464 15.465959
27982 14 10 27
0.154983 0.836620 -0.525401 15.132433
29006 14 10 28
0.027768 0.122822 -0.992040 10.349884
18798 14 11 18
-0.842876 0.046767 0.536072 11.944015
24942 14 11 24
0.800398 -0.372108 0.469998 13.278340
25966 14 11 25
0.362489 0.150767 0.919712 16.075485
18830 14 12 18
-0.850284 -0.366641 0.377612 10.597890
19854 14 12 19
-0.917466 -0.390319 -0.076855 11.303821
20878 14 12 20
-0.902426 -0.295473 0.313564 11.619929
21902 14 12 21
-0.764583 -0.142249 0.628632 15.425211
23950 14 12 23
0.298456 0.559853 -0.772974 14.047421
25998 14 12 25
0.559526 -0.269774 0.783679 15.630258
27022 14 12 26
0.269825 -0.938237 0.216579 16.946600
23982 14 13 23
0.119211 0.991200 -0.057546 16.271961
26030 14 13 25
0.859428 0.031442 -0.510289 15.536672
28078 14 13 27
0.736383 -0.624344 -0.260642 14.718614
29102 14 13 28
0.328804 -0.165738 -0.929742 9.542901
21966 14 14 21
0.121328 -0.555947 0.822315 8.752747
22990 14 14 22
0.369111 -0.575445 0.729808 14.136938
25038 14 14 24
0.468821 -0.650197 -0.597872 17.856686
26062 14 14 25
0.548518 -0.488957 -0.678269 13.823306
28110 14 14 27
0.657584 -0.747016 -0.097729 10.169910
9710 14 15 9
0.174573 0.983100 -0.055124 10.096787
14830 14 15 14
0.450658 0.451203 0.770275 11.645683
16878 14 15 16
0.565583 0.204855 -0.798843 14.700223
24046 14 15 23
0.591029 -0.707277 0.387871 14.024337
25070 14 15 24
0.625718 -0.670873 -0.398002 14.120802
7694 14 16 7
0.585240 0.773504 0.243281 10.492100
10766 14 16 10
0.001847 0.775028 -0.631924 13.174328
15886 14 16 15
0.986827 0.134609 0.089734 19.177713
6702 14 17 6
0.752236 0.207931 0.625225 11.896016
7726 14 17 7
0.820607 0.449725 0.352635 13.756114
8750 14 17 8
0.223693 0.460190 0.859178 15.099416
9774 14 17 9
0.166085 0.969276 0.181438 16.525425
12846 14 17 12
0.372239 0.781587 -0.500560 8.947793
15918 14 17 15
0.983192 -0.166254 0.075448 18.794411
7758 14 18 7
0.439957 -0.400870 0.803580 13.627025
11854 14 18 11
-0.464637 -0.432996 -0.772416 11.491073
13902 14 18 13
0.390540 0.770299 0.504102 14.841996
14926 14 18 14
0.916676 0.367194 0.157713 16.901684
15950 14 18 15
0.875713 -0.396807 -0.275085 16.869223
16974 14 18 16
0.343601 -0.385616 -0.856294 11.833438
6766 14 19 6
0.545007 -0.562561 0.621685 8.389749
8814 14 19 8
0.336659 -0.531499 0.777284 15.528165
9838 14 19 9
-0.080559 -0.945452 -0.315643 16.508055
10862 14 19 10
-0.273848 -0.665876 -0.693986 12.773715
13934 14 19 13
-0.042003 -0.018857 0.998939 17.466686
14958 14 19 14
0.675243 -0.363720 -0.641681 17.214233
15982 14 19 15
0.513888 -0.641567 -0.569483 12.638261
17006 14 19 16
0.201696 -0.632773 -0.747608 7.838006
7822 14 20 7
0.506884 -0.729599 0.459079 8.147079
8846 14 20 8
0.358278 -0.929886 0.083360 10.452800
13966 14 20 13
-0.496829 -0.738980 0.455049 15.181867
14990 14 20 14
0.045634 -0.705810 -0.706930 13.091396
13998 14 21 13
-0.446364 -0.890530 0.087839 9.222151
17102 14 22 16
-0.150997 0.946442 0.285391 11.031044
18126 14 22 17
-0.021416 0.999714 -0.010634 11.843294
20174 14 22 19
-0.051059 0.665305 -0.744824 6.960614
17134 14 23 16
-0.305959 0.940107 -0.150291 16.061211
18158 14 23 17
-0.047974 0.617941 -0.784760 15.174035
19182 14 23 18
-0.321564 0.496415 -0.806330 14.203218
16142 14 24 15
-0.055268 0.032526 0.997942 16.018538
16174 14 25 15
-0.318334 -0.717240 0.619863 13.988299
20270 14 25 19
-0.298505 -0.133549 -0.945018 11.128449
16206 14 26 15
-0.266232 -0.874751 0.404884 7.929378
18254 14 26 17
-0.258306 -0.863276 0.433627 12.271192
19278 14 26 18
-0.039314 -0.919564 -0.390968 12.749413
20302 14 26 19
-0.035185 -0.561747 -0.826560 8.572751
18286 14 27 17
-0.054335 -0.937243 0.344417 7.062518
19310 14 27 18
0.046037 -0.958444 -0.281542 7.353628
22703 15 5 22
0.224098 0.697590 0.680550 8.977546
23727 15 5 23
0.508046 0.857141 -0.084843 11.588320
23759 15 6 23
0.993893 0.082217 -0.073601 14.554528
21743 15 7 21
-0.434808 0.822090 0.367573 13.151046
24815 15 7 24
0.968437 -0.062981 -0.241172 13.688745
25839 15 7 25
0.929147 -0.009331 -0.369592 12.000602
26863 15 7 26
0.805903 -0.022170 -0.591633 8.327279
20751 15 8 20
-0.473570 0.004548 0.880745 12.372231
22799 15 8 22
-0.400362 0.612854 0.681264 15.143219
23823 15 8 23
-0.153886 0.928991 -0.336594 15.546685
24879 15 9 24
0.553657 0.507231 -0.660440 15.407969
25903 15 9 25
0.448060 0.828657 -0.335514 13.927582
26927 15 9 26
-0.006441 0.765462 -0.643449 11.334032
11599 15 10 11
0.893536 -0.220764 -0.390970 3.576806
21839 15 10 21
-0.807498 -0.367591 0.461329 10.285395
23887 15 10 23
-0.541628 -0.784978 0.300748 17.119463
9583 15 11 9
0.938511 -0.331767 0.095539 5.132304
23919 15 11 23
-0.492542 -0.808185 0.322862 13.984453
26991 15 11 26
-0.882626 -0.248684 0.398907 16.920055
28015 15 11 27
-0.172490 0.008925 -0.984971 16.795877
29039 15 11 28
0.024636 -0.028704 -0.999284 11.263060
21903 15 12 21
-0.793604 0.107732 0.598820 9.639927
27023 15 12 26
-0.870653 -0.362290 0.332731 16.037329
22959 15 13 22
-0.700936 0.003595 0.713215 14.515038
23983 15 13 23
-0.505761 0.852440 -0.132486 15.734176
26031 15 13 25
-0.446329 0.894785 0.012273 16.684324
16847 15 14 16
0.530291 0.679907 -0.506475 15.258448
26063 15 14 25
0.000805 -0.787295 -0.616576 15.913052
28111 15 14 27
-0.103463 -0.948021 -0.300919 12.447959
29135 15 14 28
-0.108963 -0.467874 -0.877053 8.258131
9711 15 15 9
-0.332228 0.903070 -0.272194 9.285672
14831 15 15 14
-0.084790 0.369777 0.925243 13.707820
15855 15 15 15
0.232596 0.788101 0.569909 20.229223
16879 15 15 16
0.417979 0.298372 -0.858061 18.885414
17903 15 15 17
0.120957 0.108240 -0.986739 10.233129
24047 15 15 23
-0.077551 -0.552869 0.829651 15.695762
25071 15 15 24
0.183880 -0.571880 -0.799463 16.552361
27119 15 15 26
0.341019 -0.807130 -0.481919 8.583799
6671 15 16 6
0.197867 0.800578 0.565618 11.248679
8719 15 16 8
0.069579 0.886169 0.458107 14.329976
11791 15 16 11
-0.725404 0.453602 -0.517720 8.039478
15887 15 16 15
-0.531907 0.096891 0.841241 22.569054
16911 15 16 16
0.122675 -0.104631 -0.986916 19.597376
17935 15 16 17
0.097504 -0.136030 -0.985895 10.186375
25103 15 16 24
0.328586 -0.915391 -0.232574 12.346703
26127 15 16 25
0.307535 -0.708795 -0.634848 8.195923
6703 15 17 6
0.250128 0.241398 0.937637 14.587768
9775 15 17 9
-0.875332 0.449318 -0.178628 16.219450
10799 15 17 10
-0.435390 0.294962 -0.850549 13.539471
12847 15 17 12
-0.863682 0.499602 -0.066723 7.789033
15919 15 17 15
-0.794049 -0.525260 0.305922 21.788183
16943 15 17 16
-0.084414 -0.421133 -0.903062 16.987986
17967 15 17 17
-0.016137 -0.387223 -0.921845 7.670610
5711 15 18 5
-0.071623 -0.260589 0.962790 8.517702
10831 15 18 10
-0.201304 -0.139292 -0.969574 14.142310
13903 15 18 13
-0.560379 0.344915 0.753000 14.092221
14927 15 18 14
-0.749062 0.153431 0.644488 18.780373
15951 15 18 15
-0.478616 -0.694869 -0.536734 18.707821
5743 15 19 5
-0.057455 -0.602097 0.796353 5.692861
6767 15 19 6
0.130864 -0.590647 0.796248 10.922367
7791 15 19 7
0.562408 -0.197082 0.803029 14.849932
9839 15 19 9
0.115411 -0.816031 -0.566370 16.280912
14959 15 19 14
-0.755548 -0.642260 -0.129030 16.417896
7823 15 20 7
0.260779 -0.817009 0.514286 11.387237
8847 15 20 8
0.270258 -0.955095 -0.121463 12.893882
14991 15 20 14
-0.577994 -0.758713 -0.300463 10.790640
13999 15 21 13
-0.565554 -0.787064 0.246331 5.486209
17071 15 21 16
0.316474 0.846007 0.429089 6.210369
19151 15 22 18
0.020787 0.814474 -0.579828 11.265414
16111 15 23 15
0.019654 0.633891 0.773172 13.384055
20207 15 23 19
-0.213669 0.022996 -0.976635 9.156955
16143 15 24 15
-0.333869 -0.316675 0.887834 14.953316
19215 15 24 18
-0.543121 -0.229395 -0.807711 13.043505
16175 15 25 15
-0.446654 -0.760730 0.470946 10.881053
19247 15 25 18
-0.776542 -0.161066 -0.609131 12.434751
20271 15 25 19
-0.561125 -0.060082 -0.825547 7.910956
18255 15 26 17
-0.486095 -0.774996 0.403848 10.171976
24752 16 5 24
-0.163226 0.980268 -0.111499 10.997066
25776 16 5 25
0.363904 0.893546 -0.262964 9.835331
22736 16 6 22
-0.276725 0.478165 0.833536 13.060760
23760 16 6 23
-0.949971 0.302069 0.079438 15.177184
24784 16 6 24
-0.615970 0.786049 -0.052037 15.059813
25808 16 6 25
0.457848 0.846465 -0.271794 14.677198
26832 16 6 26
0.510221 0.566517 -0.647096 12.182851
24816 16 7 24
0.065175 0.188370 0.979933 15.786014
26864 16 7 26
0.639661 0.007240 -0.768623 14.030111
21776 16 8 21
-0.697528 -0.196635 0.689050 12.140386
22800 16 8 22
-0.695478 -0.148312 0.703075 14.268012
24848 16 8 24
0.852446 0.381234 0.357766 16.549252
25872 16 8 25
0.938045 -0.105030 -0.330213 16.547068
9520 16 9 9
0.748442 0.648256 0.139997 6.820034
12592 16 9 12
0.969294 0.149753 -0.195049 7.697122
13616 16 9 13
0.895861 0.083316 -0.436452 5.486482
22832 16 9 22
-0.525398 -0.563551 0.637469 12.249618
24880 16 9 24
0.981069 0.091421 -0.170724 17.457792
12624 16 10 12
0.814609 -0.519356 -0.258226 6.159830
24912 16 10 24
-0.484857 -0.866852 0.116112 16.473522
26960 16 10 26
0.058534 0.655152 -0.753226 14.838733
8560 16 11 8
0.665101 -0.357349 0.655700 8.176831
9584 16 11 9
0.732948 -0.667307 -0.132242 9.927206
10608 16 11 10
0.439017 -0.633505 -0.637131 7.466640
24944 16 11 24
-0.506866 -0.584125 0.633945 14.314905
25968 16 11 25
0.074777 -0.796857 0.599523 15.616130
26992 16 11 26
-0.764638 -0.576375 -0.288306 16.050024
9616 16 12 9
0.323848 -0.935705 -0.139925 5.045178
24976 16 12 24
-0.267132 0.822568 0.502018 14.295630
28048 16 12 27
-0.356346 -0.363903 -0.860577 15.483038
29072 16 12 28
-0.194452 -0.179603 -0.964329 9.690498
15792 16 13 15
0.265376 0.746373 0.610330 11.208293
22960 16 13 22
-0.341644 0.393152 0.853646 11.735633
23984 16 13 23
-0.373255 0.680758 0.630277 15.276317
25008 16 13 24
-0.281111 0.871429 -0.401980 15.543347
27056 16 13 26
-0.675965 -0.583830 -0.449682 15.597072
16848 16 14 16
0.363755 0.485496 -0.794969 18.515697
22992 16 14 22
0.293459 0.126813 0.947523 13.187987
24016 16 14 23
0.693388 0.256195 0.673481 16.273968
25040 16 14 24
0.374944 0.535496 -0.756744 16.129135
27088 16 14 26
-0.355356 -0.743449 -0.566574 13.040404
28112 16 14 27
-0.557063 -0.649182 -0.517923 9.975534
6640 16 15 6
-0.239003 0.801291 0.548461 5.422779
7664 16 15 7
-0.146211 0.968132 0.203331 7.809164
14832 16 15 14
-0.446570 0.070175 0.891992 10.684887
15856 16 15 15
-0.654327 -0.114677 0.747466 17.972677
16880 16 15 16
-0.492928 -0.377903 -0.783717 18.249659
26096 16 15 25
0.153833 -0.398508 -0.904172 13.908550
27120 16 15 26
-0.056045 -0.654820 -0.753704 9.309369
7696 16 16 7
-0.306270 0.902927 0.301533 13.642000
9744 16 16 9
-0.097365 0.827013 -0.553687 12.845441
22032 16 16 21
0.900846 0.051254 0.431102 9.523473
25104 16 16 24
0.179182 -0.956058 -0.232051 13.893047
6704 16 17 6
-0.601436 0.107107 0.791709 12.807313
7728 16 17 7
-0.321811 0.719106 0.615893 16.051691
22064 16 17 21
0.911009 -0.405866 0.073044 8.104017
7760 16 18 7
0.653273 -0.355054 0.668708 15.973570
10832 16 18 10
0.098704 0.028991 -0.994694 13.690634
13904 16 18 13
-0.826795 0.077036 0.557203 8.161697
14928 16 18 14
-0.955355 -0.076871 0.285286 11.787111
15952 16 18 15
-0.869161 -0.421560 -0.258546 11.990832
16976 16 18 16
-0.600297 -0.507402 -0.618213 7.490375
7792 16 19 7
-0.220878 -0.419462 0.880491 15.293223
9840 16 19 9
0.311597 -0.655689 -0.687735 17.146984
10864 16 19 10
0.172420 -0.443784 -0.879390 11.726453
7824 16 20 7
-0.179672 -0.752332 0.633809 11.809997
8848 16 20 8
0.075310 -0.996332 0.040632 14.350378
9872 16 20 9
0.269934 -0.830406 -0.487404 12.337998
10896 16 20 10
0.283096 -0.640103 -0.714230 6.716914
17104 16 22 16
0.187543 0.964009 0.188452 12.018401
19152 16 22 18
-0.525049 0.549879 -0.649582 9.971567
15088 16 23 14
0.535896 0.214422 0.816602 8.627570
17136 16 23 16
0.171110 0.984725 -0.032204 16.009665
20208 16 23 19
-0.490190 -0.194742 -0.849582 7.212918
17168 16 24 16
-0.006095 -0.965585 -0.260017 15.413077
18192 16 24 17
-0.505512 -0.526713 -0.683397 13.131226
18224 16 25 17
-0.766942 -0.586841 -0.259648 10.330896
19280 16 26 18
-0.798663 -0.462526 -0.384975 5.928646
22737 17 6 22
-0.623827 0.721462 0.300553 10.024940
25809 17 6 25
-0.358366 0.785660 0.504294 14.441401
26833 17 6 26
0.072444 0.656583 -0.750766 13.528594
22769 17 7 22
-0.758362 0.433191 0.487065 13.136418
24817 17 7 24
-0.223440 0.831135 0.509205 14.996369
26865 17 7 26
-0.225596 0.600843 -0.766873 15.430737
10513 17 8 10
0.517995 0.828051 0.214506 6.982317
21777 17 8 21
-0.490402 -0.342866 0.801217 9.007068
24849 17 8 24
-0.186546 0.645865 0.740310 17.770750
25873 17 8 25
-0.414585 0.853353 -0.316082 18.527977
26897 17 8 26
0.300603 0.097085 -0.948795 16.694601
27921 17 8 27
0.440022 -0.089376 -0.893528 11.709929
9521 17 9 9
0.147635 0.841592 0.519545 9.419405
12593 17 9 12
0.920754 0.306221 -0.241747 13.693393
13617 17 9 13
0.654675 0.175756 -0.735194 10.749622
14641 17 9 14
0.361843 0.119163 -0.924592 5.875144
22833 17 9 22
-0.489280 -0.623681 0.609612 9.071549
23857 17 9 23
-0.496709 -0.423289 0.757698 13.572094
24881 17 9 24
-0.470672 -0.626365 0.621397 17.573366
25905 17 9 25
0.247505 -0.892138 -0.377930 18.340755
8529 17 10 8
-0.189226 0.449998 0.872752 9.455915
12625 17 10 12
0.857480 -0.486465 -0.167569 12.211831
24913 17 10 24
-0.576657 -0.667941 0.470447 14.021631
8561 17 11 8
-0.080290 -0.485729 0.870414 9.774984
10609 17 11 10
0.389581 -0.822402 -0.414585 9.649612
26993 17 11 26
-0.756128 -0.248561 -0.605382 15.224150
8593 17 12 8
0.084848 -0.931507 0.353688 5.501639
26001 17 12 25
-0.884165 -0.044907 0.465012 13.948400
28049 17 12 27
-0.754390 -0.092162 -0.649924 12.575263
15793 17 13 15
-0.071681 0.675827 0.733566 12.090185
16817 17 13 16
0.003050 0.983267 -0.182143 14.731730
17841 17 13 17
0.329264 0.729797 -0.599150 10.879552
19889 17 13 19
0.933265 0.359014 0.011250 7.079866
25009 17 13 24
-0.646655 0.760797 -0.054993 14.264873
27057 17 13 26
-0.822676 -0.455997 -0.339516 13.169940
28081 17 13 27
-0.625462 -0.509202 -0.591194 10.191958
16849 17 14 16
-0.678111 -0.077404 -0.730872 18.941294
21969 17 14 21
0.587150 0.439064 0.680057 11.249758
22993 17 14 22
0.326378 0.725220 0.606246 15.181613
25041 17 14 24
-0.013691 0.763940 -0.645142 16.488630
8689 17 15 8
-0.479898 0.875426 0.057683 6.151073
15857 17 15 15
-0.409911 -0.589053 0.696412 13.913078
16881 17 15 16
-0.350381 -0.841701 -0.410818 14.918781
23025 17 15 22
0.817212 0.109244 0.565889 17.210224
24049 17 15 23
0.593909 -0.782053 -0.188850 17.742373
25073 17 15 24
-0.384529 -0.260567 -0.885575 17.216602
26097 17 15 25
-0.046360 -0.329930 -0.942866 14.319890
27121 17 15 26
-0.144191 -0.414235 -0.898676 8.570182
7697 17 16 7
-0.740187 0.504413 0.444623 9.507395
8721 17 16 8
-0.561574 0.788176 0.251818 12.250582
9745 17 16 9
-0.063277 0.996781 -0.049240 13.049823
10769 17 16 10
0.476681 0.768993 -0.425941 11.433456
22033 17 16 21
0.606738 0.324004 0.725872 14.959985
23057 17 16 22
0.864579 -0.450978 -0.221633 16.313591
25105 17 16 24
0.064775 -0.938907 -0.338022 14.825990
26129 17 16 25
-0.001741 -0.678522 -0.734578 10.739594
7729 17 17 7
-0.642501 0.399929 0.653643 13.261122
8753 17 17 8
-0.274019 0.844018 0.461028 16.630045
21041 17 17 20
0.513032 -0.126439 0.849006 10.491535
22065 17 17 21
0.885774 -0.412988 0.211766 14.939250
25137 17 17 24
0.300563 -0.907988 -0.291923 8.172324
7761 17 18 7
-0.392813 0.044377 0.918547 15.185185
8785 17 18 8
0.905806 0.006649 0.423641 18.127527
10833 17 18 10
0.720100 -0.048200 -0.692194 16.104292
22097 17 18 21
0.705695 -0.701333 0.100632 10.064741
23121 17 18 22
0.737833 -0.569890 -0.361702 8.599092
7793 17 19 7
-0.339534 -0.486391 0.805072 13.568716
8849 17 20 8
-0.217868 -0.825263 0.521032 13.586533
9873 17 20 9
0.415009 -0.877254 -0.241231 14.848120
8881 17 21 8
-0.007430 -0.942777 0.333341 6.957253
18129 17 22 17
-0.061441 0.791426 -0.608169 11.463629
20177 17 22 19
-0.491409 0.483436 -0.724436 4.000351
15089 17 23 14
0.694338 0.088699 0.714162 12.657685
18161 17 23 17
0.061100 -0.003611 -0.998125 13.703190
20209 17 23 19
-0.406228 -0.125092 -0.905169 5.035459
15121 17 24 14
0.712082 -0.303385 0.633164 11.882227
17169 17 24 16
0.345381 -0.793138 -0.501641 16.094837
18193 17 24 17
-0.032437 -0.559826 -0.827975 11.475266
16177 17 25 15
0.490407 -0.853200 0.177625 11.693036
25778 18 5 25
-0.260217 0.855502 0.447664 10.270843
25810 18 6 25
-0.147636 0.665926 0.731263 14.238049
28882 18 6 28
0.055837 0.557993 -0.827965 7.001359
22770 18 7 22
-0.895827 0.323018 0.305211 8.917912
24818 18 7 24
-0.396668 0.719042 0.570643 14.228589
28914 18 7 28
0.073962 -0.176906 -0.981445 8.069065
10514 18 8 10
-0.070673 0.867362 0.492634 8.463468
11538 18 8 11
-0.091707 0.986127 0.138363 10.270935
12562 18 8 12
-0.274387 0.942495 -0.190827 10.070311
13586 18 8 13
-0.317769 0.786268 -0.529911 7.647372
22802 18 8 22
-0.800727 -0.354516 0.482861 8.766224
23826 18 8 23
-0.673281 -0.170475 0.719466 12.461741
24850 18 8 24
-0.826557 0.081333 0.556945 15.931285
27922 18 8 27
-0.314162 -0.231818 -0.920632 12.162025
11570 18 9 11
-0.150912 0.948649 0.278011 15.345487
12594 18 9 12
-0.408229 0.819245 -0.402724 15.109650
13618 18 9 13
-0.266423 0.483982 -0.833535 11.763196
25906 18 9 25
-0.928564 -0.350008 0.123544 16.917000
26930 18 9 26
-0.717631 -0.186409 -0.671012 15.437483
27954 18 9 27
-0.410841 -0.260242 -0.873775 10.485327
10578 18 10 10
0.155280 -0.354188 0.922192 14.889284
11602 18 10 11
0.448685 -0.800086 0.398176 16.090034
13650 18 10 13
0.336364 0.087958 -0.937615 13.581927
25938 18 10 25
-0.598120 -0.727720 0.335672 13.965469
27986 18 10 27
-0.435471 -0.133419 -0.890261 8.891970
9586 18 11 9
0.127254 -0.960993 0.245556 12.071177
10610 18 11 10
0.289426 -0.955633 -0.054757 11.824382
12658 18 11 12
0.895461 -0.440758 0.062312 15.354591
13682 18 11 13
0.582074 -0.351887 -0.733052 12.409299
19826 18 11 19
0.958965 0.273819 -0.073554 6.335152
22898 18 11 22
-0.277299 0.626350 0.728554 9.525017
23922 18 11 23
-0.321861 0.432737 -0.842107 9.999969
28018 18 11 27
-0.537063 -0.047470 -0.842206 8.508696
12690 18 12 12
0.913787 -0.354133 -0.198955 12.968992
21906 18 12 21
-0.745760 -0.217681 0.629648 7.888835
27026 18 12 26
-0.904416 -0.362224 -0.225445 10.379932
12722 18 13 12
0.957954 -0.057607 -0.281080 11.633967
15794 18 13 15
-0.165420 0.612406 0.773043 10.938147
16818 18 13 16
-0.261729 0.964110 0.044606 13.419588
20914 18 13 20
0.536248 0.804055 -0.256775 9.804156
23986 18 13 23
-0.083362 0.971777 0.220683 12.599105
11730 18 14 11
0.691255 -0.077980 0.718391 9.963722
17874 18 14 17
-0.253961 -0.441273 -0.860687 13.524366
18898 18 14 18
0.657895 -0.563818 -0.499283 10.718985
19922 18 14 19
0.884884 -0.411335 0.218594 10.342628
21970 18 14 21
0.155397 0.869664 0.468546 13.421925
22994 18 14 22
-0.205310 0.866792 0.454444 15.664216
25042 18 14 24
-0.113634 0.774125 -0.622750 16.414896
26066 18 14 25
-0.209351 0.348146 -0.913765 14.089375
12786 18 15 12
0.921646 -0.033318 0.386598 13.312151
13810 18 15 13
0.925608 -0.098854 -0.365345 13.109607
15858 18 15 15
-0.078432 -0.879880 0.468678 12.466763
16882 18 15 16
-0.381002 -0.872161 -0.306875 12.265558
17906 18 15 17
0.186689 -0.869674 -0.456962 9.685464
23026 18 15 22
-0.660746 0.362084 0.657503 17.986526
27122 18 15 26
-0.222778 -0.376809 -0.899102 7.274807
10770 18 16 10
-0.403096 0.914810 0.025214 11.769114
11794 18 16 11
0.188593 0.979975 0.063884 11.592815
13842 18 16 13
0.599245 -0.650241 -0.467003 10.296567
22034 18 16 21
-0.180192 0.402682 0.897429 16.034670
23058 18 16 22
-0.777397 0.045255 -0.627381 18.167215
25106 18 16 24
-0.169340 -0.536448 -0.826769 14.520667
9778 18 17 9
-0.502906 0.786286 0.358943 16.597403
10802 18 17 10
-0.226524 0.958634 -0.172360 17.428919
11826 18 17 11
0.168359 0.791427 -0.587621 15.475731
21042 18 17 20
0.010500 0.120235 0.992690 12.598247
22066 18 17 21
-0.080488 0.075834 0.993867 17.608076
23090 18 17 22
0.696383 -0.385742 -0.605189 17.884933
25138 18 17 24
0.474714 -0.620541 -0.624160 11.140447
8786 18 18 8
-0.512204 0.427470 0.744927 17.699400
11858 18 18 11
0.673277 -0.163866 -0.721004 17.212336
12882 18 18 12
0.474740 -0.077995 -0.876664 12.058760
22098 18 18 21
0.528047 -0.769758 0.358664 15.296989
23122 18 18 22
0.675961 -0.641481 -0.362739 14.949041
7794 18 19 7
-0.285448 -0.347593 0.893140 11.182689
10866 18 19 10
0.307307 -0.619109 -0.722680 17.594349
11890 18 19 11
0.790449 -0.406074 -0.458579 15.062156
15986 18 19 15
0.584841 0.716015 -0.381160 7.113544
9874 18 20 9
0.124448 -0.896502 0.425202 16.833179
10898 18 20 10
0.577543 -0.507882 -0.639140 15.594827
14994 18 20 14
0.871337 0.443250 0.210479 11.228683
9906 18 21 9
0.503632 -0.790885 0.347643 12.230895
10930 18 21 10
0.784469 -0.605451 -0.134305 12.545634
11954 18 21 11
0.927816 -0.353541 -0.119021 11.749642
14002 18 21 13
0.970848 0.147126 0.189233 11.528127
16050 18 21 15
0.721875 0.596205 -0.351334 13.430658
11986 18 22 11
0.749571 -0.657163 0.079251 8.086747
16082 18 22 15
0.797735 0.574571 0.182996 15.633622
18130 18 22 17
-0.031252 0.718436 -0.694890 11.218765
15090 18 23 14
-0.057323 -0.763011 0.643838 14.305724
16114 18 23 15
-0.391987 -0.014438 0.919857 15.546322
17138 18 23 16
0.339665 0.900922 0.270127 17.698919
18162 18 23 17
0.216876 0.178557 -0.959730 14.738137
17170 18 24 16
0.328673 -0.805771 -0.492653 17.499863
15154 18 25 14
0.257086 -0.858630 0.443466 12.665550
16178 18 25 15
0.168771 -0.985537 0.015266 13.867844
17202 18 25 16
0.077035 -0.871993 -0.483418 11.723977
15186 18 26 14
0.026959 -0.989849 0.139539 6.496555
26835 19 6 26
-0.814053 0.525544 -0.247227 11.886324
25843 19 7 25
-0.866032 0.221186 0.448403 13.349452
26867 19 7 26
-0.868839 0.352851 -0.347297 14.108122
27891 19 7 27
-0.542640 0.173452 -0.821861 11.526898
28915 19 7 28
-0.493656 -0.074810 -0.866434 6.580662
11539 19 8 11
-0.561930 0.827165 -0.005735 7.725701
24851 19 8 24
-0.796376 0.160911 0.583003 12.000111
11571 19 9 11
-0.584185 0.811207 -0.025900 12.943457
12595 19 9 12
-0.517834 0.825962 -0.222789 12.156663
25907 19 9 25
-0.865589 -0.493101 -0.087221 13.378178
10579 19 10 10
-0.563558 -0.013951 0.825958 13.653916
11603 19 10 11
-0.920651 0.008344 0.390298 15.059943
13651 19 10 13
-0.024994 0.546420 -0.837139 14.057422
25939 19 10 25
-0.756017 -0.654548 -0.002151 9.554605
26963 19 10 26
-0.853426 -0.364621 -0.372446 8.209004
8563 19 11 8
-0.426139 0.407364 0.807750 8.506566
9587 19 11 9
-0.829036 -0.110312 0.548206 11.198480
10611 19 11 10
-0.000123 -0.885332 0.464960 12.133433
11635 19 11 11
0.051875 -0.275374 0.959937 14.256585
12659 19 11 12
-0.849776 -0.380699 0.364621 16.476149
13683 19 11 13
-0.028507 -0.386875 -0.921691 14.278156
17779 19 11 17
0.677810 0.708305 0.197175 9.849668
18803 19 11 18
0.815755 0.578043 0.020233 10.189445
19827 19 11 19
0.753305 0.421302 -0.505010 9.677106
20851 19 11 20
-0.027515 0.361262 -0.932058 7.098017
23923 19 11 23
-0.979265 0.201447 -0.021442 7.648229
8595 19 12 8
-0.025255 -0.794727 0.606441 7.907763
9619 19 12 9
0.269882 -0.962212 0.036216 8.826607
12691 19 12 12
0.212986 -0.511691 -0.832351 15.624285
14739 19 12 14
0.664031 0.009712 -0.747642 8.209123
16787 19 12 16
0.690860 0.642927 0.330692 12.198451
17811 19 12 17
0.811649 0.578360 -0.082011 12.638935
19859 19 12 19
0.622702 0.584804 -0.519853 11.129740
22931 19 12 22
-0.891333 -0.019907 0.452913 6.429739
23955 19 12 23
-0.981398 0.179662 0.067676 7.833652
24979 19 12 24
-0.774147 0.447894 -0.447311 6.825051
27027 19 12 26
-0.938300 -0.271757 -0.213871 5.244106
11699 19 13 11
0.633473 0.008167 0.773722 14.657621
18867 19 13 18
0.974522 0.212703 -0.071168 14.436643
13779 19 14 13
0.493262 0.716675 -0.493021 15.156743
14803 19 14 14
0.489966 0.735206 -0.468408 12.912733
20947 19 14 20
0.765192 0.588256 -0.261604 15.027551
21971 19 14 21
-0.053512 0.932573 -0.356992 13.297220
24019 19 14 23
-0.654848 0.700575 0.283494 15.491704
25043 19 14 24
-0.752390 0.449616 -0.481409 15.081415
26067 19 14 25
-0.542376 0.300798 -0.784442 11.987434
27091 19 14 26
-0.426725 0.106635 -0.898073 6.177275
15859 19 15 15
0.572323 -0.194581 -0.796608 13.249357
18931 19 15 18
0.928074 -0.372092 -0.015051 12.946878
20979 19 15 20
0.791038 -0.531042 0.303733 14.533079
24051 19 15 23
-0.754000 -0.405958 -0.516413 15.652369
13843 19 16 13
0.122821 -0.906706 -0.403484 12.403648
14867 19 16 14
0.298259 -0.947001 -0.119293 10.772402
17939 19 16 17
0.667706 -0.732475 0.132847 8.185513
25107 19 16 24
0.008270 0.430863 -0.902379 14.215265
10803 19 17 10
-0.516321 0.852616 0.080358 14.230968
24115 19 17 23
0.188092 0.727859 -0.659426 17.556025
25139 19 17 24
0.565487 -0.128917 -0.814620 15.035110
9811 19 18 9
-0.525087 0.721028 0.452108 18.109131
10835 19 18 10
-0.878287 0.398698 -0.263917 18.540581
11859 19 18 11
-0.475581 0.568521 -0.671272 17.476446
21075 19 18 20
0.105941 -0.171749 0.979428 12.119607
22099 19 18 21
-0.163981 -0.688529 0.706426 16.295872
23123 19 18 22
-0.429662 -0.894170 -0.125898 16.624166
24147 19 18 23
0.556763 -0.729024 -0.398170 15.964112
8819 19 19 8
-0.181833 -0.193311 0.964141 16.141470
12915 19 19 12
0.594933 0.285251 -0.751456 15.636690
13939 19 19 13
0.550778 0.651638 -0.521548 11.745365
15987 19 19 15
0.198736 0.957127 -0.210743 9.733008
22131 19 19 21
0.275518 -0.850091 0.448815 13.127067
23155 19 19 22
0.442439 -0.893138 0.080953 14.393317
24179 19 19 23
0.702880 -0.506909 -0.499002 13.219181
25203 19 19 24
0.578579 -0.412879 -0.703404 8.602900
10899 19 20 10
-0.987014 0.041381 -0.155215 14.843613
11923 19 20 11
-0.226709 -0.147248 0.962768 15.886449
12947 19 20 12
0.969316 0.093775 -0.227227 16.421663
16019 19 20 15
0.348698 0.638310 -0.686273 13.787894
21139 19 20 20
0.697024 -0.562722 0.444411 6.802123
23187 19 20 22
0.526687 -0.846671 0.075824 9.754878
9907 19 21 9
0.153371 -0.671847 0.724637 14.321952
11955 19 21 11
0.306371 -0.905230 0.294440 15.213911
14003 19 21 13
0.997222 0.008852 0.073953 16.500622
16051 19 21 15
0.129069 0.594372 -0.793765 15.473968
10963 19 22 10
0.389612 -0.919604 0.050307 11.454662
11987 19 22 11
0.328283 -0.940401 0.088745 11.467665
14035 19 22 13
0.709249 -0.445852 0.546059 15.996558
18131 19 22 17
-0.196152 0.639955 -0.742955 10.498834
14067 19 23 13
0.075424 -0.763189 0.641758 14.742882
18163 19 23 17
-0.275831 0.373203 -0.885797 14.871416
14099 19 24 13
-0.281280 -0.661842 0.694872 12.540328
17171 19 24 16
-0.542237 -0.828973 -0.137046 17.531342
18195 19 24 17
-0.096568 -0.612492 -0.784556 14.031166
19219 19 24 18
-0.143141 -0.412169 -0.899793 7.801035
14131 19 25 13
-0.278141 -0.721090 0.634560 8.692251
15155 19 25 14
-0.417784 -0.799051 0.432405 11.937871
16179 19 25 15
-0.336786 -0.940803 0.038269 13.450361
17203 19 25 16
-0.150394 -0.903495 -0.401345 11.626245
26900 20 8 26
-0.912323 -0.202037 -0.356157 11.435185
27924 20 8 27
-0.551322 -0.290053 -0.782249 7.543139
11572 20 9 11
-0.231262 0.963529 -0.134647 10.782508
13620 20 9 13
-0.056509 0.946880 -0.316583 8.968406
24884 20 9 24
-0.736433 -0.339678 0.585051 7.599432
26932 20 9 26
-0.482399 -0.761077 -0.433650 7.987409
10580 20 10 10
0.125154 0.259830 0.957510 13.010286
13652 20 10 13
0.093712 0.842151 -0.531036 14.362839
17748 20 10 17
0.621822 0.692114 0.366492 9.373636
11636 20 11 11
0.717534 0.099310 0.689407 14.971886
12660 20 11 12
-0.928442 -0.296446 -0.223865 15.290626
14708 20 11 14
0.507627 -0.464124 -0.725881 11.425183
15732 20 11 15
0.808031 0.501222 -0.309617 9.237061
19828 20 11 19
-0.150804 0.428448 -0.890893 10.588483
9620 20 12 9
0.417160 -0.375141 0.827796 10.266383
10644 20 12 10
0.786218 -0.082762 0.612382 13.406672
12692 20 12 12
-0.466862 0.396067 -0.790678 15.310917
16788 20 12 16
-0.159935 0.865033 0.475540 13.959092
17812 20 12 17
-0.104795 0.950646 -0.292045 14.030549
11700 20 13 11
0.327310 0.459280 0.825790 16.398375
13748 20 13 13
0.429398 0.575424 -0.696063 14.346947
15796 20 13 15
-0.284241 0.170173 0.943530 12.057779
16820 20 13 16
-0.560229 0.021238 0.828065 15.879903
18868 20 13 18
-0.034107 0.999416 -0.002243 16.291029
19892 20 13 19
-0.033476 0.750592 -0.659917 15.510535
20916 20 13 20
-0.105937 0.719626 -0.686233 11.852678
25012 20 13 24
-0.282583 0.910799 -0.300986 7.956684
11732 20 14 11
0.328641 -0.053912 0.942915 16.948074
12756 20 14 12
-0.028992 0.607542 -0.793758 17.599506
16852 20 14 16
-0.275011 -0.530266 0.801989 14.658997
17876 20 14 17
0.080158 -0.365173 0.927482 16.706203
20948 20 14 20
-0.037521 0.879966 -0.473552 16.209511
24020 20 14 23
0.106242 0.986953 0.120979 14.355300
12788 20 15 12
-0.655531 -0.654591 -0.376550 17.524048
14836 20 15 14
-0.533124 -0.755833 -0.380125 15.893056
15860 20 15 15
-0.462103 -0.110440 -0.879922 13.836840
18932 20 15 18
0.745208 -0.645977 0.165465 17.551420
19956 20 15 19
0.705397 -0.702486 -0.094489 17.205009
20980 20 15 20
0.804877 -0.562896 0.187939 17.576202
22004 20 15 21
0.638210 0.451013 -0.623920 16.789162
24052 20 15 23
0.295227 -0.781712 -0.549333 14.976671
26100 20 15 25
-0.135568 0.025459 -0.990441 9.859486
12820 20 16 12
-0.189585 -0.951175 -0.243563 14.716173
13844 20 16 13
-0.280637 -0.864585 -0.416817 12.251533
14868 20 16 14
-0.218990 -0.975430 -0.024095 11.245831
17940 20 16 17
0.499844 -0.827954 0.254261 12.505195
21012 20 16 20
0.383652 -0.724574 0.572541 14.068940
22036 20 16 21
0.828624 -0.358513 0.429942 16.711214
23060 20 16 22
0.337679 0.235121 -0.911423 16.028948
11828 20 17 11
-0.193343 0.899245 0.392398 13.099159
22068 20 17 21
0.328047 0.163188 0.930459 16.346313
25140 20 17 24
-0.030995 0.458296 -0.888259 16.875999
26164 20 17 25
0.221077 -0.075357 -0.972341 11.082704
10836 20 18 10
-0.595446 0.802831 -0.030088 16.488228
12884 20 18 12
0.072222 0.696928 -0.713495 14.974003
13908 20 18 13
0.163925 0.546686 -0.821135 10.019053
22100 20 18 21
0.346959 -0.906005 0.242432 16.291628
25172 20 18 24
0.055365 -0.661598 -0.747812 15.203838
8820 20 19 8
-0.090632 0.314872 0.944797 15.554801
9844 20 19 9
-0.106158 -0.744086 -0.659596 17.250311
11892 20 19 11
0.008692 -0.650340 0.759594 16.617346
15988 20 19 15
-0.448741 0.879687 -0.157423 8.846931
21108 20 19 20
0.408758 -0.539056 0.736435 11.982297
25204 20 19 24
0.166152 -0.470737 -0.866487 11.686563
8852 20 20 8
0.192193 -0.561816 0.804627 14.630278
13972 20 20 13
-0.277931 0.348251 -0.895252 16.691843
16020 20 20 15
-0.732939 0.621472 -0.276718 12.947861
17044 20 20 16
-0.230316 0.372652 -0.898935 9.603071
23188 20 20 22
0.522360 -0.738540 0.426262 12.700169
24212 20 20 23
0.501579 -0.762430 -0.408801 12.625641
8884 20 21 8
0.036641 -0.681769 0.730649 10.010042
9908 20 21 9
-0.094255 -0.713036 0.694763 14.446630
10932 20 21 10
-0.189303 0.561099 -0.805811 14.923092
12980 20 21 12
-0.377539 -0.804096 0.459233 16.432905
14004 20 21 13
-0.851193 -0.282177 -0.442546 16.729698
15028 20 21 14
-0.794692 0.367504 -0.483120 15.256884
18100 20 21 17
-0.227937 0.265820 -0.936688 5.349896
21172 20 21 20
0.483362 -0.765836 0.424095 6.236014
10964 20 22 10
-0.143694 -0.984370 0.101825 12.490017
15060 20 22 14
-0.874485 0.167806 -0.455102 16.134773
16084 20 22 15
-0.835798 0.157144 -0.526069 15.157545
15092 20 23 14
0.379882 -0.887691 -0.260183 15.091477
16116 20 23 15
-0.562521 -0.819198 -0.111737 14.595062
17140 20 23 16
-0.940377 0.197438 -0.276963 14.112532
18164 20 23 17
-0.721576 0.266796 -0.638864 10.528487
14100 20 24 13
-0.051887 -0.762131 0.645340 11.665288
17172 20 24 16
-0.895063 -0.415555 -0.161791 13.649601
18196 20 24 17
-0.716069 -0.337954 -0.610764 10.582575
16180 20 25 15
-0.589896 -0.804784 -0.065924 9.982767
19252 20 25 18
-0.356818 -0.686338 -0.633736 2.849747
11573 21 9 11
-0.390284 0.899826 -0.194911 8.928181
12597 21 9 12
-0.425417 0.902802 -0.062995 7.798932
10581 21 10 10
-0.337047 0.470702 0.815376 12.888729
11605 21 10 11
-0.623910 0.681872 -0.381821 13.518127
13653 21 10 13
-0.604552 0.783638 -0.142926 13.182761
14677 21 10 14
-0.479111 0.633388 -0.607678 10.840066
17749 21 10 17
-0.424992 0.876410 0.226465 10.476401
18773 21 10 18
-0.628266 0.572852 -0.526425 9.233244
11637 21 11 11
-0.856920 0.014328 -0.515250 14.357903
14709 21 11 14
-0.433143 -0.269890 -0.859969 11.941859
15733 21 11 15
-0.891267 0.165080 -0.422364 9.184078
17781 21 11 17
-0.775522 0.611509 -0.156917 11.946509
19829 21 11 19
-0.729613 0.327261 -0.600471 8.443776
9621 21 12 9
-0.217012 -0.007632 0.976139 10.728904
10645 21 12 10
-0.127836 0.307209 0.943017 15.274576
11669 21 12 11
-0.626315 0.444965 -0.640106 14.778052
13717 21 12 13
-0.039229 -0.022678 -0.998973 13.750821
14741 21 12 14
-0.240340 -0.230598 -0.942900 10.661411
16789 21 12 16
-0.711359 0.236152 0.661967 12.015947
17813 21 12 17
-0.765209 0.643246 0.026260 13.239223
18837 21 12 18
-0.512118 0.837501 -0.190598 12.949153
19861 21 12 19
-0.525393 0.558404 -0.641987 10.949851
10677 21 13 10
0.056202 -0.174566 0.983040 15.100306
12725 21 13 12
-0.543662 0.806142 -0.233594 15.887423
14773 21 13 14
-0.545774 0.139922 -0.826167 10.528543
16821 21 13 16
-0.883932 -0.222714 0.411172 11.611861
19893 21 13 19
-0.539059 0.575621 -0.614879 14.105692
9685 21 14 9
-0.048060 -0.101592 0.993665 8.226611
10709 21 14 10
-0.049510 -0.098333 0.993921 14.604570
11733 21 14 11
-0.785348 -0.496579 0.369645 16.899229
13781 21 14 13
-0.841801 -0.234675 -0.486106 15.072483
17877 21 14 17
-0.856029 0.076116 0.511294 13.459935
21973 21 14 21
0.178346 0.981998 -0.062236 14.728875
24021 21 14 23
0.301486 0.952884 0.033436 15.496112
25045 21 14 24
0.476911 0.597475 -0.644654 13.807068
27093 21 14 26
0.513392 0.178606 -0.839362 5.474857
10741 21 15 10
-0.071005 -0.429102 0.900461 13.587340
14837 21 15 14
-0.928898 -0.314330 -0.195818 11.687215
16885 21 15 16
-0.905223 -0.019139 0.424506 10.121668
17909 21 15 17
-0.763885 -0.048962 0.643492 13.741022
18933 21 15 18
-0.430048 -0.418900 0.799739 17.785173
19957 21 15 19
0.471340 -0.852166 -0.227268 18.813492
20981 21 15 20
0.771911 0.625227 0.115085 18.612429
22005 21 15 21
0.171115 0.807413 -0.564627 18.036390
10773 21 16 10
-0.171002 -0.657499 0.733794 10.531937
11797 21 16 11
-0.765831 -0.640284 -0.059494 12.095751
12821 21 16 12
-0.871742 -0.372629 -0.318140 10.675613
16917 21 16 16
-0.722287 -0.403728 0.561521 9.028449
17941 21 16 17
-0.638065 -0.522198 0.565847 12.425405
22037 21 16 21
0.300215 -0.894001 0.332615 18.147829
23061 21 16 22
0.212153 -0.172258 -0.961935 16.942440
24085 21 16 23
0.583742 -0.252447 -0.771697 14.738995
11829 21 17 11
-0.978575 0.205795 0.006339 10.596308
16949 21 17 16
-0.415027 -0.755597 0.506779 5.420983
17973 21 17 17
-0.163358 -0.934509 0.316239 7.974554
18997 21 17 18
0.322978 -0.943188 0.077979 9.149715
20021 21 17 19
0.623952 -0.731221 0.275678 9.734474
24117 21 17 23
-0.839649 0.514552 0.173855 15.168158
26165 21 17 25
0.121659 -0.270018 -0.955139 12.046309
9813 21 18 9
-0.567822 0.767620 0.297217 12.321007
10837 21 18 10
-0.730795 0.678859 0.071345 13.484602
13909 21 18 13
-0.489103 0.619582 -0.613919 8.790792
22101 21 18 21
-0.683121 -0.626425 0.375416 16.432392
23125 21 18 22
-0.030898 -0.740219 -0.671655 15.745854
24149 21 18 23
-0.944767 -0.217857 -0.244853 15.366674
25173 21 18 24
-0.422486 -0.565920 -0.707983 13.882930
26197 21 18 25
-0.077393 -0.559737 -0.825048 8.494341
8821 21 19 8
-0.526884 0.422102 0.737715 13.589181
9845 21 19 9
-0.950176 0.263811 -0.166040 15.856626
12917 21 19 12
-0.910633 0.340903 -0.233524 15.602639
13941 21 19 13
-0.538964 0.552196 -0.636079 13.148565
21109 21 19 20
0.359642 -0.607635 0.708122 13.662925
8853 21 20 8
-0.502549 -0.419524 0.755939 13.730139
11925 21 20 11
-0.759919 -0.373443 0.532037 15.185902
20117 21 20 19
0.240480 -0.438282 0.866071 7.533139
21141 21 20 20
0.281324 -0.865965 0.413474 10.762215
23189 21 20 22
-0.080422 -0.441245 0.893776 13.893010
24213 21 20 23
-0.075925 -0.819110 -0.568589 14.300066
25237 21 20 24
-0.017838 -0.483370 -0.875234 9.045002
9909 21 21 9
-0.478629 -0.774966 0.412726 12.946306
10933 21 21 10
-0.641004 -0.756696 -0.128550 13.860872
11957 21 21 11
-0.695740 -0.717919 -0.023195 13.256924
16053 21 21 15
-0.906885 -0.006710 -0.421326 10.079446
17077 21 21 16
-0.792944 -0.063212 -0.606007 7.016414
22197 21 21 21
0.174092 -0.931815 0.318453 9.786802
23221 21 21 22
0.070091 -0.995408 -0.065188 10.303868
10965 21 22 10
-0.685210 -0.713694 0.145355 9.532281
12021 21 23 11
-0.656951 -0.706227 0.263930 6.264823
13045 21 23 12
-0.789435 -0.396185 0.468859 8.323489
16117 21 23 15
-0.836746 0.111372 -0.536145 11.851132
15125 21 24 14
-0.666855 -0.745187 -0.001337 12.511691
14133 21 25 13
-0.310484 -0.753368 0.579686 6.704714
15157 21 25 14
-0.305582 -0.951107 -0.044889 8.345403
15189 21 26 14
-0.190237 -0.980122 -0.056311 3.331708
11606 22 10 11
-0.486574 0.872079 -0.052183 11.123511
12662 22 11 12
0.515688 0.291494 0.805666 13.801671
17782 22 11 17
-0.960091 0.243165 -0.138187 8.307285
10646 22 12 10
-0.453858 0.196614 0.869112 14.048403
13718 22 12 13
-0.464529 -0.352165 -0.812523 12.619628
16790 22 12 16
-0.884704 -0.126787 0.448580 7.884667
17814 22 12 17
-0.998751 0.021641 0.045031 9.420664
18838 22 12 18
-0.908885 0.352087 -0.223523 8.748557
18870 22 13 18
-0.935204 0.265021 0.234856 10.550068
22966 22 13 22
0.018612 0.999294 -0.032640 10.278142
25014 22 13 24
-0.015187 0.999303 -0.034096 9.337252
12758 22 14 12
-0.687440 -0.634311 -0.353661 13.900732
13782 22 14 13
-0.652427 -0.372475 -0.660001 10.661739
19926 22 14 19
-0.402893 0.913325 -0.059283 15.810622
21974 22 14 21
-0.155107 0.938395 0.308800 14.856085
22998 22 14 22
0.015815 0.996267 0.084867 15.810761
25046 22 14 24
0.153847 0.935180 -0.319012 15.757497
26070 22 14 25
0.339496 0.619392 -0.707881 13.580448
27094 22 14 26
0.166797 0.317149 -0.933593 8.220576
11766 22 15 11
-0.797569 -0.581167 -0.161646 10.892425
18934 22 15 18
-0.511004 -0.082236 0.855635 14.859684
20982 22 15 20
0.256004 0.864765 -0.432022 19.243450
25078 22 15 24
0.653889 -0.550901 -0.518592 16.337467
27126 22 15 26
0.281783 0.065185 -0.957261 9.478485
21014 22 16 20
0.332697 -0.922844 0.194094 17.847080
22038 22 16 21
-0.227197 -0.942040 -0.246863 18.109871
23062 22 16 22
-0.237841 -0.564584 -0.790364 16.862604
26134 22 16 25
0.533097 -0.004712 -0.846041 15.162907
20022 22 17 19
0.514571 -0.799801 0.309088 12.534267
25142 22 17 24
-0.328742 -0.935587 0.128863 14.923276
26166 22 17 25
0.270220 -0.697267 -0.663928 13.581064
21078 22 18 20
0.168901 0.462857 0.870193 14.098537
9846 22 19 9
-0.918681 0.359310 0.164081 10.362411
11894 22 19 11
-0.926448 0.358550 -0.114615 10.755230
12918 22 19 12
-0.899101 0.403744 -0.169141 9.623504
21110 22 19 20
0.017220 -0.767398 0.640940 14.205900
22134 22 19 21
-0.029696 -0.999557 -0.001880 14.526284
23158 22 19 22
0.082809 -0.899607 0.428778 15.173930
24182 22 19 23
-0.510626 -0.325822 -0.795677 14.811256
25206 22 19 24
-0.315791 -0.270085 -0.909577 10.127697
9878 22 20 9
-0.940242 -0.104084 0.324208 11.651889
10902 22 20 10
-0.998748 0.046897 0.017437 12.761677
13974 22 20 13
-0.932810 0.295587 -0.206141 11.391848
14998 22 20 14
-0.712316 0.297544 -0.635668 8.651660
20118 22 20 19
-0.092984 -0.612130 0.785272 7.808035
21142 22 20 20
-0.187585 -0.960982 0.203286 10.650487
25238 22 20 24
-0.382828 -0.512314 -0.768750 7.301243
10934 22 21 10
-0.676069 -0.736471 0.023274 9.948477
12982 22 21 12
-0.712157 -0.674185 0.195723 9.853471
14006 22 21 13
-0.842660 -0.537310 -0.034961 10.739436
15030 22 21 14
-0.772677 -0.260209 -0.579017 8.762456
23222 22 21 22
-0.481160 -0.869104 -0.114643 8.648406
24246 22 21 23
-0.411574 -0.799635 -0.437253 6.657605
12631 23 10 12
-0.236115 0.971363 -0.026525 10.921946
10615 23 11 10
-0.675641 0.420520 0.605535 9.480837
11639 23 11 11
-0.721112 0.469545 0.509435 12.038170
13687 23 11 13
-0.467106 0.133399 -0.874081 10.864446
10647 23 12 10
-0.727803 0.009765 0.685716 11.201411
11671 23 12 11
-0.982078 0.118086 0.146898 13.289424
13719 23 12 13
-0.457681 -0.224067 -0.860419 10.274909
11703 23 13 11
-0.825243 -0.491784 0.277709 12.193635
12759 23 14 12
-0.745892 -0.647632 -0.155621 9.744537
13783 23 14 13
-0.547484 -0.481570 -0.684362 6.724348
19927 23 14 19
-0.640196 0.726824 0.248749 11.582994
20951 23 14 20
-0.433793 0.900976 0.008100 12.427880
22999 23 14 22
-0.622151 0.775046 0.110599 14.736980
25047 23 14 24
-0.655237 0.746444 -0.116124 14.026385
27095 23 14 26
-0.474970 0.339028 -0.812073 6.854875
11767 23 15 11
-0.829193 -0.553257 0.079661 5.403237
19959 23 15 19
-0.754962 0.254258 0.604471 16.260494
20983 23 15 20
-0.741660 0.668489 -0.055350 18.342640
25079 23 15 24
-0.901659 -0.307523 -0.304041 15.444335
27127 23 15 26
-0.517175 0.092794 -0.850834 8.359166
19991 23 16 19
-0.609971 -0.375072 0.698038 15.709237
21015 23 16 20
-0.562070 -0.820899 0.101003 17.847769
22039 23 16 21
-0.609926 -0.622235 -0.490728 17.150290
23063 23 16 22
-0.815390 -0.274506 -0.509692 16.132971
26135 23 16 25
-0.945646 -0.077142 -0.315915 13.061948
27159 23 16 26
-0.551130 0.059187 -0.832317 8.888729
20023 23 17 19
-0.362586 -0.484338 0.796209 13.419537
22071 23 17 21
-0.351845 -0.928194 0.121086 15.160285
23095 23 17 22
0.510024 -0.846297 -0.153808 15.287072
25143 23 17 24
-0.855532 -0.434363 -0.281771 12.967267
26167 23 17 25
-0.897620 -0.380441 -0.222584 12.078405
27191 23 17 26
-0.473750 -0.156120 -0.866711 8.844616
20055 23 18 19
0.148829 -0.090382 0.984724 12.581546
22103 23 18 21
-0.875575 0.117316 0.468620 15.021335
26199 23 18 25
-0.457346 -0.863244 -0.213646 8.569266
27223 23 18 26
-0.217016 -0.700270 -0.680093 6.387805
20087 23 19 19
0.073321 -0.432275 0.898756 11.451327
23159 23 19 22
-0.574585 -0.817200 0.045126 14.415317
24183 23 19 23
-0.512105 -0.461183 -0.724610 12.637957
11927 23 20 11
-0.982856 0.128348 -0.132364 6.810865
23223 23 21 22
-0.211407 -0.943025 -0.256928 6.574311
12632 24 10 12
-0.839739 0.536398 -0.084355 7.557003
12664 24 11 12
-0.999567 0.022599 -0.018843 9.174605
13752 24 13 13
-0.704167 -0.216303 -0.676286 5.199357
23000 24 14 22
-0.838401 0.544469 0.025255 10.499897
24024 24 14 23
-0.813533 0.559340 -0.159067 9.668468
25048 24 14 24
-0.788348 0.599630 -0.137663 8.767029
26072 24 14 25
-0.753948 0.456280 -0.472622 6.638024
20984 24 15 20
-0.853731 0.407852 0.323730 12.533929
22008 24 15 21
-0.828398 0.558771 -0.039127 13.803526
24056 24 15 23
-0.972225 0.200463 -0.120805 12.174154
25080 24 15 24
-0.941478 -0.003100 -0.337059 11.104650
26104 24 15 25
-0.790230 -0.071284 -0.608650 8.033521
19992 24 16 19
-0.840623 -0.007300 0.541572 9.651328
23064 24 16 22
-0.953903 0.095309 -0.284579 13.889678
24088 24 16 23
-0.903707 -0.040927 -0.426191 12.512142
23096 24 17 22
-0.983189 -0.058107 -0.173099 13.890362
24120 24 17 23
-0.811388 -0.156730 -0.563103 11.941442
18008 24 18 17
-0.447337 -0.187942 0.874395 1.818761
21080 24 18 20
-0.976511 0.024123 0.214115 12.920912
23128 24 18 22
-0.929298 -0.335623 -0.154148 13.122380
24152 24 18 23
-0.771480 -0.226955 -0.594399 10.645746
20088 24 19 19
-0.546981 -0.371581 0.750160 9.750494
21112 24 19 20
-0.928194 -0.366651 0.063428 12.485483
25208 24 19 24
-0.622982 -0.311083 -0.717719 5.209804
21144 24 20 20
-0.448952 -0.820869 0.353011 9.295703
22168 24 20 21
-0.586823 -0.808826 0.037948 10.305443
23192 24 20 22
-0.614252 -0.549795 -0.566056 9.367577
22009 25 15 21
-0.822845 0.558453 0.105154 8.275681
26105 25 15 25
-0.730624 -0.025113 -0.682318 3.856808
22041 25 16 21
-0.970151 0.237123 0.050798 10.948270
25113 25 16 24
-0.822516 -0.369020 -0.432773 5.137326
22073 25 17 21
-0.985114 -0.145812 -0.091043 11.216209
20057 25 18 19
-0.708869 0.121760 0.694751 6.358072
22105 25 18 21
-0.866742 -0.445344 -0.224560 9.740289
23193 25 20 22
-0.831785 -0.130174 -0.539619 6.150553
23225 25 21 22
-0.555448 -0.756364 -0.345530 4.089335
22074 26 17 21
-0.996341 -0.025178 -0.081672 5.796593
22170 26 20 21
-0.911786 -0.408889 -0.038156 3.818380
