(8.36454, 11.2073, 13.2465, 15.1326, 15.6523, 10.8534, 4.8348, 2.93676, 3.09592, 5.04199, 9.63376, 8.40369, 7.55736, 8.75397, 9.1988, 10.4491, 12.283, 11.954, 8.11162, 8.33424, 8.2371, 6.7171, 2.98027, 3.24327, 3.06172, 3.11202, 1.77465, 0.684366, 3.48767, 8.64228, 16.0892, 24.5499, 32.3747)
(7.5488, 10.691, 18.0427, 17.6342, 15.0072, 9.81299, 3.80808, 2.77808, 2.20679, 3.14232, 9.32776, 6.50513, 9.28702, 10.624, 9.28922, 8.95103, 12.1198, 9.77961, 9.59008, 10.0337, 7.32712, 6.49331, 2.89504, 2.24492, 3.42028, 2.54528, 1.12078, 0.679478, 2.93473, 7.16399, 15.6483, 22.246, 39.1012)
(7.13727, 10.9627, 16.1144, 19.0407, 14.8235, 9.35221, 5.65123, 4.14515, 2.634, 3.37421, 6.76464, 7.31429, 8.27814, 9.33745, 9.61116, 9.00759, 10.3878, 11.9736, 9.76543, 8.15278, 9.07314, 7.0986, 3.83654, 2.85591, 3.39229, 2.66194, 1.41783, 0.499996, 3.64923, 6.55198, 14.7549, 25.1289, 35.2505)
(8.93328, 8.62046, 11.5368, 11.4411, 13.861, 15.6811, 6.48771, 3.916, 2.36194, 4.63346, 12.5271, 11.7271, 9.12886, 8.94621, 7.01952, 8.75375, 7.98764, 9.26433, 7.80744, 9.75799, 8.91783, 10.6893, 5.87011, 4.45969, 5.26346, 4.81529, 2.30729, 0.746364, 3.83276, 8.74932, 13.7202, 20.111, 30.1245)
(9.19009, 9.26032, 11.8232, 14.5878, 18.3505, 11.1576, 4.73125, 2.84059, 2.09162, 4.54307, 11.424, 7.5778, 9.60106, 10.6149, 8.73774, 6.9302, 8.35085, 10.1019, 8.86085, 11.4513, 9.52448, 8.24895, 4.11413, 3.1976, 3.54304, 2.93806, 1.58491, 1.10416, 5.08103, 10.3441, 16.886, 21.9382, 29.2688)
(9.51338, 13.5782, 13.157, 14.0556, 21.7111, 13.0769, 1.0703, 0.644157, 2.44339, 2.8047, 7.94517, 5.38461, 6.09537, 8.15042, 10.8606, 13.711, 19.6038, 10.7441, 6.74699, 11.005, 5.14218, 2.55592, 0.672397, 1.56971, 0.724916, 0.699284, 1.29632, 0.170408, 1.70352, 14.7254, 19.2028, 22.9738, 36.2614)
(7.29307, 10.7052, 15.0329, 15.5962, 16.0284, 11.6983, 7.01355, 3.21527, 3.3537, 3.70459, 6.35889, 8.5519, 7.74178, 6.14239, 8.2831, 9.18328, 10.4248, 13.9935, 9.40756, 9.05023, 8.4732, 8.74825, 3.77174, 3.51952, 3.74305, 3.59113, 2.56503, 0.587752, 3.54285, 8.42637, 14.894, 22.375, 32.9835)
(7.78644, 10.3457, 14.0762, 17.0347, 17.7648, 12.0151, 4.04607, 2.45199, 2.89902, 4.22903, 7.35087, 8.02033, 7.60051, 8.25707, 8.98165, 9.80657, 13.5155, 13.2443, 10.0183, 7.35949, 6.41753, 6.77881, 2.65598, 2.60534, 2.5834, 2.74517, 2.43427, 0.752824, 3.14989, 9.82076, 16.8323, 24.064, 32.3561)
(7.02761, 6.82026, 14.6304, 16.9722, 11.9623, 15.8189, 5.3311, 2.8571, 4.09754, 6.12949, 8.35312, 11.6319, 12.5219, 8.9072, 9.19961, 6.97896, 5.83775, 6.02277, 10.2134, 8.94256, 8.38998, 11.354, 2.06857, 2.98398, 3.26771, 3.23838, 2.72959, 0.797534, 4.00959, 7.11537, 17.1471, 24.2277, 32.4144)
(7.96664, 6.67577, 12.8595, 16.4292, 16.131, 15.4031, 6.41838, 3.13677, 2.21619, 3.32896, 9.43454, 9.71255, 8.48779, 9.44111, 11.7646, 8.87169, 7.32529, 6.88383, 9.81077, 11.0223, 8.51475, 8.16537, 3.46549, 3.93252, 2.44364, 2.31507, 2.38513, 0.705783, 5.17868, 8.92153, 15.5615, 24.3068, 30.7838)
(6.75763, 7.66712, 15.8314, 14.5298, 17.3318, 12.9119, 4.53839, 2.83367, 3.04764, 5.85513, 8.69555, 9.26663, 9.03681, 9.54981, 10.6452, 10.8554, 8.53927, 8.71867, 7.41226, 8.94959, 7.84981, 9.17651, 3.77539, 3.03874, 3.42844, 2.23268, 3.03497, 0.245156, 3.51013, 8.07492, 14.2938, 26.3465, 32.0193)
(8.70827, 10.1179, 13.846, 13.4186, 13.0034, 11.688, 6.13696, 4.42817, 3.96816, 5.19604, 9.48861, 10.2195, 9.07587, 9.05136, 8.92614, 8.55088, 8.56161, 8.7935, 9.00056, 9.19442, 9.01099, 9.61515, 4.75572, 4.95772, 4.79012, 3.6857, 2.62398, 0.619871, 3.76407, 7.66264, 13.5477, 19.9344, 33.6581)
(6.82048, 8.40839, 11.1962, 15.3188, 16.8689, 11.1518, 4.49868, 2.52109, 4.62687, 7.23131, 11.3575, 11.2801, 8.10805, 8.14762, 8.11917, 6.7719, 6.91784, 14.2565, 9.67136, 13.3375, 5.19152, 8.19849, 2.20446, 4.21955, 4.1716, 6.97038, 1.32847, 0.948754, 5.32883, 7.52725, 17.7992, 19.4465, 30.0551)
(7.81291, 9.93372, 14.8877, 16.8373, 16.1004, 10.499, 6.01071, 4.42407, 2.76954, 3.23142, 7.49319, 8.30019, 8.27505, 7.90321, 8.48577, 8.92251, 10.822, 10.9789, 10.5369, 9.15734, 8.43995, 8.17817, 3.86173, 4.00501, 4.94885, 2.77084, 1.98132, 0.750913, 3.18449, 5.87919, 14.4099, 23.0997, 35.1081)
(7.37128, 16.4735, 18.3614, 18.4756, 8.1398, 5.42803, 4.39454, 3.23568, 3.36201, 7.22341, 7.53476, 6.54614, 11.0708, 5.10479, 9.00312, 9.07978, 11.0453, 11.2903, 10.5092, 10.5382, 8.33433, 7.47784, 11.9998, 9.36991, 4.16527, 1.9553, 0.851649, 0.29862, 1.39016, 4.57009, 11.8923, 21.9623, 31.5446)
(9.23877, 11.0113, 12.7892, 12.6498, 12.4732, 11.5064, 4.42846, 2.94512, 3.0789, 6.72909, 13.1498, 9.18974, 9.00033, 8.19593, 11.0085, 8.47762, 9.20503, 8.7053, 8.33063, 9.00725, 8.57641, 10.3033, 3.61893, 2.72451, 2.73716, 2.34028, 1.67755, 0.531659, 3.57996, 7.82082, 14.2311, 23.5612, 37.1767)
(14.7479, 6.41116, 13.2324, 11.5037, 13.8306, 17.255, 6.37465, 2.73285, 3.10215, 2.85841, 7.95115, 13.1367, 7.70459, 11.7795, 7.61113, 8.12773, 4.88148, 6.87073, 9.06426, 10.1679, 9.77629, 10.8796, 5.67148, 5.04042, 5.18394, 3.01484, 8.63295, 1.09331, 3.06308, 7.95988, 10.9633, 18.3356, 31.0412)
(10.0285, 7.77649, 10.9241, 14.0122, 17.8222, 11.4702, 6.30517, 3.86661, 2.83878, 5.95215, 9.00358, 13.7893, 9.95042, 7.82483, 7.84546, 7.10698, 6.63577, 9.9779, 8.38484, 8.21791, 10.6496, 9.61704, 2.85941, 5.60898, 4.47733, 5.33913, 2.42109, 0.708616, 3.27046, 7.71927, 11.8657, 21.3403, 34.3897)
(10.2794, 14.2446, 9.48323, 11.3273, 9.71948, 11.8372, 5.89755, 6.21698, 5.50722, 7.55067, 7.93644, 9.40638, 7.45716, 7.5156, 8.65967, 9.28007, 9.36176, 11.3063, 7.39671, 9.01764, 10.7681, 9.83056, 10.7002, 9.01726, 9.30393, 4.80542, 4.03505, 0.421522, 3.12058, 7.4212, 11.8722, 13.8741, 25.4285)
(9.86305, 14.5298, 10.8583, 8.68922, 11.4045, 14.16, 4.51015, 4.60938, 4.29436, 4.83382, 12.2474, 8.05934, 8.61085, 7.811, 10.7372, 9.21278, 8.0555, 9.36587, 7.99056, 11.0566, 8.60044, 10.4999, 6.14007, 6.10617, 4.62748, 3.0405, 1.39258, 0.860124, 2.65624, 10.1124, 14.2741, 17.3536, 33.4368)
(8.96182, 11.957, 13.081, 11.927, 13.4857, 9.56162, 5.4567, 5.42634, 4.45364, 5.34576, 10.3434, 10.6452, 7.92738, 7.75237, 9.1961, 8.4595, 10.0264, 9.01656, 8.94214, 9.01323, 8.74857, 10.2725, 7.25079, 7.48277, 6.25315, 4.31405, 1.34621, 0.49663, 2.18536, 7.816, 14.0071, 18.949, 29.899)
(11.004, 9.70678, 11.4785, 11.4636, 15.1598, 9.41041, 4.13804, 4.17963, 6.62157, 6.89729, 9.94046, 9.81543, 10.0852, 7.83246, 8.54582, 8.53978, 7.37823, 8.90648, 8.32494, 9.12051, 11.5017, 9.94943, 10.7593, 8.01126, 6.62933, 5.05195, 1.58301, 1.14812, 2.73032, 7.27071, 13.1765, 18.2501, 25.3895)
(8.61827, 9.64049, 11.6633, 12.7288, 16.8162, 11.6663, 5.30351, 3.92281, 4.89409, 4.96421, 9.782, 9.01151, 8.85223, 8.90622, 9.25461, 7.07817, 8.78401, 10.4454, 8.08611, 9.89016, 9.44959, 10.242, 6.99105, 6.21668, 5.11644, 4.26491, 2.54952, 0.837518, 3.37571, 9.61888, 15.4841, 19.1447, 26.4006)
(8.88518, 9.06568, 10.8732, 12.3103, 12.5576, 13.0887, 7.84307, 6.14896, 3.60668, 5.74183, 9.87887, 11.3431, 9.45965, 9.97293, 7.75775, 7.60041, 7.49147, 8.60974, 9.40023, 9.74887, 9.10338, 9.51242, 8.35208, 6.13579, 6.86793, 5.94115, 2.88643, 0.727279, 3.50766, 7.99955, 13.936, 18.1083, 25.5379)
(8.60498, 9.18693, 11.8403, 14.2762, 12.0737, 14.0564, 6.52362, 3.92533, 2.99407, 5.62421, 10.8942, 10.8195, 8.88875, 10.8175, 8.34913, 7.03609, 7.72883, 7.22835, 8.40406, 8.85487, 9.70274, 12.1702, 6.93884, 5.24012, 4.02113, 3.96683, 2.34747, 0.551894, 3.96446, 9.05255, 16.5923, 18.7848, 28.5396)
(7.33878, 11.0966, 14.3628, 16.6915, 15.5357, 14.683, 4.1503, 2.4736, 2.05707, 4.91856, 6.69203, 9.74034, 8.86467, 7.36619, 8.5667, 7.48269, 13.0543, 10.9774, 11.8313, 8.46841, 5.65132, 7.99666, 2.06801, 1.99073, 2.00591, 3.34761, 3.88634, 0.594081, 3.57813, 12.3986, 16.9576, 21.5833, 31.5898)
(10.1473, 7.38237, 23.1607, 11.634, 15.5651, 10.4393, 8.08134, 3.05714, 2.09289, 3.15319, 5.28672, 6.34595, 8.23396, 11.1588, 13.1288, 6.36035, 12.3243, 12.3367, 7.34044, 7.25608, 8.22217, 7.29247, 1.14207, 2.11637, 3.0846, 5.05371, 4.07712, 0.046484, 9.94058, 6.36186, 12.578, 24.6967, 30.9025)
(12.325, 12.556, 8.71234, 15.0001, 9.26324, 12.0689, 5.0481, 2.01501, 3.54012, 7.7356, 11.7357, 11.8731, 12.5371, 9.12846, 8.79611, 6.13601, 4.91926, 7.34175, 7.93587, 9.18204, 11.3636, 10.7868, 2.64728, 1.94186, 3.1846, 4.71561, 2.49023, 0.464897, 3.38609, 9.86557, 14.4999, 21.8069, 34.9971)
(7.13413, 7.71936, 11.433, 13.6667, 12.4277, 16.2173, 5.43176, 4.57569, 5.65356, 6.04464, 9.6961, 11.8072, 10.1073, 10.2502, 9.28143, 7.51041, 7.15783, 6.23641, 8.81173, 8.99534, 9.03554, 10.8066, 3.90485, 5.46455, 3.85031, 4.96433, 2.1278, 1.09601, 3.13267, 7.99831, 14.9946, 20.2436, 32.2231)
(11.8397, 8.45754, 8.49131, 9.77503, 12.685, 13.5417, 7.16889, 5.13446, 5.96915, 6.14446, 10.7928, 12.7715, 9.93868, 8.26914, 7.50113, 7.69805, 6.83826, 7.57827, 8.31662, 8.36785, 10.68, 12.0404, 6.60164, 7.33704, 6.58864, 5.42689, 2.33549, 0.608882, 3.03812, 8.26562, 13.8253, 18.5781, 27.3944)
(7.85762, 6.51157, 13.4643, 11.6001, 12.1652, 12.9345, 7.6764, 6.14105, 5.45471, 7.02373, 9.1708, 13.0026, 8.82432, 9.2786, 8.31703, 9.72634, 7.35917, 7.87872, 8.08068, 7.68855, 8.5703, 11.2737, 7.65915, 7.39769, 6.85668, 4.60593, 3.76866, 0.733617, 3.32315, 7.74251, 12.0534, 19.2026, 26.6566)
(18.912, 9.52591, 7.06608, 9.73521, 15.0589, 10.8716, 5.57934, 2.63636, 1.13436, 7.18285, 12.2974, 11.6639, 7.81961, 10.1238, 9.10874, 3.22392, 6.52876, 6.67259, 8.39704, 9.37866, 13.0031, 14.0799, 1.25684, 2.17093, 2.83484, 3.36812, 1.29482, 1.81461, 2.22278, 13.4552, 17.0592, 19.0088, 35.5139)
(9.77981, 10.8242, 8.6117, 10.1995, 12.7609, 13.5171, 5.76086, 4.6898, 6.33355, 7.15757, 10.365, 12.6437, 9.83999, 6.65594, 8.36634, 8.76394, 7.17579, 8.09084, 8.11695, 9.92416, 8.5993, 11.8231, 8.53685, 6.77549, 4.67304, 4.0226, 1.76922, 0.547007, 2.21678, 8.46174, 13.5538, 17.0632, 32.3803)
(8.81306, 9.49434, 9.23274, 10.2955, 12.6473, 12.527, 7.12904, 5.41465, 4.57621, 7.84279, 12.0273, 12.5207, 7.26932, 8.15685, 6.57676, 7.55354, 7.56703, 8.64842, 8.1361, 11.0749, 11.5472, 10.9491, 6.79518, 6.1084, 4.86998, 3.40855, 1.92444, 0.875638, 3.27684, 8.07468, 13.8159, 19.0746, 31.7757)
(8.16635, 9.41981, 15.6379, 17.9575, 16.3298, 8.48218, 5.39377, 3.62757, 2.96039, 3.43434, 8.59032, 8.53714, 7.41585, 10.7961, 9.25681, 8.29934, 11.8798, 9.18327, 10.5559, 8.11703, 8.15009, 7.80861, 4.40855, 3.0508, 3.51543, 3.77203, 2.00621, 0.451912, 3.29218, 8.21238, 15.2209, 22.6819, 33.3877)
(11.14, 8.98776, 10.7539, 8.91013, 12.0517, 11.3147, 4.8944, 5.4157, 7.53802, 5.84545, 13.1483, 9.58928, 10.5051, 9.58025, 7.94665, 7.71623, 7.70415, 7.20959, 7.70964, 9.22939, 10.631, 12.1787, 13.6541, 7.16356, 8.63094, 5.1552, 1.75763, 0.715558, 3.75476, 9.08962, 12.0355, 15.6241, 22.4191)
(9.501, 7.84092, 7.61756, 7.49512, 12.843, 14.8875, 10.5371, 5.52652, 4.11699, 7.87251, 11.7618, 12.5401, 9.40775, 7.63815, 8.22117, 6.89491, 7.5486, 8.19119, 7.86867, 9.82067, 9.88651, 11.9823, 9.01297, 8.13555, 8.97952, 9.18093, 3.40125, 1.16701, 5.03397, 11.263, 12.7321, 13.7606, 17.3332)
(6.62468, 11.4933, 16.1485, 17.0563, 12.6942, 9.53465, 4.97954, 4.9969, 3.06335, 4.33238, 9.07614, 8.31052, 7.86842, 8.48954, 9.15971, 8.39653, 10.5345, 10.1006, 10.3181, 9.4885, 7.93414, 9.39937, 2.98276, 3.38522, 5.23978, 3.70299, 2.41421, 0.478962, 2.89286, 6.89932, 13.2645, 21.407, 37.3324)
(10.0454, 9.83099, 12.0043, 11.8522, 11.5233, 12.7553, 7.85068, 4.79227, 3.66163, 5.66195, 10.022, 11.8146, 9.35706, 8.45441, 8.43325, 7.71971, 8.54378, 9.40342, 8.35823, 8.74048, 8.99707, 10.178, 7.67101, 6.79918, 6.32394, 4.7115, 2.99022, 0.759183, 3.57395, 8.333, 12.3818, 17.8043, 28.6519)
(9.2748, 10.6371, 11.6705, 11.1874, 11.3534, 12.8716, 8.42748, 5.29039, 3.25899, 5.5827, 10.4457, 10.9546, 9.32811, 8.79935, 7.69808, 8.55869, 8.72016, 9.7313, 8.7444, 9.44715, 8.24537, 9.77284, 8.35335, 5.91233, 6.41124, 5.36464, 3.60915, 0.680845, 4.15872, 7.89261, 11.567, 17.0884, 28.9617)
(8.51012, 9.27403, 11.2875, 5.38006, 4.18984, 9.79636, 12.0597, 8.75967, 6.21953, 11.4847, 13.0384, 14.8594, 11.2664, 6.11964, 5.46698, 6.78517, 8.60239, 7.60367, 8.95117, 7.31138, 11.0731, 11.9607, 8.65162, 8.90464, 9.48401, 4.27809, 5.05949, 0.168885, 3.53188, 7.20534, 4.79655, 13.8358, 34.0837)
(10.903, 11.7069, 9.06471, 13.892, 16.2577, 20.4961, 2.27643, 0.445381, 1.85322, 3.67584, 9.42868, 11.8962, 9.44483, 7.8314, 6.3572, 9.28833, 8.03113, 7.96759, 8.71031, 9.36753, 10.8246, 10.2809, 2.09536, 2.79288, 0.544626, 7.26129, 3.37889, 2.3543, 2.73969, 13.3655, 12.5326, 26.7959, 26.139)
(8.28656, 12.638, 12.1284, 11.3011, 13.8796, 13.5179, 8.98741, 3.62789, 2.61651, 3.57337, 9.44317, 9.83511, 6.66393, 5.8753, 9.66027, 11.9605, 10.8071, 14.8424, 7.71581, 6.45234, 6.51579, 9.67149, 5.8143, 6.06414, 4.46437, 5.23969, 3.1453, 0.280887, 4.07757, 6.94919, 12.7806, 19.8458, 31.3382)
(8.79501, 7.91036, 11.0357, 13.7785, 18.1073, 14.1479, 5.0139, 2.49651, 2.63709, 5.72541, 10.3523, 10.1499, 9.64068, 9.36192, 8.53502, 7.87818, 8.08213, 7.25745, 8.07073, 9.15033, 11.4041, 10.4696, 3.4447, 3.37784, 3.70787, 3.2185, 3.8395, 0.951149, 4.18246, 10.7319, 16.8501, 23.346, 26.3499)
(0.288015, 0.670429, 12.357, 0.921035, 6.67203, 8.4856, 12.0505, 0.730905, 28.578, 17.1992, 12.0472, 12.6625, 12.6185, 6.18197, 0.313474, 6.40603, 6.15939, 6.46472, 11.9981, 12.1614, 17.5295, 7.5044, 0.0636871, 6.1681, 11.8114, 0.356189, 0.24562, 0.051264, 0.184745, 6.27419, 19.4823, 36.4117, 18.9508)
(5.39524, 5.5655, 6.59302, 8.93084, 12.1497, 20.2039, 19.0339, 1.33714, 2.72748, 7.20607, 10.8572, 12.9344, 15.5105, 8.7799, 4.63386, 6.72437, 4.66935, 6.18798, 9.88629, 11.6164, 7.15582, 11.9011, 2.17961, 4.05426, 9.12941, 6.06765, 5.02416, 1.96218, 2.36997, 10.7751, 20.5966, 19.5606, 18.2805)
(10.7828, 11.5974, 12.0761, 12.6274, 9.08252, 12.9043, 5.26136, 3.38252, 3.4479, 7.81746, 11.0201, 13.2136, 5.9743, 10.3824, 8.60801, 5.49559, 9.66709, 6.37283, 5.35622, 12.4367, 10.2628, 12.2305, 2.65516, 2.10293, 4.43608, 5.7662, 3.39499, 1.16488, 3.99446, 9.98129, 13.8696, 19.1789, 33.4555)
(10.9878, 10.8773, 9.48779, 9.16645, 13.746, 16.4142, 5.62091, 5.48308, 3.51453, 5.50387, 9.19805, 12.7192, 10.214, 8.8165, 8.03218, 7.40608, 5.21548, 7.39403, 7.21583, 10.8606, 9.80996, 12.3161, 5.65413, 6.23066, 4.02645, 4.24944, 2.59537, 0.456977, 5.06726, 9.55691, 14.2588, 14.9676, 32.9365)
(9.21601, 8.11146, 10.2279, 10.5609, 12.5722, 13.388, 8.11647, 3.19129, 4.72872, 6.69202, 13.1951, 14.1905, 10.6959, 6.21903, 7.48881, 8.35848, 5.56144, 6.56353, 6.16587, 10.1508, 10.6435, 13.9621, 5.83488, 5.99428, 5.48698, 3.69019, 2.73948, 0.852392, 2.74481, 11.2825, 13.2212, 20.769, 27.3842)
(8.12897, 8.56576, 10.4313, 13.47, 14.7192, 11.1356, 7.00114, 4.45928, 3.90262, 7.95405, 10.232, 12.2532, 9.40482, 8.22814, 10.1318, 8.31905, 6.84234, 6.61906, 9.68284, 9.90656, 8.21522, 10.397, 3.41723, 5.34486, 5.869, 3.14134, 2.05788, 0.848158, 4.49007, 7.75349, 17.0534, 23.8993, 26.1254)
(9.68941, 9.46582, 11.0443, 14.87, 11.6672, 17.2156, 4.80062, 4.0091, 3.08735, 5.18977, 8.96076, 9.90845, 11.331, 11.7987, 8.17637, 6.47769, 8.15143, 7.50053, 6.74131, 7.49426, 10.899, 11.5212, 7.94076, 4.21525, 3.65693, 3.25538, 1.76735, 0.266376, 4.36657, 8.08418, 16.3753, 20.9361, 29.1358)
(9.73434, 8.98697, 13.2994, 14.7864, 14.1165, 11.9021, 6.85091, 3.34952, 2.71532, 4.32616, 9.9324, 10.1492, 8.55718, 8.96446, 8.24613, 8.74476, 10.892, 8.3212, 7.5099, 9.00201, 9.49872, 10.1144, 6.88873, 3.03882, 4.5261, 4.73186, 2.47003, 0.472037, 3.60258, 9.82665, 14.7083, 19.543, 30.1919)
(8.91213, 9.63942, 12.9782, 12.5895, 13.3539, 12.4601, 6.60088, 4.27085, 3.14238, 4.57459, 11.4779, 12.0863, 9.92059, 7.95043, 7.0163, 7.59683, 8.6812, 8.44236, 8.35322, 9.4502, 9.01373, 11.4889, 3.94942, 3.93704, 5.52503, 4.02038, 2.37447, 0.882547, 2.83948, 7.96162, 15.164, 21.9472, 31.3988)
(9.00413, 10.2705, 13.0048, 11.3063, 11.7306, 14.6336, 9.0676, 5.40601, 2.55412, 3.80696, 9.21546, 9.39019, 10.2023, 7.68493, 7.16793, 8.4405, 8.84316, 9.52041, 9.99872, 9.66958, 9.08484, 9.99741, 6.62005, 5.5923, 6.90488, 4.98786, 4.0346, 0.854641, 4.3211, 7.45781, 12.3458, 16.9955, 29.8855)
(9.78919, 9.61937, 11.8645, 10.6608, 11.2188, 13.7002, 9.61604, 5.5684, 3.51982, 5.10865, 9.33416, 14.8205, 9.62326, 7.04796, 8.80174, 7.03473, 7.42906, 7.72059, 7.87634, 9.11984, 9.45419, 11.0718, 8.85611, 8.04905, 7.99118, 5.54587, 3.71635, 1.19826, 3.40244, 8.71076, 11.8797, 17.2953, 23.355)
(12.5483, 6.20205, 6.64079, 12.7418, 17.2259, 14.9825, 6.72975, 3.99658, 2.5989, 4.12884, 12.2046, 14.5067, 7.62376, 7.22575, 7.07252, 6.82008, 8.60535, 4.66676, 8.69872, 12.1128, 9.54332, 13.1242, 4.58737, 6.06583, 5.01259, 4.89897, 1.69345, 0.294237, 3.99941, 13.6206, 19.057, 19.9578, 20.8127)
(15.851, 6.68429, 6.73593, 10.9882, 7.4789, 12.4241, 6.60188, 7.90808, 5.75459, 7.22073, 12.3523, 18.0138, 13.0221, 5.23421, 5.91253, 4.48913, 5.93181, 5.94739, 5.22238, 11.5666, 15.8257, 8.83431, 9.39991, 9.3639, 7.25194, 2.97408, 2.92449, 1.43985, 5.77752, 7.34559, 13.1402, 16.8793, 23.5033)
(10.9771, 4.18725, 5.6938, 7.84714, 9.3645, 11.9481, 11.1789, 4.33746, 5.2305, 5.94944, 23.2858, 16.3944, 10.3957, 8.93903, 7.2153, 5.86799, 5.53986, 8.23862, 6.65548, 5.20552, 12.0292, 13.519, 7.06601, 7.43742, 9.13197, 4.49443, 1.42171, 0.793369, 4.37966, 9.18226, 14.4687, 21.1712, 20.4533)
(13.5062, 13.0287, 10.4048, 8.34024, 8.69212, 8.23528, 7.43168, 5.29997, 7.26135, 9.28085, 8.51884, 9.49245, 13.926, 6.53329, 9.97441, 5.78037, 8.15714, 6.52738, 6.56594, 10.7706, 9.21556, 13.0568, 8.27145, 11.499, 7.57007, 2.70905, 3.21252, 0.779076, 1.66223, 8.0328, 9.50164, 13.7202, 33.042)
(6.16584, 8.20487, 13.5011, 15.1719, 17.9576, 13.4054, 5.37832, 3.45439, 6.03511, 3.99717, 6.72832, 7.51194, 9.11997, 6.93172, 9.05569, 9.34083, 10.1251, 10.1975, 10.6637, 8.69013, 9.12225, 9.24117, 6.23374, 4.36526, 3.03652, 2.96993, 2.22252, 0.790307, 1.94344, 7.30114, 16.2898, 21.9983, 32.849)
(9.79487, 7.51022, 10.2163, 8.86747, 12.8488, 10.3169, 6.44997, 3.73412, 4.7187, 9.45863, 16.084, 9.39313, 12.2739, 8.14381, 9.66075, 7.59906, 5.9152, 7.32999, 7.61887, 8.45048, 9.89388, 13.7209, 3.80561, 3.96255, 6.12867, 4.98686, 3.58001, 0.75961, 3.60961, 10.3541, 15.6114, 23.0445, 24.1571)
(9.49643, 7.8908, 8.72853, 8.96604, 7.95334, 14.6299, 7.83543, 7.22411, 7.14448, 10.0475, 10.0835, 11.1277, 12.2409, 7.27585, 7.54457, 5.93431, 6.32225, 6.68774, 7.37804, 10.663, 8.91439, 15.9112, 8.08279, 8.73422, 6.62039, 5.18165, 3.6831, 0.444801, 2.78786, 9.79085, 12.5818, 19.6255, 22.4671)
(8.56331, 7.40629, 8.88166, 10.0537, 12.9869, 12.7591, 8.45058, 4.17861, 4.76377, 9.8841, 12.072, 13.3922, 11.8855, 8.76255, 8.21804, 6.69883, 6.72141, 6.9804, 7.79472, 8.17429, 9.29369, 12.0784, 6.31824, 6.30092, 5.86839, 5.33625, 3.18321, 0.875798, 3.7393, 9.93409, 16.7709, 19.1889, 22.484)
(13.7724, 8.43391, 9.65989, 9.30898, 10.2695, 12.4766, 6.65263, 5.69978, 6.05416, 6.87598, 10.7961, 11.8319, 10.4577, 8.76857, 8.1223, 6.9663, 6.44778, 7.23661, 8.07657, 9.93303, 10.1347, 12.0246, 11.6692, 11.9427, 7.80997, 5.43904, 3.49453, 0.790923, 2.8113, 8.05029, 11.0521, 16.1612, 20.7787)
(9.64218, 8.49422, 9.86897, 10.377, 11.2556, 12.9986, 8.09657, 6.09955, 5.27894, 6.14028, 11.7481, 13.3022, 11.4673, 8.02632, 7.32578, 5.9908, 6.04478, 7.73815, 7.43544, 8.46284, 10.4948, 13.7115, 9.14825, 8.41792, 7.00754, 6.37811, 2.63107, 0.879822, 3.55548, 8.07399, 12.9086, 17.5407, 23.4585)
(6.25022, 8.67781, 8.52657, 7.03272, 13.9704, 13.9007, 7.60827, 8.23063, 6.29036, 8.43191, 11.0804, 11.7601, 9.12319, 7.16813, 8.61556, 7.98298, 10.5437, 11.2915, 7.64865, 6.94264, 9.24043, 9.68309, 6.21425, 5.27241, 6.06234, 8.61446, 3.24907, 0.385576, 3.44602, 6.82092, 11.7145, 16.9065, 31.314)
(9.95988, 10.9564, 8.23429, 9.63811, 11.9372, 14.3828, 7.85462, 6.49222, 6.3802, 6.54619, 7.61815, 12.1129, 8.46693, 8.2671, 7.53414, 9.21105, 7.75567, 8.69316, 8.03968, 9.37375, 10.6481, 9.89753, 8.69152, 9.80729, 9.37429, 6.04547, 2.03705, 1.00025, 3.191, 8.27914, 13.7657, 15.7889, 22.0194)
(8.94387, 10.3315, 11.1404, 11.0633, 11.6817, 13.4909, 8.88078, 5.22082, 3.41054, 4.94754, 10.8885, 11.5938, 10.435, 8.01448, 7.55708, 7.89049, 7.65915, 7.58827, 7.77882, 8.64769, 9.92293, 12.9123, 7.44631, 6.06301, 7.11102, 5.44292, 3.04394, 0.901265, 3.94944, 7.9308, 12.9147, 18.6627, 26.5339)
(9.29638, 8.22348, 8.96185, 10.5762, 12.9636, 15.5731, 8.90014, 4.96807, 2.50617, 6.53983, 11.4912, 15.6192, 11.9641, 7.86883, 7.56692, 6.22626, 6.32123, 6.0788, 7.11134, 7.70524, 9.26053, 14.2776, 7.23179, 7.84746, 7.62301, 5.52711, 4.199, 0.785617, 4.36556, 10.0427, 14.5872, 16.4927, 21.2979)
(9.53257, 6.84416, 9.2168, 12.2728, 17.8992, 16.374, 7.5961, 2.56978, 2.83334, 5.27778, 9.58352, 13.216, 9.28549, 8.76342, 8.34537, 7.73216, 8.15007, 7.52553, 7.88742, 10.7511, 6.82661, 11.5168, 4.77052, 3.20328, 4.10147, 5.23387, 4.22168, 0.525248, 4.63075, 13.311, 18.5443, 20.1687, 21.2891)
(11.6876, 9.50898, 9.86665, 11.0012, 11.6785, 12.055, 8.87574, 4.79318, 3.22074, 5.58542, 11.7271, 13.8619, 9.72296, 8.9949, 7.34695, 6.95968, 7.54133, 7.29463, 7.68483, 8.60058, 9.76361, 12.2286, 7.96204, 6.22351, 6.88746, 5.26474, 2.96645, 0.702006, 3.76722, 8.74733, 14.0969, 19.7503, 23.632)
(8.20656, 10.0469, 13.502, 14.6852, 18.2739, 14.5458, 4.25643, 1.64434, 1.80821, 3.71863, 9.31202, 8.93705, 8.82643, 8.81721, 10.3243, 9.17214, 9.1211, 8.81887, 8.61216, 7.45592, 10.124, 9.79079, 2.01109, 2.45578, 2.76564, 3.74234, 2.31938, 0.660257, 4.07069, 9.98955, 16.9778, 22.4883, 32.5192)
(0.405548, 19.1454, 1.37961, 0.871169, 10.5909, 31.7228, 10.6007, 0.442407, 2.67215, 10.4213, 11.748, 21.6057, 11.0789, 10.2648, 0.395745, 20.6842, 0.637031, 0.767134, 1.18483, 29.2075, 2.4616, 1.71262, 0.0846648, 9.96914, 10.2445, 9.81779, 9.62935, 0.0725118, 0.271764, 19.6744, 31.8186, 5.82832, 2.58893)
(9.95477, 6.66892, 9.50962, 12.1834, 12.4802, 12.3642, 6.15337, 4.15383, 5.35236, 8.74567, 12.4337, 8.48385, 10.2558, 9.10754, 9.47599, 8.71708, 7.74532, 8.55511, 5.7095, 8.87927, 10.1502, 12.9203, 6.2262, 8.47093, 5.58199, 3.34811, 2.60917, 0.487782, 2.65322, 10.5243, 16.3142, 19.4837, 24.3004)
(10.8772, 9.98201, 8.16386, 7.90143, 12.8201, 14.542, 6.47182, 4.85933, 6.39238, 7.00624, 10.9836, 12.64, 11.0296, 8.14369, 6.74997, 6.53164, 7.33128, 8.08361, 7.44936, 9.53929, 10.8521, 11.6494, 9.07158, 9.20967, 6.61032, 5.87209, 3.39118, 1.3837, 3.94663, 8.398, 12.6892, 16.9084, 22.5192)
(7.33866, 6.86617, 10.2792, 12.6972, 12.8459, 14.1336, 8.45209, 5.5022, 5.49507, 6.30255, 10.0873, 11.478, 10.6449, 9.57659, 6.78826, 7.46187, 8.05624, 7.95033, 7.75916, 8.23685, 10.3751, 11.6727, 9.42424, 9.40061, 7.88912, 6.64201, 2.29553, 0.61686, 3.23379, 6.39783, 13.948, 17.7796, 22.3724)
(15.0047, 10.2114, 7.84201, 7.31039, 10.4487, 13.6906, 5.91049, 4.90106, 5.74201, 6.6145, 12.3242, 12.0136, 10.1876, 8.00146, 8.64389, 6.70606, 6.69705, 7.6438, 8.6406, 8.15119, 11.9811, 11.3336, 12.8495, 12.1478, 8.55692, 6.89916, 2.62925, 0.636871, 2.82681, 8.06971, 10.7613, 15.5616, 19.061)
(9.64146, 17.4266, 15.698, 12.7878, 13.1072, 5.72064, 7.18704, 3.05047, 1.71862, 5.3575, 8.30462, 7.00292, 4.90405, 7.87787, 7.93198, 15.2144, 11.4131, 9.39135, 6.93132, 9.71439, 9.67612, 9.94254, 2.92379, 0.987608, 5.13863, 6.73603, 0.576034, 0.151464, 4.08352, 7.72309, 15.0867, 20.5569, 36.0363)
(8.47506, 11.0546, 11.8078, 10.4588, 12.0354, 12.6037, 8.32709, 6.99357, 3.02217, 4.5712, 10.6506, 11.587, 9.63046, 7.79747, 8.21995, 7.63537, 8.81328, 9.43971, 9.26608, 8.05858, 8.36583, 11.1862, 7.98539, 6.61787, 7.30158, 6.54569, 3.73838, 1.16144, 4.36164, 7.38828, 11.1812, 16.1015, 27.617)
(21.3525, 15.3725, 11.7099, 5.81109, 5.06119, 7.62318, 6.2598, 3.99663, 2.19978, 3.08244, 17.531, 14.3878, 9.47581, 10.7387, 6.2914, 5.6179, 5.62607, 7.79717, 8.19136, 11.3794, 9.96328, 10.5311, 26.0475, 18.0163, 9.54737, 6.2224, 3.14929, 1.225, 2.09213, 3.9088, 7.37052, 10.877, 11.5438)
(6.38334, 11.0472, 13.3497, 11.5258, 13.047, 13.0539, 10.2896, 5.72098, 2.73855, 3.67296, 9.17091, 10.1152, 10.5571, 7.47505, 10.0151, 9.4435, 10.9026, 10.4876, 9.49571, 6.79527, 5.97156, 8.74122, 4.43645, 5.81312, 6.79798, 6.06251, 2.78637, 1.03449, 3.11031, 7.99235, 14.6864, 18.3003, 28.9798)
(10.9864, 12.6842, 9.65601, 10.1251, 9.21949, 9.19397, 8.77147, 8.07622, 6.62539, 5.44185, 9.21993, 10.9871, 9.9105, 9.22451, 7.63241, 9.49504, 6.7969, 8.27482, 7.67313, 8.44544, 10.4515, 11.1086, 25.4378, 12.8219, 8.70148, 6.93037, 2.67572, 0.490758, 2.38791, 4.65362, 8.31399, 11.4841, 16.1024)
(0, 1.16118, 0.211815, 0.0520513, 0.660472, 33.1, 0.714328, 0.104103, 31.4435, 0.716133, 31.8365, 32.4431, 0.766379, 0.60842, 0, 32.3372, 0.105908, 0.157959, 0.159764, 1.82346, 31.3358, 0.262062, 0, 0.660472, 0.714328, 0.554564, 0.554564, 0, 0, 1.16298, 33.2077, 62.8277, 0.317723)
(8.1779, 7.28312, 7.61894, 10.0525, 13.7534, 15.3845, 8.04303, 5.08123, 5.55195, 5.94228, 13.1111, 12.6843, 10.8635, 8.25782, 7.70599, 8.64581, 7.7435, 6.49575, 7.71131, 8.05693, 9.77554, 12.0596, 8.16147, 7.96492, 6.78233, 6.00159, 3.3558, 1.38077, 3.94589, 9.87789, 14.475, 17.945, 20.1093)
(8.20012, 9.12163, 9.45063, 11.2742, 10.1254, 11.8008, 7.46152, 7.13738, 6.84943, 8.00197, 10.5769, 10.4731, 8.75969, 10.1096, 8.4884, 8.24603, 6.76374, 7.32428, 7.94092, 7.75311, 12.1027, 12.0385, 10.1552, 10.1148, 6.35571, 4.6087, 3.51904, 0.72335, 2.88509, 7.00171, 12.9892, 16.3103, 25.3369)
(9.23167, 7.54381, 6.51755, 12.9984, 12.4835, 12.8037, 11.4382, 6.36014, 4.3365, 4.919, 11.3675, 12.8057, 10.9629, 8.50282, 7.63903, 9.55411, 5.88683, 5.67034, 7.27575, 10.4258, 8.18178, 13.0949, 9.51178, 7.0152, 6.96986, 5.39013, 4.96648, 0.549643, 4.08791, 7.64969, 15.7862, 16.5854, 21.4877)
(8.68396, 8.14007, 11.2613, 11.0167, 10.6661, 12.209, 8.25923, 5.98659, 6.01572, 6.86022, 10.9011, 13.5043, 9.29469, 8.35618, 7.31097, 8.23662, 7.66591, 7.67654, 7.38694, 7.57796, 9.55617, 13.4337, 8.17792, 8.85311, 8.17272, 4.89437, 3.06295, 0.461988, 3.1055, 6.90521, 11.0113, 17.884, 27.4709)
(7.43276, 2.52661, 13.2987, 11.3414, 10.0822, 16.4045, 4.86424, 11.9238, 4.46743, 3.64766, 14.0108, 11.7067, 10.4058, 6.41889, 5.10899, 11.5531, 14.1379, 5.35245, 5.26736, 8.8841, 7.84705, 13.3176, 10.3169, 8.5988, 8.22985, 6.82057, 4.08373, 0.143796, 5.68065, 10.3843, 10.7445, 13.3819, 21.615)
(9.77318, 8.82369, 8.26082, 9.13404, 10.2805, 16.0868, 7.77159, 6.48814, 5.55995, 6.60242, 11.2189, 15.2666, 10.3754, 8.89847, 6.78147, 7.47183, 5.53965, 5.80366, 6.19358, 9.41377, 11.473, 12.7826, 9.87143, 9.24892, 7.21057, 6.14159, 2.3927, 1.415, 5.32369, 7.76508, 15.0462, 14.4728, 21.112)
(11.8783, 10.4988, 7.05668, 4.24852, 7.94722, 18.7685, 9.26542, 5.42783, 6.58676, 8.57039, 9.7515, 16.9946, 10.8265, 8.74964, 7.40404, 5.67797, 6.14356, 8.54882, 9.16198, 6.42843, 8.40485, 11.6596, 7.5971, 9.92394, 7.40804, 7.21019, 4.48811, 0.125103, 11.0636, 10.4496, 8.85, 10.4226, 22.4618)
(9.66936, 7.4701, 8.50119, 9.18138, 10.8758, 12.5365, 7.98439, 6.39993, 5.78785, 8.36941, 13.2241, 13.1492, 10.2434, 8.81353, 7.20147, 7.52002, 7.03541, 7.13778, 7.12192, 8.30213, 9.68719, 13.7879, 7.95005, 8.75864, 7.55902, 5.65539, 3.32976, 0.999187, 3.61183, 7.70816, 13.897, 17.3094, 23.2216)
(11.6583, 9.56036, 10.4841, 10.0633, 11.5769, 10.5041, 7.03524, 4.90263, 5.7659, 7.38489, 11.0644, 11.1169, 9.90543, 8.9099, 8.02672, 8.23718, 8.19656, 8.0668, 7.43955, 8.32789, 9.99055, 11.7825, 10.628, 9.67621, 6.99436, 5.20677, 1.91639, 0.690134, 3.14281, 6.4397, 11.1276, 15.8875, 28.2905)
(12.2555, 7.86723, 10.9678, 11.2468, 10.216, 9.8456, 7.46526, 5.67519, 4.84554, 9.00972, 10.6053, 11.6569, 10.4136, 9.49071, 8.00118, 8.27376, 8.02419, 7.50677, 6.51492, 8.85355, 9.33326, 11.9311, 10.1709, 9.96718, 9.01731, 5.94726, 2.77974, 0.903219, 2.327, 7.22698, 11.2837, 17.3089, 23.0679)
(11.6744, 14.762, 11.5765, 7.89065, 5.22953, 7.92847, 6.12386, 9.06641, 7.39163, 7.88118, 10.4754, 13.0954, 6.82575, 9.3782, 9.49419, 10.4661, 6.23252, 11.0745, 6.07544, 5.85806, 8.36307, 13.1368, 15.5944, 13.9351, 9.36205, 4.08739, 2.58908, 0.221037, 1.62558, 5.3495, 6.29612, 10.7458, 30.194)
(11.4115, 8.83953, 7.88696, 9.2375, 11.5821, 12.9694, 7.62069, 6.21739, 6.13591, 6.60431, 11.4947, 12.9093, 10.4232, 8.21085, 7.53272, 7.34796, 7.04264, 7.62471, 7.42062, 8.8372, 10.3571, 12.2937, 10.0396, 8.77533, 7.85805, 5.53135, 2.90244, 0.93808, 4.08745, 8.08577, 12.4245, 15.824, 23.5334)
(12.0734, 11.9588, 8.15883, 8.69497, 9.3568, 10.9412, 7.51617, 5.86225, 7.28206, 5.84504, 12.3105, 11.8693, 8.06899, 11.7765, 7.86497, 8.15211, 9.45809, 8.02913, 5.15134, 9.55419, 7.9561, 12.1193, 13.7643, 12.486, 12.8387, 5.85381, 4.01393, 0.332276, 3.00423, 6.95919, 10.7382, 9.06474, 20.9446)
(7.71454, 6.45329, 9.09948, 10.2321, 10.8133, 12.1213, 8.53109, 6.14661, 7.02707, 8.92075, 12.9404, 12.0557, 10.6849, 7.86874, 5.86387, 7.12142, 7.05814, 7.71197, 7.65749, 9.11617, 10.5936, 14.2681, 10.1631, 8.50271, 8.22221, 6.8402, 3.23413, 1.13978, 3.36723, 8.1128, 12.6628, 14.6319, 23.1232)
(6.44653, 5.74693, 10.7102, 12.5459, 16.5348, 17.0169, 8.13885, 5.51455, 3.63517, 5.91377, 7.7963, 10.4209, 11.084, 8.92976, 6.33046, 8.62463, 9.7755, 7.90309, 7.16669, 6.81819, 11.4924, 11.4544, 9.25343, 6.49615, 5.72774, 5.27861, 2.1987, 0.684325, 3.16484, 9.09626, 13.8594, 20.038, 24.2026)
(11.2359, 6.55108, 8.0488, 8.78743, 9.30416, 12.3191, 10.3532, 5.86124, 5.65155, 10.228, 11.6596, 10.6762, 9.95129, 9.64199, 7.29082, 6.63874, 6.88897, 8.94739, 8.37004, 8.90561, 10.0925, 12.5965, 14.265, 10.186, 11.5368, 8.07128, 4.6202, 0.448195, 3.70714, 7.65391, 11.0459, 12.3969, 16.0687)
(9.1055, 14.0742, 12.6684, 14.2101, 15.7676, 11.9169, 3.68522, 2.6743, 2.68995, 4.24744, 8.96032, 6.39062, 6.07483, 8.78305, 8.9146, 13.9768, 11.6817, 10.0123, 8.31265, 8.27633, 9.17646, 8.40062, 3.35621, 2.49385, 3.36719, 2.16042, 1.53556, 0.350287, 6.5307, 8.9213, 15.7585, 21.4686, 34.0574)
(14.2191, 8.34361, 6.67981, 6.36351, 10.4757, 13.582, 8.29835, 4.88706, 6.20615, 6.8274, 14.1173, 13.8171, 9.80919, 8.22368, 7.25193, 7.17157, 6.89841, 6.69978, 6.69303, 8.75491, 12.1526, 12.5278, 13.293, 10.4637, 10.2264, 6.23651, 3.64745, 0.923059, 3.93753, 9.57074, 12.2573, 14.5718, 14.8725)
(9.68243, 9.61621, 10.809, 9.56508, 10.8317, 13.3872, 8.57058, 7.24115, 4.37481, 6.17705, 9.74477, 11.1255, 8.47097, 8.44453, 9.25163, 6.53764, 9.16634, 7.65655, 8.15024, 8.85998, 8.85992, 13.4767, 10.6976, 9.97472, 9.08411, 5.9723, 3.72392, 0.628104, 3.87187, 7.93412, 11.1241, 14.413, 22.5762)
(7.13097, 11.8271, 12.1384, 11.8565, 12.8038, 11.4655, 6.22696, 4.6361, 4.33049, 9.1824, 8.40167, 7.33962, 8.6361, 10.0248, 8.28356, 12.0247, 11.4332, 11.2203, 8.83069, 6.83261, 7.21109, 8.16327, 5.17742, 3.56121, 7.79724, 4.15011, 1.50502, 0.467918, 3.73036, 6.99989, 13.128, 18.7925, 34.6903)
(14.7665, 8.01698, 7.03522, 7.34036, 12.7278, 12.0022, 6.40574, 5.51843, 5.5929, 5.75613, 14.8377, 15.5404, 7.35483, 8.3212, 7.86148, 8.33571, 6.56437, 6.80564, 7.61906, 9.03927, 9.83467, 12.7234, 21.5182, 10.6032, 7.85888, 3.99821, 2.89397, 0.62134, 3.01502, 8.83164, 12.0773, 13.7082, 14.8741)
(9.74212, 10.0462, 11.6965, 10.5813, 14.3231, 12.9599, 6.56988, 4.25065, 2.77321, 4.74515, 12.312, 12.1535, 10.2612, 8.10069, 9.61488, 7.18173, 7.54273, 7.34636, 8.06562, 8.05223, 10.9992, 10.6818, 6.97175, 4.8727, 6.4751, 4.70117, 3.28405, 0.642404, 3.84581, 8.84391, 12.9683, 19.0916, 28.3032)
(7.88768, 9.78098, 12.3857, 13.9947, 19.8205, 14.7625, 4.76941, 2.33065, 1.80421, 3.91976, 8.54395, 9.78003, 9.59629, 9.57765, 8.65796, 9.24452, 8.73403, 8.52525, 10.4111, 9.078, 9.04929, 7.34583, 3.71523, 3.57385, 3.53103, 3.39662, 2.67263, 0.722116, 3.38833, 9.39993, 16.5952, 24.8292, 28.1758)
(8.58725, 9.22453, 9.95961, 11.9027, 13.9802, 11.7565, 7.15897, 3.9552, 6.1801, 6.90463, 10.3903, 12.9789, 9.95543, 9.49797, 8.10875, 7.37003, 7.8261, 6.52219, 8.7183, 8.22008, 9.3662, 11.436, 7.01436, 7.41961, 6.6116, 4.20274, 2.83905, 0.676895, 3.28855, 8.37956, 13.1335, 20.0017, 26.4324)
(9.07557, 7.12272, 9.43691, 11.912, 13.1254, 13.9793, 7.44087, 4.64333, 4.77806, 6.89316, 11.5927, 12.243, 9.76947, 9.34424, 8.11681, 7.79635, 7.4823, 7.09342, 7.94033, 8.21078, 9.97396, 12.0293, 5.77813, 6.05228, 5.07111, 4.29304, 2.51298, 0.934186, 2.94855, 7.88571, 13.1367, 20.8956, 30.4918)
(8.86016, 7.53746, 8.19338, 9.09776, 12.4246, 12.5518, 8.11543, 5.51359, 6.8055, 7.78581, 13.1145, 12.0901, 10.7324, 8.20533, 8.65835, 7.5403, 8.62888, 6.34277, 6.78895, 6.71838, 10.0163, 14.2783, 6.99599, 8.36292, 7.04659, 5.08638, 3.32096, 0.734045, 3.99239, 7.35611, 13.0206, 19.0317, 25.0523)
(5.98363, 7.75241, 13.0752, 16.1825, 14.7334, 16.5094, 8.51711, 3.64787, 1.76049, 2.04166, 9.79636, 10.9735, 9.05503, 9.58332, 8.75746, 9.15008, 9.17813, 5.3101, 8.92423, 7.1231, 10.78, 11.1651, 4.14967, 5.79525, 4.62918, 5.32304, 3.11083, 1.07161, 4.34015, 9.89158, 15.2662, 21.8833, 24.5392)
(10.2717, 10.6392, 12.1577, 11.9124, 11.5214, 7.72137, 5.50472, 7.51465, 6.37356, 6.39916, 9.9841, 7.66142, 10.3652, 8.02615, 7.39786, 7.33492, 9.44967, 8.82017, 7.04751, 9.80087, 12.2166, 11.8796, 10.152, 13.6023, 7.98327, 3.74334, 2.11728, 1.63088, 1.8839, 8.11865, 10.711, 17.297, 22.7603)
(12.3288, 12.0378, 9.2901, 8.48609, 6.56069, 12.1546, 6.60132, 5.73164, 5.71871, 10.1392, 10.9511, 13.3751, 9.07615, 9.74881, 6.99289, 8.55212, 6.89828, 6.47028, 7.62323, 6.28384, 9.63372, 15.3455, 10.6106, 9.34156, 8.22445, 8.98333, 2.60968, 0.136307, 4.28842, 5.50837, 12.6282, 9.61544, 28.0536)
(12.4418, 10.1427, 11.3483, 10.5834, 8.57099, 8.73998, 6.36103, 5.80029, 5.98859, 8.06315, 11.9598, 11.0749, 9.80035, 9.2901, 7.6819, 8.4612, 7.50691, 8.77132, 7.38612, 8.21065, 9.5893, 12.2273, 14.5868, 12.1497, 9.66269, 6.57806, 2.82486, 0.839038, 2.44321, 5.94646, 10.8049, 14.2392, 19.925)
(13.2517, 9.15934, 8.49228, 9.50177, 10.7943, 11.466, 6.79128, 5.11512, 5.03744, 6.30009, 14.0906, 13.5011, 9.18334, 7.40437, 7.34828, 6.86095, 7.22484, 5.65441, 8.83858, 10.018, 10.5278, 13.4383, 11.2945, 8.98589, 9.66803, 5.63424, 3.14771, 0.946709, 3.52701, 6.77939, 11.068, 15.2052, 23.7432)
(8.62758, 8.90252, 6.74417, 8.32346, 10.5082, 13.132, 9.58308, 5.65172, 6.84204, 7.76299, 13.9222, 11.6395, 7.6414, 8.7154, 5.06027, 7.10473, 6.61109, 8.00328, 10.7826, 9.89182, 11.2124, 13.3376, 8.02894, 10.182, 9.21137, 10.376, 2.6342, 0.2435, 3.48569, 8.97929, 9.77889, 17.943, 19.1372)
(10.393, 6.54689, 7.82228, 10.0954, 13.0143, 13.9178, 6.79865, 6.43121, 8.22729, 8.94595, 7.80723, 15.0647, 11.1202, 8.68006, 5.91838, 5.23332, 6.21501, 8.0483, 7.82257, 8.48056, 9.41274, 14.0042, 9.66271, 10.8054, 8.35916, 5.15938, 3.8131, 0.699592, 1.46034, 6.73751, 13.9828, 17.4735, 21.8465)
(18.8776, 9.47738, 12.5953, 6.34699, 9.47386, 10.5247, 5.28689, 6.31872, 3.196, 5.29139, 12.6111, 13.6623, 9.4719, 7.39751, 5.29534, 7.3737, 12.5728, 7.37074, 11.5232, 4.2751, 8.43663, 12.6208, 18.8849, 9.50904, 14.678, 6.31931, 6.28075, 0.00931055, 3.156, 3.20593, 3.24442, 13.675, 21.0373)
(10.1599, 8.62303, 8.38497, 9.81488, 11.5081, 12.8762, 7.79126, 5.70686, 6.11708, 7.33661, 11.6812, 12.6537, 9.76617, 9.08299, 7.66236, 7.02282, 6.67715, 7.11201, 7.80831, 9.30487, 10.5367, 12.3729, 9.79943, 8.77498, 7.27889, 5.97874, 2.80758, 0.728709, 2.97817, 7.50944, 13.547, 17.6431, 22.9539)
(9.98394, 9.43872, 8.24322, 9.24042, 10.3113, 13.5091, 8.35413, 6.51617, 6.12581, 7.28659, 10.9906, 12.3775, 9.24053, 8.61429, 6.34938, 6.90013, 8.07394, 7.26276, 8.44279, 9.7574, 10.895, 12.0863, 9.27448, 8.90503, 9.11905, 6.67183, 2.99877, 0.823186, 3.14656, 6.69973, 12.565, 17.7131, 22.0833)
(12.4409, 10.0449, 9.2844, 11.7176, 12.8055, 13.6955, 6.41566, 3.05994, 7.55082, 6.12525, 6.85944, 10.0692, 8.85025, 5.39992, 6.26673, 11.1912, 9.04828, 8.09823, 11.5319, 9.68542, 7.99011, 11.8687, 12.0832, 10.1835, 6.82027, 4.13054, 2.02615, 0.247295, 1.77508, 4.83706, 14.6058, 16.651, 26.6401)
(15.3298, 13.385, 14.7556, 10.7637, 10.2984, 8.09127, 4.4803, 3.90095, 3.55405, 5.99842, 9.44245, 12.1628, 12.2753, 10.4014, 7.70455, 8.40727, 7.74787, 6.70647, 5.83433, 9.53511, 10.6056, 8.61919, 20.4673, 13.1547, 10.394, 5.57792, 2.85884, 0.277074, 1.34226, 3.65521, 7.14559, 14.7116, 20.4155)
(14.5937, 8.03894, 8.09034, 6.76193, 7.01241, 12.1969, 9.52107, 10.013, 5.9429, 7.85184, 9.977, 11.1509, 7.54536, 8.42906, 10.0581, 8.331, 8.44981, 6.45275, 7.15498, 9.00966, 10.2904, 13.128, 17.1166, 15.2576, 11.3369, 6.37232, 3.51255, 0.438143, 2.67102, 8.97651, 8.89776, 8.95881, 16.4619)
(8.9857, 10.2112, 12.0521, 11.5533, 12.9923, 12.0724, 5.99995, 4.63344, 3.61486, 6.70498, 11.1799, 9.36968, 9.59929, 9.69266, 8.51615, 9.94419, 9.15363, 9.3033, 8.13577, 7.10879, 8.29781, 10.8787, 6.43151, 6.09798, 5.77031, 4.33739, 2.28722, 0.635041, 5.38276, 8.8853, 13.7972, 19.5064, 26.8689)
(7.74296, 13.3496, 12.1209, 6.78084, 8.80368, 14.3437, 9.13894, 8.05542, 3.92859, 5.96167, 9.77368, 8.12637, 8.31254, 10.1077, 5.78221, 8.21773, 11.2427, 8.96215, 8.19379, 8.52882, 8.43556, 14.0904, 8.00536, 11.4699, 7.0133, 7.34791, 3.15755, 1.67078, 3.96663, 7.80308, 8.76773, 12.5608, 28.237)
(6.26163, 14.5208, 13.6417, 14.3998, 11.5241, 12.5154, 6.52152, 6.33874, 2.7146, 3.71078, 7.85093, 8.64675, 9.33735, 8.91215, 9.6173, 10.6183, 9.81432, 12.6113, 8.39469, 8.03651, 6.25702, 7.75422, 2.52131, 5.63582, 3.84469, 3.88939, 1.87104, 1.6288, 6.31238, 8.53345, 13.7647, 19.3607, 32.6378)
(7.59888, 12.5747, 11.1015, 11.6706, 12.9045, 11.2954, 9.10739, 5.96499, 4.5626, 4.43446, 8.78503, 10.6543, 8.06503, 8.33307, 9.78875, 8.26313, 8.25131, 8.748, 10.4894, 8.52497, 8.46959, 10.4125, 8.88859, 6.57957, 7.17827, 6.33744, 2.07214, 0.510899, 3.33851, 8.41224, 11.6295, 16.6736, 28.3792)
(9.79141, 8.2811, 9.89869, 13.3042, 14.7945, 13.7685, 7.13476, 4.18826, 3.07163, 4.96453, 10.8024, 13.6135, 10.8823, 8.35644, 8.43344, 6.95502, 7.98061, 7.33988, 8.53746, 8.52208, 9.31684, 10.0625, 9.75878, 7.72647, 6.8277, 4.12507, 3.28003, 0.516841, 3.55871, 8.0037, 12.7667, 18.8698, 24.5662)
(18.3967, 15.7168, 11.8335, 8.65057, 11.9744, 9.39744, 7.04389, 6.19586, 2.88443, 2.33684, 5.56947, 12.6261, 7.30147, 11.0398, 7.14094, 6.41204, 9.67624, 3.85603, 7.13237, 7.1565, 13.7398, 13.9187, 13.7852, 9.62281, 8.28636, 4.28979, 0.913945, 0.703036, 2.22208, 5.82872, 11.9947, 15.0507, 27.3026)
(7.01428, 7.15525, 7.69307, 15.7778, 21.8228, 13.7185, 8.63812, 3.11044, 4.90421, 4.93647, 5.22909, 8.22021, 7.82409, 8.08189, 8.23337, 8.31893, 13.2938, 9.06458, 9.35855, 8.18056, 7.10268, 12.3213, 5.24487, 2.08909, 2.12518, 4.53771, 1.67891, 0.442717, 5.56996, 12.947, 20.0038, 20.825, 24.5357)
(14.4958, 7.79763, 9.52878, 10.5567, 10.0473, 11.1425, 6.50977, 5.28376, 5.40232, 7.33198, 11.9034, 11.0503, 12.9148, 10.148, 7.65121, 8.0166, 7.68073, 5.61753, 7.35988, 8.16946, 10.4455, 10.946, 12.2771, 11.1429, 5.93646, 6.13359, 3.58747, 0.896679, 3.56639, 7.47315, 11.4142, 15.6225, 21.9495)
(12.4041, 11.5032, 10.011, 7.894, 10.6619, 11.2788, 6.60565, 6.64351, 6.36383, 7.21796, 9.41608, 14.2035, 7.55265, 7.11909, 6.6132, 7.14946, 7.35578, 7.90717, 7.97656, 10.1919, 11.2635, 12.6672, 10.3673, 7.38226, 6.38676, 6.94838, 1.76038, 0.772545, 4.50644, 7.88435, 12.1158, 19.6072, 22.2686)
(13.9717, 8.82028, 9.93764, 9.30275, 10.1714, 9.24269, 6.27409, 7.83105, 6.41148, 7.50868, 10.5282, 12.1561, 9.62113, 9.08514, 7.96707, 7.99316, 6.97153, 7.02486, 7.24956, 10.0445, 9.7814, 12.1055, 16.147, 11.7468, 9.16168, 7.42997, 3.7474, 0.927994, 3.00731, 7.07145, 9.3119, 12.0267, 19.4218)
(15.9462, 9.18476, 11.8912, 7.16487, 9.75372, 9.66291, 7.56298, 6.76467, 5.40834, 7.48173, 9.17865, 12.524, 9.974, 8.89307, 7.19365, 5.87972, 8.47605, 7.78664, 8.39456, 12.2434, 10.2359, 8.39902, 13.3569, 13.3571, 10.2189, 7.61395, 4.46358, 0.909782, 3.30993, 6.53638, 9.14862, 12.4713, 18.6136)
(9.01413, 6.84576, 10.8469, 12.7947, 11.7302, 13.2629, 7.8446, 5.23164, 5.26653, 7.84572, 9.31683, 11.7429, 9.79608, 9.42147, 7.51636, 7.80787, 7.14877, 7.41859, 7.65763, 8.18441, 10.0048, 13.3011, 13.8402, 8.21468, 6.35008, 4.90063, 2.74967, 0.866038, 3.39565, 6.77737, 12.9498, 16.8778, 23.078)
(10.4988, 9.5386, 7.97703, 8.7553, 10.3678, 13.2928, 8.99932, 5.36555, 7.06041, 6.73374, 11.4106, 14.1716, 9.65365, 8.03806, 7.0367, 6.58021, 6.24585, 6.49487, 6.724, 9.11509, 11.2039, 14.7361, 9.66367, 10.727, 8.80494, 5.97207, 3.02654, 0.632071, 3.69872, 8.5017, 12.5103, 16.3795, 20.0835)
(9.35211, 8.37181, 8.50683, 10.7582, 11.7649, 13.1968, 7.69844, 5.94819, 5.99148, 8.33991, 10.0714, 12.3902, 10.7431, 8.58196, 7.25112, 7.07009, 7.12039, 7.49168, 7.53116, 9.15302, 9.93436, 12.7329, 11.2456, 8.72527, 7.13298, 6.08481, 2.6293, 0.884173, 3.54252, 7.6497, 12.2582, 17.1579, 22.6895)
(6.43311, 7.95275, 6.07472, 14.64, 17.6011, 16.4048, 10.8418, 6.22864, 2.21569, 3.4301, 8.17722, 10.5772, 13.8583, 9.04844, 7.1863, 7.15457, 9.60551, 5.12631, 7.08249, 8.68076, 10.755, 10.9252, 5.34254, 11.4647, 5.82413, 6.14305, 2.00322, 1.04078, 3.75023, 8.95942, 16.1523, 18.4644, 20.8552)
(11.0048, 7.75966, 8.50147, 8.79164, 11.2353, 12.0757, 9.52912, 7.78704, 5.45669, 6.67347, 11.1852, 12.7977, 9.23739, 8.17432, 8.47972, 6.91556, 7.99545, 6.83805, 7.65425, 8.10114, 10.0421, 13.7643, 11.3134, 10.1122, 8.28691, 6.38331, 2.50391, 0.607667, 3.44083, 8.89287, 10.7158, 17.4602, 20.283)
(10.1789, 7.45427, 8.0812, 11.3383, 11.4778, 12.4575, 6.71698, 6.02212, 5.70415, 8.33372, 12.2349, 11.7276, 11.5819, 8.836, 7.0379, 6.86931, 7.11511, 8.06325, 8.73539, 8.46785, 9.41941, 12.1463, 10.4027, 8.0457, 7.54706, 5.26301, 2.41549, 0.898747, 3.14722, 8.38465, 13.9534, 17.9118, 22.0302)
(12.9196, 8.62015, 5.89085, 7.05908, 8.72251, 12.9529, 6.47511, 5.60583, 8.38285, 8.00262, 15.3685, 11.9551, 13.9325, 7.41419, 7.96711, 5.6871, 3.01589, 5.2098, 5.92445, 7.46911, 10.4043, 21.0204, 17.4597, 7.33662, 8.50784, 4.80573, 3.1414, 1.50678, 5.34088, 10.0916, 9.42796, 14.3118, 18.0697)
(6.83192, 10.5048, 11.7703, 12.0379, 13.1966, 13.5132, 6.04944, 4.58757, 2.96377, 6.91369, 11.6309, 11.1168, 10.8379, 9.58099, 9.36282, 7.82716, 7.59439, 7.22001, 7.88792, 8.3085, 9.64563, 10.6179, 4.88078, 4.26675, 5.52981, 4.21728, 2.50158, 1.11797, 4.84659, 10.0355, 15.2719, 20.9223, 26.4095)
(9.46482, 9.62709, 7.83727, 5.13683, 18.6557, 17.7048, 11.2839, 4.82625, 2.00496, 3.88674, 9.5716, 19.489, 5.93228, 7.6826, 7.70539, 6.74933, 7.66227, 6.76527, 10.4286, 6.73767, 8.57649, 12.2711, 5.79575, 3.95286, 7.58819, 11.1218, 2.8398, 0.0417355, 5.62873, 10.345, 15.023, 18.081, 19.5821)
(11.6746, 10.3152, 10.2553, 9.88437, 12.48, 11.2393, 6.57732, 5.02982, 3.471, 4.72687, 14.3462, 10.6584, 9.37516, 9.74454, 7.07619, 7.67621, 7.431, 7.56707, 8.2582, 9.54432, 10.3116, 12.3573, 8.71487, 5.98329, 5.94896, 4.82614, 3.16562, 1.19139, 3.22215, 7.75466, 11.2028, 18.7136, 29.2766)
(9.66549, 6.52975, 9.09363, 13.5813, 17.3191, 16.7842, 6.21707, 2.36872, 2.51911, 4.94874, 10.9729, 10.4569, 11.9548, 10.6403, 8.84773, 7.2608, 6.50398, 6.33515, 8.47142, 6.73995, 11.1775, 11.6115, 3.64276, 3.51119, 4.83342, 5.40592, 2.43882, 0.617491, 3.25812, 9.47549, 16.9978, 24.3414, 25.4775)
(6.58457, 8.42451, 9.97954, 14.5138, 16.8908, 16.9889, 6.86634, 2.95801, 3.34377, 4.3009, 9.14892, 9.96868, 10.7469, 9.76834, 9.68279, 8.99052, 8.33704, 7.21949, 10.2272, 7.23489, 10.5707, 7.25355, 5.02738, 4.71809, 4.55339, 5.13852, 2.30863, 0.647493, 3.59549, 9.43623, 15.4959, 22.2696, 26.8093)
(10.0121, 10.9788, 11.1, 11.1799, 12.1787, 12.2801, 8.561, 4.04426, 4.20394, 4.19708, 11.2641, 10.5223, 8.60056, 9.91866, 8.31808, 7.7368, 7.88147, 10.4832, 7.5095, 7.63765, 8.38818, 13.0036, 7.17348, 6.92239, 6.10378, 5.13765, 3.75975, 0.898978, 2.73598, 7.45045, 12.3488, 18.9701, 28.4986)
(8.19481, 7.69324, 11.6963, 13.1829, 16.3695, 13.3048, 7.40155, 3.03271, 2.8206, 3.86888, 12.4347, 11.177, 9.00561, 8.41157, 8.24622, 9.17335, 7.76037, 7.89062, 8.87655, 7.67219, 10.2892, 11.4973, 3.88869, 3.44904, 3.67172, 4.55346, 2.4791, 0.674242, 4.46059, 10.3082, 15.9858, 23.9952, 26.534)
(9.55469, 8.27382, 8.45326, 11.2962, 10.7033, 14.4918, 9.6635, 6.4192, 4.93462, 6.13724, 10.0724, 12.6583, 11.9861, 8.28041, 8.72806, 7.94679, 7.51842, 6.81298, 7.13528, 8.77881, 8.77146, 11.3834, 10.2549, 9.054, 8.78636, 6.42858, 3.40616, 0.680503, 3.75548, 6.3364, 12.3713, 15.5887, 23.3375)
(12.9431, 14.8427, 7.72976, 6.46558, 5.48684, 8.89884, 8.44164, 8.56954, 7.95685, 8.28341, 10.3817, 13.4561, 12.0679, 7.5379, 6.22815, 7.36577, 7.90643, 7.2554, 3.56189, 9.05195, 10.9065, 14.662, 13.2857, 12.2725, 8.23962, 6.88234, 1.59967, 0.163804, 2.79726, 5.11631, 11.5289, 15.1032, 23.0107)
(6.56026, 8.22624, 12.9975, 13.6036, 14.3087, 14.6086, 8.69808, 5.33999, 4.08792, 4.70286, 6.86634, 11.7008, 8.83939, 8.87529, 7.9239, 8.34704, 8.37106, 9.04709, 9.4655, 7.27783, 7.53503, 12.6171, 8.70388, 7.73016, 6.65387, 4.48987, 2.4303, 1.53907, 4.5933, 8.2896, 13.5861, 19.5051, 22.4787)
(11.6825, 8.17455, 9.01777, 9.38831, 10.1026, 12.5395, 7.18505, 7.33278, 6.88126, 7.23301, 10.4627, 12.6868, 9.5677, 9.48228, 8.14037, 7.0364, 7.50559, 6.96432, 7.29415, 10.1434, 9.18465, 11.9943, 12.8427, 10.8404, 7.84188, 6.86002, 3.70696, 1.06416, 4.08028, 6.6454, 11.3812, 15.0825, 19.6545)
(6.91769, 7.58213, 7.79185, 12.7481, 14.5361, 16.3715, 6.30086, 5.23564, 4.78298, 7.78051, 9.95271, 10.882, 11.845, 9.46597, 7.98817, 6.70921, 7.44129, 8.69016, 8.33243, 8.09848, 9.59545, 10.9518, 8.86789, 6.80241, 5.55267, 4.91412, 2.7386, 0.856955, 3.74132, 9.71558, 15.3328, 20.1078, 21.3698)
(9.09128, 11.1328, 11.8566, 11.1123, 12.5357, 9.99652, 7.96475, 5.88001, 3.64851, 5.59943, 11.1821, 11.1008, 10.0047, 8.9486, 8.69694, 7.49129, 8.37111, 7.97595, 9.3698, 8.62072, 9.12461, 10.2954, 7.22649, 5.78075, 5.76739, 5.7709, 2.72919, 0.736832, 4.37702, 7.19146, 11.6149, 18.641, 30.164)
(10.2495, 12.7211, 10.6355, 8.84431, 11.422, 10.8358, 8.12242, 4.70815, 2.39288, 5.32698, 14.7414, 9.5208, 9.7377, 10.9245, 9.47558, 7.95913, 6.12992, 7.37894, 8.1372, 8.27469, 9.66451, 12.797, 6.48586, 5.10621, 6.86588, 5.31085, 3.18529, 1.24234, 4.03869, 5.70585, 12.7755, 17.5145, 31.7691)
(8.88473, 10.1191, 13.4648, 14.8511, 17.5118, 11.9141, 6.73922, 2.93609, 2.05527, 2.27843, 9.24547, 9.5624, 7.061, 8.68369, 7.63217, 10.1232, 9.50568, 9.63821, 9.8772, 7.59907, 10.333, 9.98436, 2.5674, 3.61293, 3.67199, 3.45082, 2.25162, 0.664074, 3.28003, 7.74873, 15.8958, 24.8073, 32.0493)
(7.07035, 6.63741, 8.19327, 12.5901, 15.1602, 15.3301, 7.41038, 5.4931, 4.3492, 7.83833, 9.92759, 11.6137, 10.0326, 9.70364, 8.84784, 7.52967, 8.45806, 6.6324, 6.80002, 8.96925, 10.1663, 11.2465, 5.5092, 5.82348, 4.26491, 4.15148, 1.75875, 0.79605, 4.10081, 6.91245, 14.6448, 20.2482, 31.7899)
(9.10534, 9.48863, 8.98757, 11.3709, 8.81164, 11.6975, 6.87118, 5.0284, 5.76491, 8.12751, 14.7464, 11.0198, 10.0915, 8.83208, 10.0884, 6.00823, 6.41516, 8.3579, 7.05303, 7.9258, 10.7436, 13.4645, 7.12554, 8.13565, 6.11586, 4.72347, 3.9239, 1.42388, 4.55544, 6.36184, 10.876, 18.1998, 28.5586)
(8.69484, 8.07921, 10.8821, 10.5699, 10.9538, 12.5301, 6.83252, 5.27593, 6.28125, 6.77638, 13.124, 12.5568, 10.2356, 9.10482, 8.72796, 6.1354, 5.87803, 7.25496, 7.54477, 8.40467, 10.5616, 13.5953, 8.18487, 7.86657, 6.43958, 5.18746, 2.79433, 0.758552, 3.73162, 7.00763, 12.5682, 18.6431, 26.8181)
(9.38402, 8.23563, 11.184, 10.4437, 10.2667, 11.9226, 7.57994, 5.47002, 5.83721, 8.02624, 11.6499, 11.5475, 9.90259, 8.68232, 7.73097, 8.39135, 7.14535, 7.37041, 7.52778, 9.01319, 9.60239, 13.0862, 6.27032, 9.09577, 7.54849, 5.82659, 3.16702, 0.990134, 4.09963, 6.91423, 12.2475, 17.2346, 26.6057)
(9.66855, 7.14451, 7.12888, 11.3432, 11.1113, 14.5884, 9.00519, 6.40916, 4.53321, 9.56252, 9.50509, 13.8188, 8.1865, 8.651, 8.20068, 5.80383, 6.94526, 8.18568, 9.01647, 8.09228, 10.9656, 12.1339, 10.0136, 7.46911, 9.42697, 7.36539, 3.6087, 1.09691, 4.89048, 7.5288, 13.3066, 14.6597, 20.6337)
(7.76934, 6.82652, 11.7691, 12.5015, 14.2515, 14.8217, 9.21463, 5.02143, 3.82555, 5.15674, 8.84208, 12.3077, 9.29407, 7.64344, 8.83783, 8.3226, 8.42635, 9.25229, 8.13716, 7.93186, 8.83394, 11.0128, 9.76321, 6.90825, 6.38216, 6.19734, 3.56577, 1.29223, 3.44918, 9.00564, 12.9989, 18.6922, 21.7451)
(10.6182, 7.4164, 8.78253, 9.31749, 8.86776, 8.36581, 7.71807, 7.11147, 5.86394, 13.2592, 12.6792, 13.3217, 8.70363, 6.23031, 7.01922, 8.68346, 9.80849, 6.60866, 5.52196, 11.1678, 9.69273, 13.2421, 12.3149, 7.79999, 7.73772, 5.80226, 2.36618, 0.349719, 4.35362, 9.12916, 11.5341, 14.8609, 23.7516)
(10.8619, 8.17002, 10.0564, 10.2164, 11.407, 13.1071, 7.92496, 5.19949, 5.67002, 7.67391, 9.71275, 13.617, 9.60874, 8.71935, 7.37963, 7.12933, 6.74368, 7.27657, 7.73096, 7.30034, 10.6313, 13.8631, 12.0243, 10.8393, 8.07295, 6.17261, 3.3977, 0.812524, 3.85796, 7.68751, 11.9196, 14.159, 21.0566)
(10.0043, 9.90691, 8.882, 10.0761, 11.0623, 13.0952, 7.93346, 5.8818, 6.53709, 6.36204, 10.2588, 12.534, 10.5503, 9.33428, 7.2346, 7.29347, 6.40094, 6.68603, 7.3959, 7.97404, 10.3232, 14.2733, 9.62475, 9.02832, 8.62421, 5.96228, 3.3717, 0.782652, 3.823, 6.79479, 11.579, 16.178, 24.2314)
(9.50324, 7.01837, 10.5595, 8.19302, 11.5481, 15.3935, 9.77281, 6.72908, 5.00048, 5.97295, 10.3089, 14.2811, 9.59841, 7.71855, 7.91641, 6.77354, 7.27059, 5.12862, 7.11578, 10.9578, 11.1945, 12.0447, 6.17497, 8.09505, 6.925, 6.66573, 5.30528, 0.69842, 3.07624, 7.33844, 14.0103, 18.7072, 23.0035)
(13.0609, 7.12167, 8.62218, 9.42652, 9.14308, 11.035, 6.73253, 7.57833, 7.14737, 9.10528, 11.0272, 11.4194, 11.1755, 7.96316, 7.21561, 6.32491, 7.33994, 8.03023, 8.40596, 9.9248, 7.92213, 14.2784, 15.1583, 10.3359, 10.5371, 7.37458, 2.01685, 0.424721, 4.07977, 5.92657, 12.6314, 12.5319, 18.983)
(9.16067, 8.43435, 8.53686, 10.7512, 11.1568, 15.159, 6.57154, 4.98318, 7.06689, 9.41171, 8.76784, 11.0734, 11.5533, 9.32288, 7.50252, 6.8741, 8.06112, 6.86502, 8.51947, 9.26118, 9.51898, 11.448, 11.2819, 9.9988, 6.75585, 5.13261, 2.48837, 1.38124, 4.30132, 6.80436, 12.0673, 18.7565, 21.0318)
(7.76486, 6.8002, 10.0181, 13.4447, 14.8641, 13.6459, 5.80732, 3.93268, 5.83735, 7.1861, 10.6988, 9.41433, 10.0146, 9.57037, 8.20993, 9.30271, 9.50342, 8.35201, 8.98953, 8.20606, 9.11685, 9.32024, 9.01358, 5.37961, 4.97398, 4.5588, 2.16468, 0.631829, 3.93799, 8.00783, 14.9086, 21.9888, 24.4343)
(11.012, 11.7581, 14.0588, 13.6703, 7.43511, 6.02757, 5.74722, 5.36458, 6.4873, 6.35766, 12.0814, 9.3496, 9.63177, 8.24721, 7.54812, 6.05051, 7.57059, 9.35753, 13.0391, 12.7251, 6.95695, 9.52347, 7.10045, 8.21493, 7.65371, 6.44577, 2.05505, 0.183107, 3.71408, 4.86498, 12.4616, 18.5477, 28.7586)
(9.86374, 12.2055, 11.2057, 11.7882, 10.2401, 12.0726, 9.61346, 5.26348, 4.13006, 5.47943, 8.13775, 13.5094, 7.59197, 8.9682, 7.98889, 7.82027, 8.41568, 5.65965, 8.66581, 9.24545, 9.35124, 12.7835, 8.8914, 8.73663, 8.60781, 6.97929, 2.44638, 1.02276, 3.43446, 7.85063, 10.7133, 16.5226, 24.7947)
(7.09351, 7.00146, 9.02766, 13.5041, 14.8867, 14.7225, 6.04911, 5.50072, 5.07463, 6.64102, 10.4986, 10.8195, 10.3902, 8.91369, 7.76788, 7.72356, 7.78986, 8.82557, 8.49218, 8.59372, 9.75751, 10.9263, 8.18666, 7.31564, 4.53674, 3.21304, 2.03355, 0.667021, 3.56378, 7.81143, 15.3153, 22.2095, 25.1473)
(8.34138, 9.42873, 14.5879, 19.1528, 16.7222, 9.4814, 3.80888, 4.53694, 2.65646, 3.43352, 7.84988, 7.04786, 9.6396, 8.53122, 9.64059, 10.0458, 9.25941, 10.0786, 11.2115, 8.14691, 7.75536, 8.64315, 2.51333, 3.17348, 4.34773, 3.80106, 1.8419, 0.567084, 3.76205, 7.90592, 17.6508, 25.2931, 29.1436)
(10.0493, 19.0426, 13.0153, 10.3571, 7.91615, 9.52289, 7.08116, 5.61659, 4.86935, 2.62061, 9.90882, 10.822, 10.368, 9.76609, 6.07671, 7.26211, 7.90498, 12.4693, 10.3125, 6.78618, 5.72647, 12.5057, 9.86852, 8.92019, 4.55487, 6.74557, 2.186, 0.726751, 4.14577, 8.98587, 10.2802, 16.0923, 27.4939)
(4.52466, 5.15325, 11.006, 21.2168, 18.7574, 16.0266, 3.73926, 3.15775, 4.58725, 5.4801, 6.35105, 9.05669, 8.93962, 11.3789, 7.63517, 8.80603, 11.0124, 10.4303, 7.9913, 9.33483, 7.08246, 8.33229, 3.3754, 2.86065, 2.03599, 2.41662, 1.5529, 0.440173, 4.91221, 9.74231, 21.4802, 25.8032, 25.3803)
(9.68879, 12.5156, 9.84105, 12.5661, 11.8352, 9.71012, 7.18123, 4.90246, 4.43745, 5.08745, 12.2345, 13.555, 8.67325, 8.57124, 7.40411, 7.20947, 8.44637, 7.62627, 9.50124, 8.92049, 10.3268, 9.76577, 8.48956, 5.92733, 5.29349, 4.37235, 3.34753, 0.908115, 3.39687, 7.73455, 12.4418, 20.4144, 27.674)
(12.6763, 11.7279, 10.0748, 11.5111, 12.0668, 11.0635, 5.94933, 4.70318, 3.37347, 5.63985, 11.2138, 11.929, 8.84256, 9.4281, 8.33965, 7.31098, 7.84166, 7.28463, 8.44662, 8.7061, 10.1701, 11.7007, 9.84952, 6.19063, 5.91105, 4.11415, 2.8603, 0.836776, 4.04302, 7.57209, 13.2897, 18.0015, 27.3313)
(7.7581, 15.2041, 11.5409, 18.0847, 13.5925, 7.49478, 11.0119, 4.44197, 1.63, 2.7536, 6.48744, 6.6118, 8.48957, 8.00671, 11.5298, 11.0081, 13.5279, 10.296, 8.22252, 5.83849, 8.40067, 8.06849, 4.46517, 2.08824, 8.30969, 4.41624, 3.55509, 0.227132, 3.30227, 5.52095, 14.1248, 22.2711, 31.7193)
(11.4568, 10.8031, 9.3764, 12.2383, 12.4012, 11.8211, 6.37222, 3.91953, 2.93838, 5.0132, 13.6598, 12.0763, 9.03084, 9.05647, 7.5454, 9.42549, 7.86614, 7.45239, 8.22695, 7.63202, 9.99809, 11.6899, 6.0719, 4.45366, 5.16387, 3.93474, 2.76986, 0.920328, 4.52549, 6.8429, 13.5859, 20.5461, 31.1853)
(9.79887, 8.18464, 11.8449, 14.834, 17.2824, 14.2268, 5.69377, 2.72398, 2.11728, 4.33547, 8.95788, 8.66217, 8.9061, 10.702, 9.16652, 9.75271, 10.3791, 8.80683, 7.7206, 7.12432, 9.05128, 9.72843, 5.61725, 4.42432, 4.21794, 4.43366, 2.93618, 0.596701, 4.24785, 9.48599, 14.3222, 21.9975, 27.7204)
(5.47585, 6.47544, 12.9384, 16.0182, 16.1496, 12.5975, 8.38002, 5.24805, 3.08605, 3.87216, 9.75862, 10.5335, 9.29948, 7.44144, 9.25863, 9.07208, 8.75096, 8.20398, 9.54653, 8.74014, 8.89389, 10.2594, 6.45135, 4.45182, 2.82137, 2.62645, 1.62769, 0.854456, 3.22433, 7.04755, 12.2019, 24.6715, 34.0216)
(2.2963, 10.5603, 16.0809, 18.4361, 22.5099, 8.6596, 6.56299, 1.46071, 1.27611, 5.06395, 7.09316, 8.9078, 8.77355, 8.86171, 7.02149, 12.7626, 8.98197, 8.96746, 7.13191, 12.3776, 7.13548, 9.07848, 0.573087, 1.44229, 2.39822, 2.44044, 3.1257, 0.13125, 3.37729, 11.6472, 19.3444, 22.7561, 32.7641)
(7.36675, 7.15599, 11.6228, 17.622, 13.0583, 11.1467, 8.03687, 5.89765, 5.14996, 6.1235, 6.81941, 7.4726, 9.28018, 10.8076, 9.69454, 7.17465, 8.86729, 11.2668, 8.78191, 8.23093, 7.15151, 11.272, 7.38975, 7.01714, 6.72632, 4.47762, 2.22007, 0.448034, 1.92882, 5.70496, 12.9554, 22.9694, 28.1625)
(7.71134, 8.12657, 9.82287, 11.8917, 13.1725, 13.3023, 9.72822, 5.04541, 7.28035, 5.53602, 8.3827, 12.4973, 8.48742, 6.926, 7.27159, 6.1137, 5.93313, 9.15201, 9.80102, 7.56692, 12.823, 13.4279, 7.05122, 8.67072, 6.54208, 7.40825, 3.89709, 0.439698, 2.82824, 8.06578, 13.2858, 18.3024, 23.5087)
(11.006, 8.8386, 11.479, 13.8218, 12.3747, 10.3071, 5.4407, 4.89429, 4.9088, 5.53607, 11.3929, 9.47833, 9.81744, 8.85184, 9.63112, 7.35911, 7.44596, 9.61771, 8.74973, 9.23692, 8.53295, 11.2789, 7.26865, 5.82501, 5.10593, 4.32747, 1.94685, 0.437329, 2.73466, 6.05712, 12.1184, 19.1034, 35.0751)
(12.7488, 8.12277, 8.91657, 9.66219, 9.8173, 10.5497, 8.12781, 8.33418, 7.26244, 6.04721, 10.411, 12.3687, 10.2279, 9.72757, 7.80965, 7.53872, 7.44884, 6.99596, 6.95135, 8.93281, 8.59356, 13.4049, 10.8568, 11.232, 10.7121, 6.09895, 3.70832, 0.828564, 3.78103, 6.72171, 9.40478, 14.7695, 21.8863)
(7.75946, 7.54626, 7.86337, 11.6592, 12.7327, 15.9129, 8.76644, 5.88573, 5.57078, 7.16375, 9.13936, 12.7308, 11.0491, 7.73474, 6.90979, 6.57552, 7.57661, 7.88411, 7.90153, 8.21006, 9.76379, 13.664, 10.3668, 9.69604, 8.96633, 6.84664, 2.5603, 0.648881, 3.91295, 7.19874, 13.004, 15.6829, 21.1164)
(6.98785, 5.90411, 8.53901, 12.1077, 16.4516, 18.2694, 10.2241, 4.74047, 4.71644, 4.49501, 7.56436, 11.8452, 10.1115, 7.62455, 6.80225, 7.47635, 12.3153, 8.41367, 8.45912, 7.42191, 9.11627, 10.4138, 9.82095, 9.73885, 7.33945, 5.92129, 4.21274, 0.927036, 4.46982, 8.1867, 11.7952, 16.5491, 21.0388)
(8.89871, 9.03053, 10.0845, 8.70534, 12.1042, 14.9762, 6.45928, 5.28778, 7.22482, 7.23299, 9.9956, 16.2146, 7.68476, 7.16247, 7.46068, 7.22984, 4.23829, 4.21509, 7.48388, 10.6257, 13.0885, 14.5961, 11.3381, 7.96055, 8.84101, 4.05055, 3.93493, 0.250304, 2.68613, 7.90068, 11.0839, 18.2503, 23.7035)
(11.5347, 8.84035, 8.08649, 9.02415, 10.8263, 12.1944, 7.56217, 6.24471, 6.42078, 7.76781, 11.4982, 13.9269, 10.2495, 8.16803, 7.47163, 6.59177, 6.39387, 6.9005, 7.52497, 8.24029, 10.493, 14.0395, 11.4069, 9.84746, 8.34933, 5.53748, 3.2255, 1.01435, 2.93662, 6.92702, 12.0424, 16.0894, 22.6235)
(10.4623, 8.01368, 6.95632, 10.5357, 12.0895, 13.626, 8.41464, 6.30056, 6.81754, 6.70829, 10.0755, 14.3886, 10.5142, 6.76467, 6.90818, 5.60119, 7.01176, 6.20828, 8.57842, 9.30963, 11.7504, 12.9646, 13.6324, 10.219, 7.72507, 6.16431, 3.26525, 0.625004, 2.45773, 6.11436, 11.8584, 15.0587, 22.8798)
(9.71245, 10.6672, 12.293, 14.204, 13.9393, 8.98706, 5.69235, 4.50589, 4.546, 5.58753, 9.86526, 9.34253, 7.84434, 7.87658, 8.40928, 7.5906, 9.35487, 8.935, 11.4935, 9.91796, 9.92315, 9.3122, 7.12458, 6.51801, 5.54199, 4.31154, 2.31493, 0.629126, 3.76769, 7.4066, 13.3877, 20.706, 28.2919)
(12.6181, 11.6871, 13.1629, 14.967, 8.75279, 8.30687, 4.96703, 7.42415, 3.71143, 4.42603, 9.9766, 10.6301, 9.15303, 7.7846, 9.61793, 8.01441, 8.56232, 8.38901, 11.4498, 6.82132, 8.60537, 10.972, 9.27616, 8.71435, 7.63737, 6.22114, 1.47004, 0.770317, 3.02268, 4.52658, 11.0802, 16.9378, 30.3434)
(9.52049, 8.58914, 12.4268, 16.2987, 15.2652, 12.7924, 4.61448, 4.82268, 4.01151, 3.54169, 8.11688, 9.79541, 7.03465, 8.42181, 9.02574, 9.839, 10.6997, 10.5074, 9.7688, 7.70819, 7.86131, 9.33799, 5.49447, 6.05118, 4.45797, 4.18969, 2.3499, 0.806553, 3.80582, 9.23258, 15.4274, 20.2401, 27.9444)
(8.54794, 7.60125, 10.1738, 14.0932, 16.8536, 17.3879, 4.41931, 3.75111, 3.06186, 4.26229, 9.84774, 10.0642, 7.45976, 9.80696, 7.96868, 7.68901, 8.56453, 9.87165, 8.03756, 10.6107, 10.3389, 9.58803, 5.44445, 4.81424, 3.26406, 3.81417, 3.01711, 1.14948, 4.10839, 10.4535, 13.2218, 20.248, 30.4648)
(9.45755, 10.5391, 10.8202, 14.2978, 13.5628, 12.4605, 5.33152, 5.17073, 4.16698, 4.44513, 9.74769, 10.6188, 10.1999, 10.307, 7.72247, 7.49896, 8.10296, 7.89572, 7.58548, 8.61676, 11.24, 10.2121, 6.87053, 5.30911, 5.83551, 3.73303, 2.09746, 0.842594, 3.15243, 7.27223, 14.497, 21.8621, 28.528)
(4.74586, 2.75985, 14.3555, 23.4852, 24.4401, 13.9846, 3.60011, 2.40098, 2.5407, 4.74692, 2.94023, 7.09099, 9.21733, 8.21268, 9.13307, 10.1714, 14.3453, 14.3725, 8.20771, 8.02147, 6.16135, 5.06617, 0.739954, 2.60831, 0.357287, 2.31217, 0.198528, 1.0888, 0.47313, 16.2972, 21.3284, 34.1529, 20.4433)
(9.1164, 7.3205, 11.1046, 15.1693, 17.1609, 15.4905, 6.5386, 3.05615, 2.49349, 3.57526, 8.97437, 10.337, 7.4474, 12.0887, 7.77624, 9.48588, 10.087, 8.41837, 8.5682, 8.10939, 9.31376, 8.368, 5.26321, 5.12315, 3.93722, 3.98643, 2.78836, 0.744639, 3.16367, 8.68171, 13.8386, 20.8444, 31.6286)
(8.76058, 9.29405, 12.991, 19.1754, 18.2725, 8.71902, 6.16791, 3.63518, 3.01243, 2.89646, 7.0755, 7.78097, 6.34222, 10.3108, 9.62435, 9.92775, 11.977, 7.88588, 10.9619, 8.47853, 7.87299, 8.83769, 2.80315, 3.09818, 4.26531, 4.02151, 1.77367, 0.355559, 3.48866, 8.18245, 15.5074, 26.1512, 30.3528)
(8.25325, 8.65084, 11.229, 14.3947, 16.9932, 14.7366, 6.545, 3.86796, 2.78279, 3.56907, 8.97754, 9.39596, 7.81107, 10.1239, 8.3689, 8.6983, 8.76128, 7.54586, 8.03172, 8.65442, 10.9291, 11.6795, 4.56399, 4.3137, 4.2595, 2.74731, 2.07232, 0.969638, 3.78854, 8.474, 14.7878, 23.0955, 30.9277)
(8.6661, 6.94865, 10.8692, 18.1961, 19.8682, 14.3976, 5.87441, 2.64617, 2.2995, 2.62595, 7.60811, 7.17497, 8.28018, 9.87897, 9.12642, 11.2218, 11.2051, 10.1123, 8.64935, 8.92509, 8.31995, 7.10585, 5.25009, 4.51365, 3.32753, 3.71406, 2.76196, 0.499626, 3.33866, 8.39732, 15.7905, 22.7118, 29.6948)
(7.23065, 8.94572, 13.3021, 18.4967, 20.4552, 13.0607, 5.48788, 2.62338, 1.85717, 2.4386, 6.10188, 7.66454, 8.35855, 9.72001, 8.39067, 9.75261, 10.3744, 9.19585, 9.36309, 8.67323, 9.03729, 9.46979, 2.69228, 2.64522, 2.97652, 2.80922, 1.88182, 0.593704, 4.70392, 8.10237, 17.6348, 24.921, 31.0391)
(6.81657, 6.75532, 13.2006, 19.1318, 21.2213, 14.0212, 4.78467, 2.9142, 1.39827, 2.29249, 7.46367, 6.96829, 9.06137, 8.63659, 9.06869, 10.9064, 9.88731, 10.3699, 9.40381, 9.07824, 8.46942, 8.15002, 3.63664, 2.42838, 2.4259, 2.7513, 1.92512, 0.634563, 3.59444, 9.91906, 17.0692, 24.493, 31.1224)
(10.8396, 10.8699, 13.2131, 15.3892, 15.1371, 8.353, 4.1698, 2.82734, 3.50462, 5.82139, 9.87489, 6.77787, 8.63732, 7.91191, 10.4384, 8.66673, 9.25255, 10.4932, 8.78557, 10.2455, 7.53577, 11.2552, 7.64401, 3.88619, 3.45329, 3.35055, 0.552503, 0.109558, 3.68221, 5.51825, 13.9284, 21.9873, 35.8877)
(11.957, 9.44054, 12.6796, 11.9411, 12.4648, 10.5291, 5.4175, 4.66016, 4.05909, 5.97898, 10.872, 8.70809, 7.21429, 9.00822, 9.58473, 7.32652, 8.29472, 9.48301, 9.56529, 10.9257, 7.86858, 12.0209, 7.7267, 6.01976, 3.75303, 4.56539, 0.922884, 0.194179, 2.84116, 6.40352, 12.0892, 18.6145, 36.8697)
(9.06843, 8.6523, 10.0641, 11.1933, 12.1, 12.3064, 7.91561, 5.18992, 6.67847, 6.8793, 9.9522, 10.3187, 12.6873, 9.59689, 6.8514, 9.22663, 6.3035, 7.31693, 7.12073, 8.89679, 9.55839, 12.1228, 11.2936, 10.7149, 8.73729, 4.45082, 2.71844, 0.73663, 3.64747, 5.89094, 11.6698, 17.5204, 22.6197)
(9.27779, 9.27199, 10.8472, 13.6878, 14.587, 9.9564, 5.553, 5.04566, 5.03181, 5.90894, 10.8324, 9.01604, 10.906, 8.68931, 9.33868, 7.33462, 8.09033, 9.30828, 8.2398, 9.44621, 9.3503, 10.2805, 7.39648, 6.56013, 4.0867, 3.87792, 1.31241, 0.413615, 2.64194, 6.49555, 11.8963, 19.7635, 35.5554)
(6.70607, 8.64071, 11.4323, 10.6719, 12.7558, 14.9073, 8.6498, 5.79049, 5.86917, 5.54814, 9.02834, 11.9621, 10.7079, 9.19471, 7.31491, 6.887, 6.90991, 8.40979, 8.34029, 7.53756, 9.93974, 12.7961, 7.41927, 8.77606, 8.23847, 5.3282, 3.19806, 0.805523, 3.63007, 6.72019, 12.4457, 16.8678, 26.5706)
(9.81464, 7.22274, 7.84661, 11.5793, 13.6236, 16.1934, 8.1679, 6.05857, 5.38366, 5.46, 8.6495, 10.4942, 12.102, 9.90143, 8.47425, 6.92919, 7.56629, 7.89443, 7.3907, 8.45939, 8.97253, 11.8156, 11.0113, 9.91378, 7.42894, 6.22934, 3.09003, 1.22659, 3.71714, 7.43459, 11.6452, 17.016, 21.2872)
(12.5253, 9.48651, 9.10701, 9.3044, 12.331, 10.401, 6.55761, 5.2608, 5.44666, 7.29564, 12.2841, 11.3878, 9.53983, 8.10249, 6.7088, 7.29657, 8.10372, 7.62904, 8.62499, 8.34969, 10.6614, 13.5957, 12.4808, 10.1159, 7.58767, 5.63561, 2.75163, 0.663494, 2.83696, 6.5585, 10.2343, 17.4749, 23.6603)
(13.4997, 9.85278, 11.4038, 9.21708, 14.6544, 3.75714, 3.66654, 5.52649, 8.20674, 6.45121, 13.7641, 9.64582, 9.34689, 5.05532, 6.61282, 6.42055, 8.11483, 14.1432, 10.9126, 7.61557, 11.9699, 10.1625, 8.47209, 8.3652, 4.60153, 3.55059, 1.93757, 0.16918, 3.21083, 8.50241, 14.8333, 17.2815, 29.0758)
(9.41834, 7.23072, 8.6773, 10.8476, 16.0403, 13.1086, 7.02799, 6.85106, 6.15121, 6.42799, 8.21881, 12.408, 9.33574, 8.9745, 9.04887, 7.12562, 7.21177, 10.2698, 6.48821, 7.54395, 10.5969, 10.9966, 9.26299, 8.97962, 8.29167, 6.00709, 2.56936, 0.941859, 3.60637, 8.58074, 12.6667, 16.9916, 22.102)
(9.61047, 7.69603, 8.24216, 10.3696, 12.1812, 12.7097, 7.27033, 6.70952, 6.28313, 7.16762, 11.7602, 11.7449, 10.5576, 8.37944, 7.9748, 7.81414, 7.47092, 6.93004, 7.4411, 8.6801, 9.46806, 13.539, 10.1984, 8.49844, 6.95372, 5.57184, 2.55657, 0.695228, 3.24715, 6.70028, 11.1026, 17.2823, 27.1935)
(10.6146, 10.7968, 11.863, 13.2436, 15.1844, 7.6927, 4.29856, 5.65879, 4.92991, 5.4368, 10.2808, 9.55246, 10.5859, 8.19102, 8.84495, 8.49373, 8.95701, 9.91008, 8.61653, 8.97958, 8.93769, 8.93106, 9.87968, 8.98772, 5.53183, 5.3565, 1.56311, 0.427719, 2.99173, 8.11657, 13.0823, 17.6778, 26.385)
(8.45036, 6.99583, 9.96043, 14.4314, 16.4315, 13.2649, 6.7448, 5.29521, 5.54877, 4.80111, 8.07575, 12.8687, 6.95346, 9.53463, 7.18454, 6.71043, 8.73272, 10.0886, 10.5541, 9.01167, 9.25027, 9.11089, 8.97831, 6.3492, 5.77444, 4.51333, 2.91939, 0.861057, 4.82835, 9.88753, 13.4677, 18.5769, 23.8438)
(9.27739, 4.36836, 9.19141, 8.64037, 13.786, 16.2317, 8.24539, 12.7458, 4.79235, 5.66836, 7.05288, 16.1345, 9.39488, 8.28881, 8.23112, 5.74904, 9.00643, 9.01667, 5.16517, 9.90231, 10.9491, 8.16191, 10.1502, 17.1648, 9.79679, 4.74002, 2.75202, 0.108261, 2.01064, 3.38153, 8.16372, 15.1649, 26.5672)
(7.42517, 6.21365, 9.07155, 9.83634, 11.0707, 11.8138, 7.15207, 6.52707, 8.99568, 8.4709, 13.4231, 12.3443, 10.9326, 8.74224, 7.78436, 6.8143, 7.76688, 7.4276, 8.10363, 7.94794, 9.48861, 12.6475, 9.19513, 9.41839, 6.20137, 3.1599, 1.65701, 0.63638, 2.57446, 6.58745, 9.6709, 18.7365, 32.1625)
(7.78467, 9.20337, 13.3879, 16.9399, 15.8601, 11.5971, 5.14178, 4.44703, 3.20702, 4.41864, 8.0126, 9.05521, 8.70775, 9.11732, 8.61753, 8.86658, 9.67891, 7.88325, 8.66699, 10.3909, 9.58143, 9.4341, 5.2874, 5.24158, 5.14326, 3.74896, 1.65344, 0.498045, 3.08977, 7.14751, 13.647, 24.6457, 29.8972)
(4.36732, 5.87704, 11.9401, 22.6307, 21.9103, 12.5171, 3.58275, 2.88152, 4.09739, 4.1955, 6.00029, 7.35261, 6.88371, 8.02353, 8.76551, 9.70355, 13.313, 11.6108, 10.4889, 9.11882, 8.4978, 6.24172, 3.50872, 3.15944, 2.55363, 1.76794, 1.1219, 0.307912, 2.32163, 8.14126, 19.5993, 26.5863, 30.9319)
(10.5708, 10.6524, 14.293, 17.7369, 16.1244, 7.39515, 3.50761, 1.41561, 3.33319, 5.31425, 9.65673, 6.46222, 11.2036, 9.45989, 10.7164, 10.687, 10.5563, 11.204, 9.76264, 6.32147, 6.1754, 7.45105, 2.81423, 2.25111, 1.68359, 1.81004, 0.336817, 0.0634689, 2.20043, 6.4666, 15.3762, 24.1704, 42.8271)
(7.71006, 7.6547, 11.1774, 11.663, 11.3723, 11.8442, 6.70109, 5.79711, 7.46954, 8.28939, 10.3212, 10.6574, 10.2285, 8.97674, 7.33409, 7.44689, 7.64391, 7.8011, 7.45943, 9.58961, 10.3989, 12.4634, 10.2174, 9.13083, 7.05516, 4.43807, 2.29521, 0.952089, 3.16421, 6.82078, 13.2184, 17.7335, 24.9743)
(10.1597, 5.10774, 13.686, 13.6714, 24.0612, 9.61644, 3.65752, 6.88277, 2.90471, 2.58529, 7.66715, 9.07912, 11.2507, 8.85244, 6.31316, 11.1579, 6.97716, 10.5422, 12.348, 6.80362, 7.17836, 9.49731, 6.03742, 3.07589, 6.02086, 4.17386, 1.9272, 0.164086, 5.33969, 7.98273, 17.8942, 21.5632, 25.8209)
(10.4678, 8.29842, 9.47351, 10.6761, 11.5788, 14.1835, 7.58707, 4.6813, 6.55335, 6.61005, 9.89007, 13.7852, 9.25095, 8.38294, 6.49231, 6.29841, 7.17187, 8.03936, 7.8604, 7.98648, 10.1233, 14.6088, 11.1043, 7.73216, 8.13305, 5.67728, 2.94133, 0.877782, 3.02511, 6.6933, 12.4962, 17.0168, 24.3027)
(8.65542, 6.84567, 8.60759, 10.1101, 10.2468, 12.7559, 9.07158, 9.03035, 8.14385, 8.17592, 8.35684, 8.77318, 12.4705, 7.83796, 7.99465, 8.58241, 7.74591, 7.81046, 8.96925, 9.07041, 9.00304, 11.7422, 10.8051, 8.30066, 6.43289, 5.71572, 1.12705, 0.675378, 2.59376, 4.57186, 9.24301, 17.7911, 32.7435)
(8.63999, 9.19655, 7.42731, 9.27634, 12.3375, 17.726, 8.28528, 6.35522, 4.05132, 5.82449, 10.88, 16.4761, 9.28148, 8.11067, 9.30139, 8.55532, 7.74026, 8.113, 7.98163, 5.98625, 8.20606, 10.2479, 5.55316, 10.0369, 9.45659, 6.81788, 2.09481, 0.791848, 2.26082, 7.19688, 13.458, 17.6922, 24.6408)
(7.78443, 7.5197, 9.47747, 14.1463, 15.2282, 13.2321, 5.84481, 4.62439, 5.66582, 6.49615, 9.98064, 8.9166, 9.49675, 8.43902, 8.08881, 8.66986, 9.10011, 8.98486, 8.47477, 8.69379, 10.0476, 11.0878, 6.84616, 6.16179, 3.96762, 3.0467, 1.49987, 0.51529, 2.96281, 7.82848, 13.2141, 20.0155, 33.9417)
(9.21916, 8.35329, 13.737, 16.4553, 20.6732, 9.11122, 3.23276, 4.41832, 3.59312, 3.55498, 7.65166, 6.10219, 7.66355, 8.08551, 10.4622, 9.96483, 11.864, 9.8893, 10.1107, 9.13978, 8.22991, 8.48798, 5.02477, 4.92089, 3.50988, 3.11598, 1.46601, 0.343884, 3.28249, 9.08097, 18.2139, 23.4332, 27.608)
(7.86756, 9.17259, 14.6117, 14.7712, 9.56861, 13.7422, 5.63585, 3.34715, 3.4345, 6.30354, 11.5451, 13.6351, 6.8752, 9.49962, 7.39178, 4.13694, 9.05964, 4.24131, 16.4569, 9.47033, 9.59347, 9.6397, 5.15236, 7.76804, 6.74669, 3.89916, 1.5897, 1.47093, 3.20719, 6.65435, 9.81825, 19.7777, 33.9156)
(7.61708, 8.53392, 13.9202, 19.4688, 21.857, 11.2098, 3.32396, 3.44269, 2.68344, 2.67447, 5.2687, 5.4868, 6.68855, 9.41034, 9.562, 9.98829, 13.1634, 10.352, 10.2615, 10.08, 8.00305, 7.00412, 3.1525, 3.2726, 2.35743, 2.32706, 1.5563, 0.481452, 3.84843, 10.0269, 17.8871, 26.1549, 28.9353)
(7.29284, 8.37416, 10.7886, 15.4764, 22.945, 15.8014, 4.54988, 3.04379, 1.96529, 2.70001, 7.06269, 8.00173, 9.0226, 10.452, 9.66129, 9.09677, 8.45422, 8.02564, 7.81537, 10.0752, 9.42886, 9.96633, 3.37683, 3.62154, 3.14834, 2.94516, 2.04672, 1.01621, 4.75514, 11.7776, 17.2504, 21.8025, 28.2596)
(7.59069, 8.61393, 10.2323, 14.4178, 22.5403, 18.8726, 3.97965, 2.7885, 1.84005, 2.07709, 7.04705, 6.90032, 7.05002, 10.4606, 9.36247, 10.1836, 10.1875, 7.95754, 8.96574, 9.57848, 10.5949, 8.75879, 4.29672, 5.19249, 3.32311, 3.41041, 2.12614, 0.474409, 3.78447, 9.142, 15.806, 22.9621, 29.4822)
(7.12514, 10.4932, 15.3412, 20.6898, 17.8431, 8.71041, 4.5048, 2.29241, 3.76141, 3.14295, 6.0955, 5.02319, 7.61886, 7.39624, 10.3536, 10.6932, 12.378, 12.1111, 9.41394, 10.0505, 7.25061, 7.71087, 4.91469, 4.19274, 2.77742, 2.22543, 0.834301, 0.150654, 1.40925, 4.93801, 14.4312, 27.8766, 36.2498)
(8.63949, 10.1599, 10.3873, 16.2879, 18.7789, 11.3557, 5.26699, 3.17252, 3.51766, 2.99249, 9.44114, 6.6672, 8.69231, 7.5127, 10.3086, 8.07704, 9.47469, 10.2674, 10.5397, 9.75589, 9.20112, 9.50332, 5.60004, 5.00485, 3.6637, 3.81105, 1.15804, 0.267052, 1.4632, 7.32614, 15.0259, 23.5169, 33.1631)
(6.71142, 8.04391, 11.9941, 20.2611, 25.5359, 8.10142, 3.54858, 2.01086, 2.34392, 3.81906, 7.6297, 6.55101, 9.39034, 9.1666, 8.86246, 8.43683, 9.29471, 13.1704, 10.4253, 10.6193, 7.51329, 6.56977, 3.75024, 2.10315, 1.69335, 2.25462, 0.408712, 0.107082, 1.799, 9.04447, 19.8362, 26.8889, 32.1143)
(8.76777, 8.77861, 12.3595, 14.1662, 18.7814, 14.5517, 4.34469, 3.76546, 3.98671, 3.89688, 6.60109, 8.95438, 10.1371, 8.75339, 8.69852, 9.4107, 8.57311, 10.9266, 8.61672, 7.8861, 8.09634, 9.94705, 5.70182, 6.12839, 4.24523, 3.18678, 1.54905, 0.584133, 3.38571, 9.39477, 14.6167, 21.3451, 29.8622)
(5.54377, 6.44146, 10.3759, 22.2759, 19.2816, 11.4434, 3.90284, 4.43549, 4.58855, 5.32776, 6.38329, 7.23504, 8.94237, 7.36534, 6.67825, 11.6188, 12.8943, 10.5045, 7.84114, 10.1963, 8.82726, 7.89662, 7.19906, 4.84227, 3.08114, 2.61201, 1.28356, 0.575407, 2.82337, 7.07873, 15.2422, 28.6223, 26.6399)
(7.66719, 7.96781, 10.771, 12.5071, 14.813, 13.7858, 7.25551, 5.19159, 5.06504, 6.37609, 8.59987, 10.6102, 9.79026, 7.8189, 8.64739, 7.87801, 9.16308, 8.998, 7.68972, 8.65933, 8.81173, 11.9334, 6.94595, 7.28134, 5.51477, 5.15247, 2.34709, 0.621424, 3.02402, 8.32875, 14.4954, 19.8062, 26.4825)
(5.57999, 8.11146, 10.9045, 8.38157, 13.4865, 12.6003, 7.08304, 6.26704, 9.23372, 6.15055, 12.2014, 9.11319, 8.51728, 9.15476, 9.44163, 11.1871, 7.67443, 5.45702, 8.1292, 9.30416, 11.0069, 11.0143, 10.7168, 7.1933, 4.70216, 2.90682, 2.53425, 0.620203, 1.68692, 6.15217, 9.75026, 19.9958, 33.7412)
(5.95366, 5.91514, 9.07737, 17.4624, 21.7136, 16.6495, 5.30035, 2.31722, 3.49532, 4.92994, 7.18547, 7.32984, 9.89968, 8.54632, 7.89831, 9.53227, 12.3285, 9.88077, 8.59812, 9.52841, 9.31651, 7.1413, 5.42343, 3.86971, 2.88467, 2.92768, 2.52903, 0.501493, 4.11274, 9.79481, 17.0284, 24.5886, 26.3395)
(5.92138, 5.64047, 12.9345, 15.2814, 18.95, 15.0133, 6.23891, 3.31649, 3.58747, 4.73967, 8.37637, 8.42502, 8.50143, 8.80933, 7.67957, 10.3631, 12.2733, 9.53752, 10.7427, 7.72114, 8.05063, 7.89625, 6.22596, 5.08481, 4.22642, 3.95754, 1.17626, 1.04029, 2.8542, 7.2878, 15.2072, 22.2149, 30.7246)
(9.15428, 8.43201, 11.3445, 14.2783, 16.7871, 11.8575, 6.70582, 3.78367, 3.62615, 4.89371, 9.13712, 8.1821, 8.96758, 7.91677, 7.81571, 7.28888, 8.61452, 8.04302, 10.1188, 10.5507, 10.7438, 11.7581, 6.64785, 5.1378, 2.77527, 3.57164, 0.965309, 0.901523, 2.6676, 7.45815, 13.0395, 20.227, 36.6083)
(4.00469, 4.73272, 11.5813, 22.0422, 23.8027, 13.6065, 3.93585, 2.62433, 3.62256, 3.99116, 6.056, 6.49983, 7.35059, 7.81361, 7.6367, 11.1657, 15.0486, 11.3544, 10.9921, 9.52249, 6.80323, 5.81279, 5.1945, 4.71992, 2.2003, 2.60985, 0.900229, 0.394392, 2.55644, 8.22057, 18.5823, 25.3741, 29.2474)
(2.74204, 2.84305, 9.43935, 28.0309, 26.9995, 14.0661, 2.41941, 2.18581, 3.26209, 4.10216, 3.90954, 5.63448, 7.03647, 5.5626, 8.18532, 11.832, 18.6658, 14.1206, 10.9019, 7.12224, 5.62174, 5.31673, 3.84139, 3.03972, 1.48525, 1.23469, 0.49387, 0.258723, 2.79777, 9.32452, 22.2593, 29.4701, 25.7947)
(7.82968, 9.55764, 16.2177, 20.9232, 17.791, 7.01785, 2.71952, 1.44982, 3.8185, 4.36931, 8.30576, 5.63181, 9.51257, 10.5663, 11.0551, 10.9985, 12.5317, 12.841, 10.2201, 6.89361, 4.8297, 4.91964, 2.31924, 1.35961, 1.32117, 1.01645, 0.231211, 0.0508896, 1.97027, 6.06451, 17.251, 26.093, 42.3226)
(8.84128, 9.20294, 13.2355, 19.4144, 21.276, 9.41308, 3.60391, 1.75238, 3.05256, 3.18686, 7.02116, 6.9168, 9.78685, 9.32961, 10.4545, 10.1851, 10.7299, 11.4739, 11.3157, 9.49878, 5.48176, 4.82703, 2.80153, 2.1909, 1.28775, 2.09174, 0.454818, 0.165356, 2.72068, 6.04862, 18.2145, 27.2607, 36.7634)
(5.78609, 7.19842, 23.97, 15.8026, 20.0065, 4.41411, 4.25715, 1.4509, 2.86141, 4.30563, 9.94721, 0.181913, 5.83985, 14.1263, 16.9426, 14.1734, 19.7338, 10.0548, 3.05373, 14.1186, 1.59129, 0.183675, 2.87586, 0.066916, 0.0494922, 0.0500267, 0.012481, 0.00289282, 1.44574, 9.91809, 17.1379, 25.7196, 42.721)
(6.87514, 7.3818, 11.2928, 16.14, 15.5662, 11.8149, 4.9433, 4.65475, 5.70438, 6.57608, 9.05062, 9.16091, 10.9639, 9.65883, 8.48281, 7.92286, 8.40199, 8.54676, 7.68669, 10.9627, 8.56268, 9.6498, 7.58202, 6.58961, 4.72889, 3.00889, 1.62086, 0.534213, 2.85219, 9.09889, 15.3737, 21.3422, 27.2686)
(8.09102, 7.02606, 11.7467, 13.2414, 14.9544, 11.8183, 4.6502, 5.15199, 6.4344, 8.01262, 8.873, 11.4196, 10.9539, 9.08505, 8.03171, 8.89973, 7.64164, 8.28758, 6.83425, 10.0477, 9.91192, 8.88679, 9.56865, 7.68149, 4.77793, 4.32924, 1.91458, 0.526231, 2.72845, 8.60621, 13.8197, 20.0972, 25.9503)
(6.48306, 5.13572, 5.36544, 3.63809, 6.4426, 6.22124, 4.41207, 7.69425, 21.9507, 18.5995, 14.0573, 9.31999, 10.7263, 9.3006, 7.9398, 7.32618, 7.32136, 7.9951, 9.97439, 11.3502, 7.99692, 10.7492, 13.9615, 7.77427, 2.26204, 3.57378, 1.45366, 0.0352799, 0.858078, 4.54043, 8.99499, 23.0095, 33.5365)
(4.65373, 6.69008, 13.032, 16.327, 14.776, 18.0036, 9.29027, 3.37615, 3.6207, 1.71588, 8.5145, 14.641, 11.5105, 7.16882, 7.09505, 3.86523, 6.18837, 6.11258, 10.6772, 10.7514, 7.92796, 14.0619, 6.01156, 7.11976, 2.68167, 2.62488, 0.384189, 0.0949981, 6.22132, 5.0953, 15.485, 28.2183, 26.063)
(6.29482, 5.01849, 11.7221, 18.7392, 21.1736, 14.5319, 4.58408, 2.44828, 3.80693, 4.14285, 7.53781, 6.65865, 8.61055, 8.7675, 8.29024, 9.52656, 11.803, 12.3916, 8.86423, 9.1587, 8.57341, 7.35555, 4.66194, 3.88872, 2.19002, 1.99255, 1.52977, 0.378838, 3.59681, 8.68862, 16.2437, 27.7309, 29.0981)
(6.92174, 10.2628, 15.9736, 15.9315, 21.1703, 12.7876, 3.14442, 2.23819, 2.34102, 3.29215, 5.93661, 7.03737, 8.35721, 6.99012, 9.99514, 9.73069, 11.4605, 12.4816, 11.3419, 9.21504, 6.96423, 6.42622, 3.62094, 2.79777, 2.07403, 1.62823, 1.49241, 0.975808, 3.82865, 8.33019, 16.8952, 23.6434, 34.7134)
(5.75865, 8.66109, 14.0881, 16.2949, 25.3728, 14.6445, 2.59543, 2.198, 2.08442, 3.3832, 4.91889, 7.63792, 8.12907, 8.74769, 9.47478, 10.0529, 10.7073, 11.6931, 9.46111, 9.64374, 8.09109, 6.36137, 3.65844, 2.47404, 2.24899, 1.37348, 1.14266, 0.19026, 3.70169, 10.8661, 17.0334, 24.5361, 32.7748)
(6.04873, 7.51553, 9.38892, 17.019, 21.9686, 17.8347, 2.97459, 3.08041, 5.67257, 3.12948, 5.36743, 9.96076, 7.58163, 9.23786, 8.92586, 12.4188, 11.9828, 9.72689, 7.91623, 8.38493, 8.15794, 5.70628, 3.50634, 2.72745, 2.86262, 3.68475, 1.79598, 0.852148, 6.27493, 10.3895, 19.531, 23.1708, 25.2045)
(5.88847, 5.93127, 11.2514, 16.7884, 17.6975, 15.8486, 6.36088, 3.08676, 4.57876, 5.08087, 7.48714, 9.14324, 9.72717, 8.43462, 7.30138, 8.61065, 8.83223, 9.79219, 9.17269, 8.96787, 9.44654, 10.5714, 4.50544, 5.03162, 3.28369, 3.20083, 1.66476, 0.456211, 3.52458, 9.92391, 15.9274, 24.6797, 27.8018)
(2.86282, 5.11382, 14.5209, 21.1884, 21.3778, 9.00515, 4.96828, 2.62892, 5.03141, 6.49948, 6.80292, 3.86128, 9.16793, 7.59415, 7.61889, 11.5042, 9.34475, 12.9864, 13.5403, 6.8994, 8.35952, 9.1232, 2.14594, 2.72796, 2.5633, 1.05966, 2.39024, 0.0645529, 2.64227, 5.44806, 16.5988, 30.8294, 33.5298)
(4.23507, 4.13061, 12.2668, 21.1925, 21.97, 14.1992, 5.03381, 2.81746, 3.84019, 3.45123, 6.86311, 7.40153, 8.23875, 7.5703, 8.08183, 12.031, 11.0049, 10.1062, 9.26818, 9.43382, 8.46264, 8.40083, 3.93167, 3.56397, 2.66718, 3.03287, 1.70001, 0.522034, 3.38036, 9.81323, 18.3402, 25.0486, 27.9998)
(3.26146, 4.04875, 14.8488, 22.8934, 19.8572, 14.065, 3.44841, 2.0713, 4.29214, 5.08415, 6.12942, 6.32462, 8.13083, 8.03176, 8.91314, 12.3615, 11.9005, 12.5394, 8.64534, 7.05939, 8.25918, 7.83434, 4.08842, 2.64946, 2.15367, 2.35856, 1.21551, 0.654273, 3.20046, 9.17088, 16.2947, 29.4272, 28.7869)
(3.4312, 3.74902, 11.0266, 22.688, 27.1855, 13.0007, 5.49297, 2.09837, 3.39055, 2.53105, 5.40606, 5.86265, 7.75536, 7.61295, 10.0897, 11.9069, 13.3029, 10.3168, 9.48277, 8.86576, 7.07736, 7.72678, 3.97131, 2.93609, 2.40874, 2.47448, 0.804089, 0.412058, 2.98724, 10.2505, 17.457, 28.6984, 27.6)
(2.36724, 2.88449, 11.1542, 27.5402, 30.4824, 11.5519, 3.23806, 1.41642, 1.90714, 3.48165, 3.97627, 4.49454, 6.22094, 4.83917, 7.09474, 14.2692, 17.6363, 15.6221, 12.3754, 5.81237, 6.49522, 5.13997, 2.82561, 1.65391, 1.50403, 0.969817, 0.606658, 0.21669, 3.15457, 8.14474, 20.7381, 29.7896, 30.3963)
(4.84876, 6.76159, 10.5817, 18.6915, 21.1044, 14.228, 3.68238, 3.87992, 5.30741, 4.05499, 6.8593, 6.88981, 8.91816, 9.23432, 9.07824, 10.9356, 10.9202, 10.3567, 8.98015, 8.27151, 8.29626, 8.11905, 3.87389, 3.4437, 2.71558, 2.20665, 1.52461, 0.548924, 5.02489, 9.88888, 16.7897, 25.3938, 28.5894)
