(8.41343, 9.34139, 12.1637, 14.6139, 15.0503, 12.9302, 6.1321, 3.59075, 3.65889, 4.51152, 9.59394, 10.2457, 9.90863, 9.1756, 7.64998, 8.47496, 8.3218, 8.75461, 9.53859, 8.77035, 9.21074, 9.94902, 4.53137, 4.81575, 4.38712, 3.76124, 2.55719, 0.713161, 3.25531, 8.058, 14.4115, 22.0568, 31.4525)
(9.92184, 9.83469, 13.9288, 15.4892, 16.4972, 12.0388, 4.75812, 2.84055, 2.77508, 4.85436, 7.06143, 8.97424, 8.43412, 8.6126, 9.89723, 6.89937, 10.6892, 11.4149, 7.65189, 9.04161, 8.71536, 9.66941, 4.28512, 3.04459, 3.41763, 2.48986, 1.73045, 0.238373, 2.42915, 8.71115, 13.8524, 26.7978, 33.0035)
(10.3573, 7.76887, 12.7213, 17.5195, 19.4789, 11.9227, 4.72965, 2.84831, 1.95768, 2.45024, 8.24546, 6.98879, 10.0375, 10.4119, 7.49123, 8.98351, 10.8545, 7.77269, 8.83311, 8.95642, 12.491, 7.17936, 2.31816, 3.4558, 2.66823, 2.67172, 1.66439, 0.408314, 4.05424, 9.22283, 16.958, 22.319, 34.2594)
(6.74935, 9.6662, 10.6514, 13.3599, 16.4633, 14.6418, 6.84338, 3.42256, 2.56726, 4.41829, 11.2166, 9.96838, 11.4221, 10.0204, 6.39142, 7.97231, 8.8416, 8.74193, 8.92416, 8.18949, 9.27708, 10.2511, 5.03392, 5.48329, 3.73084, 4.79513, 2.33111, 0.885145, 4.22291, 9.4855, 13.8253, 19.7417, 30.4651)
(8.85849, 9.01344, 12.6327, 14.8845, 14.9327, 12.7335, 6.2993, 3.67557, 3.4024, 4.46129, 9.10606, 10.6743, 9.44393, 9.72018, 7.79135, 7.2673, 8.43079, 9.1672, 9.06951, 9.52522, 8.51391, 10.3963, 4.85433, 4.82811, 4.81494, 3.82625, 2.56013, 0.598254, 2.84687, 7.87027, 15.3149, 22.5514, 29.9345)
(8.95404, 9.64852, 14.3713, 12.411, 10.5792, 11.3238, 5.97516, 5.04771, 5.27556, 6.64716, 9.76659, 11.2731, 10.7084, 8.75345, 8.01267, 6.92626, 7.84905, 9.40607, 9.84345, 8.41234, 8.81783, 9.9974, 6.82283, 7.35158, 4.14054, 3.511, 1.55336, 0.408564, 2.76488, 6.69992, 12.0549, 21.6555, 33.037)
(10.3364, 10.6767, 12.0061, 12.9005, 18.4663, 12.9341, 6.59172, 2.26742, 3.09319, 3.40093, 7.32653, 7.44098, 9.42754, 9.26848, 9.22928, 10.4208, 12.1106, 11.8571, 7.56449, 6.94962, 7.73408, 7.997, 4.57665, 4.18102, 2.21711, 2.82063, 1.88062, 0.400302, 4.69136, 10.8866, 16.1288, 19.7526, 32.4643)
(8.6812, 10.6468, 11.6651, 13.252, 13.796, 14.2064, 7.02039, 4.50143, 3.68106, 4.88248, 7.66718, 10.4594, 8.60828, 7.91955, 7.60266, 6.44743, 9.68908, 9.53206, 10.6732, 9.04523, 9.70214, 10.321, 4.07626, 4.38148, 4.9701, 4.72409, 3.07018, 0.481228, 3.69604, 9.40139, 14.2038, 19.7104, 31.285)
(8.46305, 11.2065, 14.0266, 12.8671, 18.4423, 13.8292, 4.95133, 2.58333, 2.69205, 4.03799, 6.9005, 8.99816, 9.16965, 8.96692, 7.89191, 9.10042, 12.9667, 11.2531, 8.42443, 7.01343, 7.89418, 8.32118, 3.1073, 3.04871, 2.43003, 2.24322, 2.53494, 0.710141, 5.00646, 11.2111, 14.9813, 21.1527, 33.5741)
(4.087, 7.63613, 9.59169, 22.0678, 20.8768, 16.6424, 9.07917, 2.11985, 0.648142, 0.871453, 6.37952, 5.80432, 16.1849, 6.52852, 6.53938, 10.5349, 13.0351, 11.5742, 5.29438, 9.20628, 5.48522, 9.81274, 2.2479, 6.1171, 2.24106, 0.80261, 0.432445, 0.129667, 3.07843, 5.21416, 13.8642, 25.3739, 40.4985)
(9.80911, 10.2315, 12.7612, 13.8452, 13.4158, 11.0221, 5.0238, 5.26344, 4.3878, 4.51113, 9.72896, 9.94972, 7.27671, 8.04797, 9.15462, 10.9627, 8.45808, 9.69404, 9.53661, 10.075, 7.94601, 8.89852, 5.3469, 6.65408, 5.31687, 4.44115, 2.27676, 0.491792, 2.64631, 6.80742, 12.8381, 19.3299, 33.8508)
(6.74403, 7.50644, 10.4467, 14.0001, 17.8979, 13.8956, 7.29135, 2.85172, 3.02257, 5.60822, 10.7354, 10.6001, 9.29384, 7.54481, 7.2011, 7.62074, 9.62491, 10.7826, 9.78855, 8.67803, 9.94164, 8.92371, 3.89017, 6.21954, 4.40548, 3.87038, 3.69561, 0.831332, 3.90265, 9.06178, 16.8798, 20.7845, 26.4588)
(8.47468, 8.65872, 9.42613, 10.8103, 11.9854, 14.5148, 8.60842, 4.11147, 5.6102, 4.98452, 12.8154, 11.9302, 8.79837, 8.92696, 8.11184, 6.84364, 8.46884, 8.04275, 8.71394, 8.48323, 10.5615, 11.1187, 7.66151, 4.8737, 3.9243, 3.86204, 2.21828, 0.805596, 4.13091, 8.63507, 14.9526, 19.6126, 29.3234)
(11.3751, 9.88416, 9.61463, 12.2057, 14.7825, 13.3606, 6.52655, 3.81516, 3.43518, 5.65955, 9.34089, 11.9969, 9.84527, 8.84694, 8.3987, 8.5154, 7.53466, 8.47474, 7.64914, 8.64532, 9.2711, 10.8219, 4.31135, 5.25444, 4.92316, 3.78959, 2.00635, 0.519318, 4.3486, 7.76687, 15.2225, 22.1272, 29.7306)
(4.83584, 8.59149, 14.5296, 20.2252, 22.0167, 12.2546, 7.8245, 4.10874, 0.417041, 2.42431, 2.77192, 4.69687, 11.8045, 6.73449, 13.9464, 12.2628, 17.6719, 10.5179, 6.64287, 4.69092, 6.30641, 4.72492, 2.38126, 2.47054, 4.11259, 0.464067, 0.186314, 0.0728542, 0.38153, 2.58094, 8.91537, 37.5264, 40.9081)
(11.5744, 9.46807, 10.4155, 11.2079, 12.9359, 11.1709, 6.83944, 5.61448, 4.52854, 5.86127, 10.3837, 10.284, 8.76569, 8.32862, 8.10835, 9.11749, 8.90184, 9.40657, 9.52301, 8.68958, 8.61727, 10.2576, 7.98073, 7.421, 6.07838, 5.27154, 2.74468, 0.595294, 3.88365, 7.33719, 12.4676, 16.9762, 29.2437)
(9.38704, 8.36895, 10.7462, 12.937, 15.3633, 12.7127, 6.90376, 4.62313, 4.73653, 5.56987, 8.65152, 11.1156, 10.3587, 8.96933, 7.27728, 8.35954, 8.71447, 8.39425, 7.83307, 8.06603, 9.66893, 11.2428, 6.8182, 7.88206, 6.90819, 5.98244, 2.9779, 0.597925, 3.18639, 7.96099, 14.4194, 18.808, 24.4585)
(8.3674, 7.19167, 8.5977, 10.3185, 11.6119, 16.4869, 9.53711, 6.63067, 4.64051, 5.39333, 11.2243, 12.7415, 9.55441, 10.2784, 8.86456, 8.09596, 6.85748, 6.39094, 6.6143, 8.67249, 9.14203, 12.7879, 7.95043, 8.12925, 7.20309, 7.12301, 4.58867, 0.921801, 5.28042, 9.97584, 12.7279, 15.0295, 21.0701)
(9.00651, 9.04449, 10.5807, 9.93807, 12.6465, 13.5595, 7.90826, 5.91844, 4.15687, 6.94582, 10.2949, 12.6739, 9.86417, 9.2092, 7.61785, 6.79092, 8.89509, 7.67191, 7.05465, 8.54279, 10.0757, 11.6039, 7.44764, 8.68311, 7.52866, 5.07254, 2.55587, 0.996864, 4.08809, 7.99336, 13.6834, 17.5367, 24.4137)
(8.15284, 9.97764, 13.7077, 11.6044, 15.3334, 14.0997, 6.9048, 2.66027, 3.17574, 5.61628, 8.76712, 11.4934, 8.74125, 9.85898, 7.96034, 9.88811, 7.92322, 7.74484, 7.749, 7.88641, 9.36417, 11.3902, 2.2188, 4.86501, 3.76012, 4.59864, 3.38802, 0.484781, 3.33753, 9.85185, 13.2066, 22.152, 32.1366)
(9.20285, 8.27352, 10.2398, 13.3729, 14.0739, 14.8465, 8.9292, 4.95254, 4.31637, 3.71284, 8.0796, 10.7003, 10.7818, 10.2235, 6.74959, 9.62583, 7.97246, 8.03222, 6.88547, 8.02782, 10.0121, 10.9889, 6.17279, 8.17585, 6.18576, 4.79661, 3.08593, 0.898282, 4.21252, 5.79629, 11.1255, 20.1289, 29.4216)
(9.5811, 6.76358, 12.6266, 13.7284, 15.8742, 13.3689, 7.53861, 4.28808, 4.02097, 4.31362, 7.89589, 11.3251, 10.7434, 7.69532, 7.39811, 9.14266, 7.38254, 8.81778, 6.38585, 10.1658, 9.10142, 11.842, 4.79933, 6.01539, 5.60801, 4.71452, 2.17589, 0.717827, 3.40843, 8.99177, 13.0056, 21.6629, 28.9004)
(9.3222, 10.4289, 14.5835, 17.386, 16.6723, 6.55674, 5.1689, 3.77036, 4.04641, 4.98966, 7.07505, 7.94702, 6.56067, 8.91691, 8.6983, 9.9826, 12.7119, 13.1042, 8.93378, 7.28894, 6.54797, 9.30772, 5.76293, 6.14414, 4.25485, 4.43378, 1.74725, 0.4043, 3.14539, 5.82987, 12.2821, 22.7251, 33.2703)
(11.7288, 8.58532, 9.76783, 12.0801, 14.7144, 13.0344, 4.75391, 3.43961, 3.94433, 5.18234, 12.769, 11.4157, 8.13986, 8.26278, 8.66445, 10.2591, 8.4336, 8.9201, 7.2088, 8.8952, 8.8726, 10.9278, 3.57802, 4.06044, 3.59718, 3.62297, 1.46743, 0.430634, 4.09285, 9.54497, 13.0269, 20.6875, 35.8912)
(12.9537, 9.1891, 10.5917, 11.2925, 12.0916, 10.5207, 6.0315, 5.0452, 6.04426, 5.47148, 10.7682, 8.8218, 9.89161, 8.81517, 8.47915, 9.34607, 7.43412, 6.7562, 7.84836, 8.65446, 10.9386, 13.0145, 10.7738, 8.94685, 7.45495, 6.35488, 2.73007, 0.775498, 3.77695, 7.53036, 12.6852, 16.5055, 22.466)
(8.03173, 10.7215, 13.0144, 12.4589, 12.9567, 13.6143, 6.79167, 4.13239, 3.01065, 4.76501, 10.5029, 12.468, 9.77474, 9.26149, 6.83258, 7.76438, 7.65941, 7.09138, 8.33396, 9.58947, 10.2279, 10.9966, 5.48901, 5.1409, 4.08907, 4.26154, 2.49592, 1.18657, 4.10572, 9.32028, 12.6795, 18.2191, 33.0123)
(9.85391, 9.75487, 12.2533, 13.7273, 13.8788, 14.0976, 6.70102, 3.54775, 2.42996, 3.95666, 9.79892, 11.4346, 9.45602, 9.33094, 7.80445, 7.82174, 8.04238, 7.91725, 8.79928, 8.65357, 9.88201, 10.8578, 3.92021, 4.17906, 3.91907, 4.17527, 2.5345, 0.690389, 3.61927, 8.97214, 14.5725, 22.3705, 31.0471)
(8.03988, 13.4574, 8.95594, 12.6728, 19.313, 16.2404, 3.33951, 1.49921, 2.04313, 7.18654, 7.25222, 11.8248, 9.3566, 8.75997, 7.09226, 9.76259, 8.77184, 8.34619, 7.74326, 5.73986, 8.90503, 13.6976, 2.38876, 2.22158, 2.03961, 2.42412, 3.33048, 0.493071, 6.70269, 11.9486, 20.3248, 20.2119, 27.9144)
(8.07502, 9.06364, 11.3954, 14.4391, 17.3409, 15.9644, 5.89674, 2.10869, 2.47374, 4.86521, 8.37723, 10.0278, 10.4662, 9.98071, 8.2109, 7.44863, 8.71691, 8.30597, 8.47835, 8.21067, 9.0466, 11.1072, 2.61814, 2.88144, 3.08784, 3.61052, 3.30312, 0.883945, 4.33798, 11.5515, 18.1779, 21.9582, 27.5894)
(10.1411, 9.11292, 11.9088, 14.4363, 14.5554, 12.6711, 6.60497, 3.55123, 2.89865, 4.43944, 9.68004, 10.3029, 10.8436, 9.53605, 6.80717, 8.92789, 8.46071, 7.64275, 7.32617, 7.73488, 10.1443, 12.2736, 6.47864, 5.37833, 4.80628, 3.48633, 2.63057, 0.429509, 4.48582, 8.04312, 13.9772, 21.4707, 28.8135)
(9.42823, 8.88175, 9.40958, 10.8057, 13.3153, 13.1007, 7.82333, 4.39239, 4.93773, 6.56542, 11.3399, 12.8307, 9.49074, 9.03602, 7.09648, 7.15962, 7.43352, 7.95177, 8.45539, 8.09734, 10.3696, 12.0788, 7.68938, 7.11809, 6.21286, 4.63867, 2.73506, 0.634085, 3.79591, 8.06166, 13.1047, 19.0247, 26.9848)
(10.4175, 9.60985, 10.8983, 9.92735, 14.1607, 14.9047, 5.56942, 3.47326, 3.89268, 5.31042, 11.8358, 12.841, 11.6545, 8.14529, 6.73942, 8.18668, 7.22191, 8.93379, 5.97556, 8.59917, 9.13645, 12.5662, 5.16909, 5.18733, 4.42625, 3.81415, 1.84619, 0.654185, 4.30488, 9.47616, 15.2457, 20.2019, 29.6742)
(11.6266, 9.87722, 9.6208, 14.2707, 14.0956, 11.5248, 6.04021, 3.52547, 3.54565, 5.32877, 10.5442, 10.7313, 10.3252, 8.53986, 8.09645, 9.75625, 7.71636, 7.42351, 6.96881, 7.83894, 10.1031, 12.5003, 4.11109, 4.44847, 4.27255, 4.16282, 1.50347, 0.704718, 3.1273, 7.31782, 13.9779, 25.1336, 31.2402)
(9.13332, 7.05089, 11.6427, 13.0349, 14.6975, 12.9247, 8.05578, 4.74737, 3.61775, 5.26511, 9.83008, 12.1014, 9.71695, 8.55996, 7.49419, 6.69505, 7.38644, 8.21842, 7.31312, 10.3408, 8.81591, 13.3578, 5.74174, 5.81731, 6.56008, 4.90294, 2.59542, 0.68811, 3.7427, 8.45654, 12.6289, 22.0918, 26.7744)
(10.1609, 9.09808, 9.96789, 12.3729, 11.8397, 14.677, 7.56173, 4.28328, 5.88487, 6.64261, 7.51106, 11.3568, 10.8608, 8.42934, 7.45002, 8.08958, 8.8925, 7.23157, 5.70574, 9.72888, 9.50665, 12.7482, 7.46963, 9.03146, 6.87521, 5.21035, 3.71378, 0.510025, 3.14034, 6.68096, 13.7285, 18.6776, 24.9621)
(5.91618, 8.6787, 11.0056, 16.9095, 17.7687, 16.0186, 5.87548, 2.65288, 3.39393, 3.27035, 8.51005, 8.70818, 9.64357, 9.75504, 7.44972, 8.37079, 8.42457, 8.44769, 7.02477, 10.6266, 10.9234, 10.6257, 4.03677, 3.07779, 4.44359, 4.08922, 1.71231, 0.614939, 2.89474, 10.3864, 17.2961, 23.561, 27.8871)
(12.203, 8.67615, 11.5507, 11.832, 12.2089, 9.09393, 4.33799, 5.83961, 6.16987, 5.68753, 12.4003, 8.73994, 9.37756, 8.83327, 7.87973, 9.20971, 8.05376, 8.94245, 10.1223, 9.89002, 9.77655, 9.17464, 9.81013, 8.14326, 7.6364, 5.73247, 3.51291, 0.960656, 4.197, 8.06837, 11.4496, 16.3865, 24.1027)
(8.88263, 8.65929, 11.2706, 12.4845, 16.7368, 14.0316, 6.98938, 3.89706, 3.12234, 4.54334, 9.38257, 10.1949, 11.1481, 8.9576, 8.13992, 7.41101, 7.41686, 7.31048, 8.08293, 8.7462, 9.35716, 13.2349, 5.3544, 4.89878, 5.62349, 5.17107, 3.07139, 0.708552, 4.35923, 10.0902, 14.5142, 18.9161, 27.2926)
(9.33244, 9.4991, 11.4624, 12.0106, 14.3072, 13.7565, 7.17781, 4.33898, 3.07665, 4.78235, 10.256, 11.7317, 9.9666, 8.9299, 7.70259, 7.29129, 6.78917, 7.33762, 8.24438, 8.8326, 10.3836, 12.7906, 5.79732, 5.14348, 5.33996, 4.61569, 2.90479, 0.830561, 4.03027, 8.87801, 14.2587, 19.3953, 28.806)
(10.4477, 11.0699, 11.9018, 10.2743, 12.2476, 12.6129, 8.823, 3.99482, 2.16122, 5.11663, 11.3501, 10.0528, 10.0246, 8.46016, 6.6489, 7.38362, 7.73584, 10.2133, 8.50312, 9.04482, 9.52981, 12.403, 5.23516, 4.89964, 6.79131, 6.88697, 4.08264, 0.7836, 3.99304, 8.285, 11.6281, 17.9313, 29.4832)
(14.2927, 7.8136, 15.111, 8.41478, 13.5123, 12.1184, 9.12551, 4.17414, 2.51235, 3.02812, 9.89709, 11.3788, 10.4747, 9.23447, 6.6732, 7.58563, 7.73089, 6.47605, 10.2552, 8.81001, 8.60314, 12.7781, 8.11108, 8.24014, 7.01432, 6.16961, 3.18963, 1.27691, 3.61829, 9.21111, 11.5009, 16.684, 24.984)
(8.54205, 12.4197, 13.4404, 10.0837, 13.7099, 13.1679, 10.8398, 2.6634, 2.46716, 2.70414, 9.96188, 9.77858, 7.86767, 7.82514, 7.49399, 9.12909, 8.83128, 10.1001, 8.79748, 7.84983, 9.9324, 12.3944, 3.41959, 4.07451, 7.40579, 6.18511, 4.91185, 0.834479, 4.20204, 10.1399, 12.6623, 16.5664, 29.598)
(12.4222, 11.2193, 10.6679, 8.38839, 8.58665, 9.34852, 8.0781, 4.08995, 4.08821, 10.1389, 12.9719, 14.5627, 9.1172, 9.25474, 6.58359, 6.54202, 5.84947, 7.18782, 8.16533, 9.09059, 12.373, 11.2735, 8.39774, 6.58995, 5.24625, 6.86296, 2.69122, 0.730656, 2.24445, 11.1846, 12.4529, 15.3847, 28.2146)
(5.51898, 7.82215, 9.28743, 17.1461, 17.2197, 18.3235, 5.61658, 1.91753, 1.7424, 3.89522, 11.5104, 9.09816, 11.0456, 9.1894, 10.6509, 7.0156, 8.43241, 6.96676, 7.86193, 8.65951, 10.2135, 10.8663, 1.97917, 2.36462, 4.06271, 4.29446, 3.43457, 0.929031, 5.02667, 11.6536, 16.4041, 24.5649, 25.2863)
(8.25576, 8.29295, 11.3708, 12.3406, 14.569, 13.2782, 7.34687, 4.31663, 3.77115, 5.14481, 11.3132, 10.9396, 8.85132, 8.44345, 6.80127, 7.84995, 8.59074, 8.19585, 10.1867, 9.05042, 10.2436, 10.8472, 6.52929, 6.19184, 5.02982, 3.80374, 2.61547, 1.11716, 3.74287, 8.18348, 15.9599, 20.4956, 26.3308)
(4.98821, 5.80446, 9.42638, 14.861, 16.6536, 14.5536, 8.65163, 4.86448, 4.95455, 7.11115, 8.13089, 11.5853, 10.132, 8.60264, 8.80048, 9.05575, 7.86443, 6.7535, 8.98638, 8.41777, 8.36209, 11.4397, 8.06322, 6.21064, 5.71036, 2.52249, 2.43149, 0.482405, 3.43853, 8.32525, 12.6837, 20.4047, 29.7272)
(9.08631, 9.78925, 10.7755, 10.0779, 12.1314, 12, 7.07367, 5.84462, 5.67173, 6.80751, 10.7421, 11.9101, 10.2063, 8.43709, 7.04637, 7.28901, 6.98026, 7.8165, 7.78351, 8.34409, 10.5638, 13.6231, 10.5296, 9.12532, 6.82695, 4.24038, 2.55231, 0.888469, 2.17928, 6.5679, 11.7798, 18.938, 26.372)
(10.5792, 8.69936, 9.40639, 12.5939, 12.4251, 13.6321, 6.7629, 5.02753, 5.94886, 6.5825, 8.34222, 13.7322, 9.62422, 7.75771, 6.67803, 9.16713, 5.8775, 8.76164, 7.57162, 9.12758, 9.79824, 11.9042, 7.99121, 7.42461, 7.58807, 4.5591, 3.4478, 0.478201, 2.86927, 7.76887, 14.3277, 19.3733, 24.1718)
(13.6023, 7.80635, 7.61117, 9.9125, 12.2879, 11.8957, 8.31375, 6.19391, 3.70074, 7.21598, 11.4597, 12.0623, 10.7154, 8.8242, 8.69324, 6.44258, 7.58122, 8.26884, 7.49268, 7.75356, 9.51359, 12.6525, 10.363, 7.59672, 6.89632, 7.09849, 2.82537, 0.760083, 3.68209, 9.03199, 9.9085, 18.7554, 23.0821)
(9.97925, 8.36124, 9.57967, 10.8883, 12.5254, 12.3322, 8.12331, 5.78104, 5.04243, 6.79591, 10.5912, 12.5355, 10.1013, 8.48438, 7.38193, 7.6109, 6.78371, 7.17288, 7.73334, 8.88507, 10.364, 12.9471, 8.15763, 8.28712, 7.93462, 5.44078, 2.51178, 0.723864, 3.23371, 7.73107, 12.7548, 18.7748, 24.4498)
(9.37399, 7.15187, 7.28458, 10.1669, 12.5473, 14.0899, 8.87246, 6.63474, 5.65765, 7.90983, 10.3107, 13.0517, 9.64474, 8.11047, 6.51992, 8.1201, 7.35352, 7.03236, 7.02041, 9.3013, 9.26707, 14.5784, 6.07484, 8.53365, 8.13216, 7.06397, 3.50396, 0.950444, 3.48316, 7.52367, 14.0345, 19.5221, 21.1775)
(11.8124, 9.01899, 8.86764, 9.71412, 12.5855, 12.4609, 8.33099, 5.40942, 5.17647, 6.15943, 10.4641, 11.0245, 8.91873, 8.71147, 8.31712, 9.33329, 7.82833, 7.99498, 8.4023, 9.17668, 9.37719, 10.9154, 8.32396, 8.32585, 7.21772, 5.68706, 2.92577, 0.845728, 4.09363, 7.58413, 13.5474, 16.0874, 25.3615)
(8.33828, 9.24452, 12.0407, 14.4695, 14.7926, 14.4358, 6.11166, 4.2327, 3.14916, 4.85683, 8.32822, 8.82003, 8.98034, 8.03243, 8.42719, 7.58396, 9.19368, 8.88965, 9.15387, 9.76244, 9.36755, 11.7888, 4.58591, 5.08899, 5.24799, 3.99452, 1.95383, 0.780238, 3.55052, 8.7815, 14.0921, 20.1258, 31.7986)
(8.9965, 5.48989, 4.49488, 18.6288, 16.2132, 11.1962, 10.094, 5.57073, 2.60904, 4.92673, 11.78, 9.86772, 9.14864, 8.90984, 8.2223, 9.46646, 8.20353, 8.81575, 8.24398, 8.97747, 5.00951, 15.1348, 6.57374, 7.2274, 5.72716, 5.56522, 2.49304, 0.116893, 4.08243, 7.61032, 16.718, 16.137, 27.7488)
(6.73546, 10.4993, 14.2927, 16.6856, 13.8605, 11.5339, 6.54198, 4.67542, 3.07796, 3.36136, 8.73575, 9.28715, 7.29303, 8.882, 9.46993, 11.1848, 10.1, 9.72369, 9.37859, 8.74229, 6.99448, 8.944, 3.51225, 2.93632, 3.50572, 4.40189, 1.94399, 0.858738, 3.56233, 8.39615, 12.624, 24.6602, 33.5985)
(8.15349, 9.77534, 10.2443, 13.1971, 12.6206, 14.3772, 6.3977, 4.29213, 3.56016, 5.44798, 11.9339, 10.7682, 10.0275, 9.22201, 6.80967, 9.10477, 8.3498, 8.28884, 8.70475, 8.65769, 8.91504, 11.1518, 4.43349, 3.27911, 4.59712, 3.9638, 1.97751, 0.972459, 3.23172, 8.9158, 13.8911, 20.3377, 34.4002)
(10.4996, 8.12311, 9.13522, 13.3587, 15.2143, 17.1993, 3.79103, 1.44562, 3.79082, 3.47065, 13.9716, 14.0453, 8.80737, 8.05593, 8.38418, 6.00788, 4.05877, 5.94033, 9.81265, 6.76842, 11.3233, 16.7959, 3.45312, 2.06405, 5.2961, 2.67243, 1.69337, 0.795999, 4.49908, 7.34007, 14.7289, 25.4833, 31.9736)
(10.2387, 9.51729, 11.1151, 12.3476, 12.2686, 13.548, 8.6182, 4.71715, 2.50682, 4.60461, 10.5179, 11.3399, 10.2205, 10.3163, 7.59816, 8.49713, 7.64673, 6.95473, 8.24636, 8.99777, 8.70334, 11.479, 4.94569, 4.91544, 5.3712, 4.8573, 3.07558, 0.675771, 4.14971, 9.47987, 12.4772, 19.7998, 30.2524)
(15.0924, 9.94299, 8.69101, 7.17834, 10.0749, 10.2454, 6.33354, 5.55286, 5.54846, 7.89484, 13.4452, 13.0242, 10.7496, 8.15503, 7.47804, 7.3067, 6.254, 6.58756, 8.29032, 9.82641, 9.58925, 12.7388, 24.927, 12.119, 8.14993, 4.82231, 3.28204, 0.360286, 2.41833, 6.46514, 9.9252, 12.7064, 14.8243)
(14.1073, 10.2213, 9.63015, 7.65907, 10.4484, 11.1392, 7.36028, 5.41864, 5.60911, 4.6461, 13.7606, 11.4031, 10.3664, 12.7343, 5.99525, 7.04716, 6.8888, 6.2106, 6.39939, 8.61317, 10.6959, 13.6459, 20.2602, 11.0412, 10.3942, 6.62314, 2.6412, 0.498472, 2.81414, 6.63102, 7.99673, 13.0305, 18.0694)
(7.93063, 7.54194, 8.95305, 11.3294, 20.6764, 17.2427, 6.77269, 3.14864, 3.73083, 4.26446, 8.40928, 11.6011, 11.0663, 10.4529, 8.33992, 6.24138, 6.26151, 7.22103, 6.5219, 9.33627, 11.4616, 11.496, 4.22201, 2.53264, 4.37153, 5.50561, 3.9198, 0.518406, 4.13518, 13.8529, 16.3253, 19.236, 25.3806)
(6.86801, 8.59109, 12.718, 13.179, 20.8531, 14.7636, 5.41433, 3.47061, 2.3638, 3.66591, 8.11261, 11.4219, 9.20598, 10.6234, 9.22458, 7.97446, 8.75439, 7.10776, 7.84372, 8.16144, 8.90609, 10.7764, 3.3543, 2.76327, 3.69227, 3.14632, 2.75893, 0.907399, 3.95331, 10.5011, 15.9412, 23.0907, 29.8913)
(6.15667, 6.59782, 12.4227, 18.3861, 22.4123, 13.1836, 4.64114, 2.85955, 2.12361, 3.6193, 7.59723, 8.35662, 7.12515, 8.77533, 9.64582, 9.38964, 12.8004, 10.5266, 9.6575, 6.98724, 7.73237, 9.00331, 2.224, 2.17537, 3.02668, 2.18791, 1.28285, 0.501913, 2.67707, 10.5673, 16.9701, 25.8639, 32.523)
(7.00328, 9.83292, 12.0743, 11.9865, 14.4463, 13.8659, 7.83588, 4.69689, 3.19326, 4.3716, 10.6932, 10.5305, 10.0642, 9.18644, 8.08581, 7.85207, 9.96079, 6.96214, 9.61884, 8.1918, 8.70708, 10.8404, 4.19468, 4.90942, 5.94063, 4.81479, 2.56248, 0.484475, 3.62582, 8.34771, 12.681, 21.481, 30.958)
(8.39908, 8.37376, 10.0835, 13.5958, 15.6198, 13.6237, 7.86926, 4.78455, 4.28279, 4.22581, 9.14198, 10.0263, 8.10744, 8.55384, 7.34873, 8.81901, 10.0567, 8.07864, 8.72858, 7.81064, 11.0015, 11.4685, 4.11505, 4.8129, 3.31945, 3.33651, 2.34883, 1.70401, 3.57357, 9.37217, 15.8344, 21.5441, 30.039)
(10.4365, 8.74533, 7.788, 9.76453, 12.0527, 15.5926, 8.07854, 4.53457, 4.68506, 7.54475, 10.7775, 12.8226, 10.1281, 9.48807, 7.93252, 7.8442, 8.09518, 7.1822, 8.16572, 8.06451, 9.81764, 10.4594, 7.4244, 7.52546, 8.25113, 5.47671, 2.58705, 1.14288, 3.77462, 8.2991, 13.5804, 17.5157, 24.4226)
(14.9542, 11.2331, 8.25417, 8.60071, 12.2441, 12.4064, 9.11323, 9.69524, 2.4003, 3.4061, 7.69243, 11.4562, 7.63321, 7.38779, 10.4673, 9.57495, 7.1254, 9.63071, 7.80977, 8.57857, 10.1391, 10.197, 7.23062, 5.73504, 8.28698, 7.00393, 2.65741, 0.224523, 3.39125, 7.80527, 12.1604, 17.6688, 27.8358)
(5.4277, 6.34694, 15.5688, 17.8255, 18.9857, 15.3881, 5.9343, 2.97017, 2.98788, 4.20459, 4.36034, 8.66231, 9.64866, 11.1169, 7.77366, 9.60919, 7.36356, 7.13403, 11.6479, 10.3201, 7.93146, 8.79228, 6.06863, 3.663, 3.36154, 2.67893, 1.94731, 0.373623, 2.00858, 10.2402, 14.0354, 22.5919, 33.0309)
(13.8931, 10.4937, 9.19747, 14.8779, 12.0879, 12.0914, 6.47247, 2.68889, 3.28391, 4.37778, 10.5355, 8.46272, 10.5229, 7.63152, 8.41624, 9.42425, 8.8296, 10.2288, 8.57794, 8.74938, 8.89649, 10.2601, 12.1974, 9.44764, 5.99479, 4.79285, 2.95742, 1.15042, 2.86069, 5.73763, 13.7371, 16.1969, 24.9271)
(6.97825, 7.01711, 9.57479, 13.4382, 13.1301, 13.8556, 8.41162, 6.33805, 5.53272, 6.39481, 9.32879, 11.7143, 10.0407, 10.4312, 7.64542, 7.65368, 8.41644, 8.16124, 7.3208, 7.98857, 8.38078, 12.2469, 6.5983, 8.67372, 7.19899, 5.87503, 2.86984, 0.707446, 3.22008, 7.52861, 13.8832, 19.3307, 24.1141)
(9.64828, 7.47342, 8.98741, 12.5225, 14.5186, 15.0872, 6.94359, 5.63455, 4.64169, 6.1135, 8.42918, 10.4913, 9.76494, 7.69065, 8.51426, 7.63735, 7.61936, 7.04397, 8.4032, 9.90642, 10.1708, 12.7577, 10.2943, 10.4205, 7.16894, 4.47719, 2.51, 0.74074, 3.34087, 7.8705, 11.8851, 17.1735, 24.1184)
(7.08362, 14.4482, 12.4181, 17.8402, 15.4468, 12.192, 5.54667, 3.57046, 2.50385, 3.59704, 5.35298, 8.185, 5.8358, 8.76958, 7.38704, 17.3014, 6.97094, 13.4934, 6.76658, 8.73537, 5.00689, 11.548, 2.2322, 1.65151, 3.49657, 5.61517, 0.636813, 0.982322, 2.62566, 8.11412, 16.5071, 20.3324, 37.806)
(14.974, 8.08158, 5.90088, 7.15946, 8.55094, 8.81002, 6.85845, 7.31257, 7.0943, 11.5402, 13.7176, 14.4141, 9.07051, 10.4623, 5.93003, 9.7223, 5.71329, 8.18294, 7.05839, 7.37802, 9.48849, 12.5796, 12.6902, 11.5915, 8.79029, 7.94002, 4.46771, 1.00026, 2.22826, 9.24201, 13.1731, 15.8191, 13.0575)
(10.2971, 9.59111, 11.3368, 12.4004, 13.3807, 11.3827, 7.23838, 8.60286, 2.00534, 2.90654, 10.8579, 10.3082, 10.6445, 9.18436, 9.74365, 7.01874, 6.91569, 6.49441, 7.4869, 8.52655, 9.36329, 14.3137, 9.257, 5.08561, 7.27844, 3.97472, 3.06688, 1.35472, 3.8724, 9.01731, 13.115, 17.255, 26.7228)
(8.54183, 10.9393, 13.1277, 13.4398, 13.8797, 15.1955, 7.20299, 3.58159, 3.13238, 3.3608, 7.59836, 9.00653, 9.47836, 8.21356, 9.49415, 10.0645, 11.8725, 9.69901, 8.63876, 8.69826, 6.52132, 8.31306, 3.05628, 2.36029, 3.99175, 4.44445, 3.19916, 0.67866, 2.87265, 8.07065, 14.2961, 25.9174, 31.1126)
(12.4825, 9.40239, 9.96442, 8.66885, 9.53792, 11.8716, 8.1654, 8.28933, 5.20483, 6.26624, 10.1465, 10.7908, 10.4396, 9.72446, 8.25749, 7.81817, 7.25703, 6.68118, 8.24434, 9.66951, 10.0194, 11.0981, 18.4724, 10.8397, 8.02017, 5.66704, 3.21503, 0.580024, 2.90954, 6.89078, 9.39447, 13.7227, 20.2881)
(6.53365, 8.47924, 14.6251, 11.9235, 19.6902, 15.4769, 7.09676, 3.01774, 2.75733, 2.6251, 7.77452, 8.57815, 7.36035, 9.84158, 7.07904, 10.0818, 11.4787, 9.59838, 10.7009, 8.08996, 7.97453, 9.21663, 2.17147, 3.33583, 4.15041, 3.71218, 1.48408, 0.559209, 3.30199, 10.4134, 16.2828, 22.8999, 31.6886)
(6.065, 7.75364, 12.3337, 17.0483, 21.0159, 16.0527, 4.73307, 3.05967, 1.22767, 2.37666, 8.3337, 6.31467, 6.90747, 7.78958, 10.3137, 10.2953, 14.3023, 8.45225, 10.476, 8.47864, 7.85654, 8.81341, 1.94786, 1.50011, 3.17707, 3.60491, 0.922578, 0.408512, 3.2828, 9.92416, 17.7637, 22.9013, 34.5671)
(8.89832, 8.03955, 8.74983, 16.6117, 17.0901, 13.1201, 6.54095, 3.93326, 3.66557, 5.35714, 7.9934, 12.1913, 9.76712, 8.15097, 7.58888, 7.75059, 8.40984, 7.53226, 9.14224, 9.9593, 9.49786, 10.0096, 5.48941, 5.61272, 5.73152, 4.31507, 2.48217, 0.816827, 3.73257, 9.03294, 16.4444, 20.6367, 25.7056)
(9.08619, 6.60942, 8.14316, 10.3996, 13.7244, 13.4507, 7.84488, 4.74753, 5.43625, 7.30468, 13.2532, 9.82236, 8.72791, 9.49477, 8.91861, 7.99667, 8.51052, 8.17082, 8.80766, 9.1134, 10.0089, 10.4283, 6.35655, 6.80301, 6.3016, 4.15194, 2.72538, 0.642559, 3.86236, 7.85582, 15.6714, 19.1458, 26.4835)
(10.6448, 7.8471, 9.29696, 9.62043, 12.0661, 12.88, 7.4802, 5.84487, 5.21013, 8.18161, 10.9278, 13.0222, 9.79651, 9.83363, 6.55635, 7.16575, 7.05874, 7.86318, 8.57331, 9.03197, 10.2134, 10.885, 10.1742, 9.39568, 7.59363, 5.16435, 2.62827, 0.793734, 3.40005, 7.15863, 11.484, 17.898, 24.3094)
(10.9339, 9.45257, 9.71336, 9.63706, 12.0616, 11.5886, 6.90751, 5.51225, 5.44243, 7.20295, 11.5477, 12.1035, 8.89722, 8.40916, 7.4092, 8.26716, 7.5275, 7.46503, 7.95894, 7.99687, 10.7545, 13.2109, 9.5902, 7.37982, 6.4885, 4.11507, 2.54094, 0.587673, 2.86128, 6.3181, 11.8956, 19.3842, 28.8386)
(6.68515, 9.33875, 8.02864, 6.24867, 10.2345, 16.4381, 7.8526, 6.22508, 9.04425, 8.81996, 11.0843, 16.8058, 8.55452, 6.11791, 4.11363, 9.26785, 7.81332, 4.61076, 8.8723, 7.49879, 15.2033, 11.1418, 6.15094, 9.78564, 6.85584, 3.35296, 4.07343, 0.0754235, 4.59113, 5.47767, 13.5922, 22.6636, 23.3812)
(10.0443, 8.26957, 8.44694, 9.00723, 10.7523, 13.1718, 8.46641, 6.68113, 6.00417, 7.8068, 11.3493, 13.7628, 10.5169, 8.70603, 7.65179, 6.81158, 6.37521, 6.74907, 8.03498, 8.39377, 9.76623, 13.2316, 9.77876, 9.09083, 8.15014, 6.36623, 3.51368, 0.751947, 3.88812, 7.25663, 12.7003, 16.756, 21.7472)
(12.6429, 9.56344, 9.37762, 8.88472, 8.20998, 10.9174, 6.17101, 8.05253, 6.89728, 7.26617, 12.0169, 11.4092, 10.6729, 8.55559, 11.5656, 7.90316, 4.98656, 7.92037, 7.81426, 6.9877, 9.18828, 12.9965, 10.9298, 9.93371, 8.91157, 5.92511, 4.50851, 1.26287, 3.04237, 5.31868, 10.1768, 17.9781, 22.0125)
(6.7179, 7.19231, 10.4394, 13.8303, 13.5927, 11.2358, 7.0089, 7.14107, 5.5596, 7.88334, 9.39877, 12.0026, 7.40205, 11.0765, 10.6309, 9.46774, 6.73799, 7.58289, 5.88499, 6.62536, 9.47772, 13.1111, 5.6559, 6.90448, 5.78285, 4.65756, 2.79897, 0.325229, 2.53162, 6.7692, 14.6045, 19.903, 30.0666)
(5.1305, 7.13868, 12.0797, 18.3283, 21.9285, 14.8389, 5.2193, 2.9592, 4.06235, 3.48146, 4.83312, 9.00309, 8.7876, 10.3162, 10.2027, 11.3151, 9.98537, 8.68572, 8.71811, 7.63934, 7.13899, 8.2078, 3.50294, 3.3227, 3.61749, 2.52405, 2.14623, 0.617589, 3.71446, 10.8921, 16.4887, 23.4246, 29.7491)
(13.7099, 8.86703, 7.02756, 8.9654, 9.73432, 10.236, 8.00691, 6.59899, 5.51006, 7.96134, 13.3825, 11.4043, 10.2272, 7.88123, 7.78628, 7.42201, 6.81283, 8.43625, 8.16047, 8.77395, 9.3779, 13.7176, 11.8571, 10.7736, 8.94282, 6.66817, 3.22687, 0.569681, 4.90797, 7.9387, 12.0397, 13.5155, 19.5598)
(9.39152, 7.69864, 9.43193, 8.74913, 11.2554, 12.1586, 7.49498, 7.80366, 6.38194, 8.95316, 10.681, 13.1863, 11.3482, 8.17017, 7.11589, 6.56581, 7.13961, 7.28624, 7.76447, 8.75154, 9.83024, 12.8416, 8.96751, 8.84178, 8.19511, 6.64981, 3.54636, 0.598447, 3.16098, 7.81881, 11.9245, 18.3258, 21.971)
(7.15061, 7.72159, 11.1215, 12.48, 15.9444, 13.6814, 8.21487, 5.22537, 3.70212, 6.21172, 8.54648, 12.4774, 10.1008, 9.22568, 8.1442, 7.68234, 7.88581, 7.69974, 8.63278, 8.67025, 9.15897, 10.322, 4.56178, 6.0556, 6.56039, 4.3733, 2.85882, 0.784608, 3.06365, 8.96889, 15.4383, 20.5286, 26.8061)
(12.2397, 7.86764, 6.89793, 7.64981, 9.22506, 12.7716, 9.08352, 5.96399, 6.08668, 8.21445, 13.9996, 14.2731, 8.67637, 7.49873, 6.41476, 6.69536, 7.11887, 6.83664, 8.5617, 8.95961, 11.8648, 13.1001, 10.2406, 9.71313, 9.72561, 7.79034, 4.43995, 0.97684, 4.45915, 8.30124, 12.9394, 13.7844, 17.6294)
(8.20419, 10.9024, 12.8724, 19.5761, 17.1742, 9.96926, 4.03401, 3.60423, 2.49759, 3.22046, 7.94526, 7.77356, 7.36736, 8.06464, 9.09624, 11.6041, 12.7204, 11.3502, 8.42667, 7.58863, 7.02219, 8.98595, 5.02073, 2.16241, 2.49275, 2.49473, 1.30065, 0.408846, 2.6901, 7.85148, 15.0823, 26.4969, 33.9991)
(12.9415, 8.44023, 8.09413, 6.02063, 8.4192, 10.7601, 5.6866, 4.57047, 7.31142, 7.99258, 19.7631, 14.5111, 8.24128, 10.4416, 6.00475, 8.13505, 4.97104, 6.72211, 6.48862, 11.7585, 11.5893, 11.1366, 18.9446, 11.4764, 8.41451, 6.34629, 3.92108, 1.54106, 1.98443, 7.29931, 10.5585, 17.4085, 12.1053)
(8.46655, 11.645, 10.3719, 10.7155, 12.2863, 12.992, 6.47621, 7.16136, 3.6408, 6.35749, 9.88678, 10.5061, 9.19271, 8.32906, 8.14755, 8.59407, 8.94873, 7.93546, 8.69414, 7.73132, 9.2886, 12.6323, 6.13519, 5.48201, 5.90044, 4.51074, 2.9726, 0.532275, 4.17177, 8.67498, 13.2525, 17.4533, 30.9142)
(13.323, 11.0973, 8.47725, 6.99716, 11.9981, 10.0357, 7.15159, 4.41652, 5.55738, 7.57699, 13.369, 13.552, 10.3989, 8.21889, 7.25604, 7.497, 6.46132, 6.84282, 7.65359, 10.0892, 9.90203, 12.1282, 21.3897, 11.5742, 6.4969, 6.52376, 2.9784, 0.38014, 2.42764, 8.66127, 11.9324, 13.6309, 14.0046)
(7.06329, 9.03718, 9.15531, 9.70314, 11.9954, 13.2133, 15.616, 6.44961, 7.65314, 4.13019, 5.98351, 7.30553, 7.88341, 10.2625, 7.49514, 10.9011, 9.3335, 5.62522, 13.1122, 8.07654, 10.6033, 9.40152, 21.1441, 14.2059, 11.4105, 7.22767, 2.45201, 0.218166, 1.72032, 6.13401, 5.25953, 13.3599, 16.868)
(6.18659, 8.82919, 13.2943, 13.061, 17.9065, 15.7911, 6.56895, 3.50167, 3.00721, 4.52251, 7.33098, 10.3407, 9.31071, 7.98015, 8.75382, 7.47549, 9.80487, 9.11683, 9.99123, 9.01607, 9.85179, 8.35831, 4.35059, 3.8208, 4.56071, 4.02171, 1.82718, 0.486702, 3.6355, 10.4503, 14.5394, 20.6155, 31.6916)
(7.48836, 6.81115, 9.80884, 17.3552, 19.8083, 13.4035, 4.77083, 2.52553, 4.42439, 5.3072, 8.29673, 11.0017, 10.0914, 10.4054, 8.61996, 7.21357, 8.14072, 8.36222, 7.18681, 9.17198, 9.18087, 10.6253, 2.61234, 2.71683, 2.95806, 2.58175, 2.08514, 0.353253, 4.18592, 10.0498, 20.5003, 25.3716, 26.5851)
(7.10141, 7.88944, 11.4228, 16.3778, 18.4024, 13.5655, 4.67091, 2.89539, 3.50304, 5.00944, 9.16191, 7.77347, 9.0852, 9.31129, 9.83941, 9.71488, 9.1053, 8.72066, 8.86211, 10.3269, 8.72993, 8.5309, 3.56077, 3.4748, 3.54601, 2.55371, 1.8679, 0.596734, 3.24324, 8.70408, 15.5086, 23.5941, 33.3501)
(9.71244, 7.9078, 8.74819, 9.8908, 14.3551, 15.5035, 7.20943, 4.96011, 4.52899, 5.83412, 11.3495, 11.3835, 10.1632, 8.95851, 9.01468, 8.016, 8.30657, 8.48273, 7.21554, 8.32809, 9.83669, 10.2945, 9.33502, 7.08469, 6.78683, 4.61019, 2.98941, 0.961594, 3.98081, 8.03817, 14.0881, 19.3022, 22.8229)
(8.96568, 7.47307, 9.09654, 11.4182, 13.5837, 13.535, 6.46964, 4.70003, 5.58021, 7.36909, 11.8088, 12.1937, 9.58553, 8.50951, 8.12335, 7.3473, 7.41865, 8.53222, 8.42384, 8.27041, 10.5242, 11.0713, 8.77852, 7.60325, 5.85526, 4.07365, 2.6448, 0.640899, 3.47274, 7.80477, 13.3461, 20.2837, 25.4963)
(4.67441, 7.20546, 12.1976, 15.1522, 20.2108, 17.7038, 5.53683, 4.06679, 2.69703, 4.66063, 5.89449, 11.1727, 9.42464, 8.5397, 9.61223, 8.69154, 10.5156, 9.47822, 9.89544, 7.24207, 8.00386, 7.42396, 3.48516, 2.92315, 3.94728, 3.07568, 1.95132, 0.506791, 3.65541, 9.14122, 17.2521, 21.7111, 32.3508)
(12.3466, 8.28073, 7.05568, 7.02991, 8.71366, 12.379, 9.52738, 7.02229, 5.87349, 8.28652, 13.4847, 13.1896, 10.5873, 8.75236, 7.95628, 6.38663, 7.70688, 6.02981, 7.16625, 8.22034, 11.5368, 12.4677, 11.118, 9.98237, 8.52626, 7.25757, 4.5393, 0.981792, 3.87325, 7.4651, 11.6457, 15.944, 18.6666)
(7.7759, 6.81448, 10.0216, 10.9813, 14.2137, 15.9612, 9.49724, 5.50096, 4.45233, 5.46034, 9.32097, 13.6773, 9.9992, 7.63384, 7.60471, 6.65163, 8.81674, 7.63627, 7.55167, 8.84943, 9.23215, 12.347, 6.81652, 7.38169, 7.61041, 5.00538, 3.24182, 0.508955, 2.74217, 8.17206, 12.8137, 20.6353, 25.072)
(6.73575, 10.6739, 13.4615, 14.9622, 21.5462, 10.9908, 3.735, 2.58805, 2.20138, 4.10487, 9.00036, 7.83667, 7.88181, 7.88824, 9.85426, 11.0147, 12.2749, 9.84782, 8.70186, 8.53973, 7.30962, 8.8504, 2.97003, 2.12757, 3.13999, 2.40959, 1.39019, 0.420322, 3.99425, 12.1296, 16.5315, 22.214, 32.673)
(9.39573, 9.88186, 9.43888, 12.8113, 15.3487, 15.119, 5.59398, 3.14967, 2.21946, 5.55888, 11.4826, 11.0544, 10.0676, 8.60222, 8.29387, 7.682, 7.6848, 7.85276, 8.17496, 8.9315, 8.65861, 12.9973, 3.88482, 3.65496, 4.13099, 3.89431, 2.69554, 0.775576, 4.56659, 10.5567, 16.5689, 21.4574, 27.8141)
(11.8817, 6.68638, 6.43388, 7.21618, 9.30107, 13.4976, 10.1488, 6.36932, 6.45869, 9.14729, 12.8591, 12.7553, 9.74084, 8.55878, 7.08595, 7.99543, 6.09825, 7.62762, 8.7343, 9.47589, 9.82279, 12.1048, 14.574, 9.64525, 8.9647, 6.58237, 3.09813, 0.604018, 3.83065, 10.0887, 14.5478, 12.5786, 15.4858)
(5.56764, 11.081, 23.0597, 17.6827, 15.2064, 9.54665, 4.26702, 1.53016, 0.459103, 3.25502, 8.34449, 6.64201, 8.99681, 3.06767, 10.7959, 15.0816, 13.4259, 10.8768, 11.4992, 9.02754, 2.19263, 8.39395, 1.69463, 0.431587, 0.612555, 1.40106, 2.88152, 0.940351, 7.32626, 9.16994, 10.8442, 24.7339, 39.964)
(5.85696, 17.0982, 13.976, 16.5556, 12.7159, 9.34656, 8.41482, 3.3249, 0.779839, 3.42151, 8.50975, 10.1042, 8.41174, 5.12146, 9.23858, 12.3097, 7.78794, 11.4873, 9.07434, 9.84839, 8.7145, 7.90189, 2.78313, 0.66604, 6.2019, 4.00695, 4.44237, 0.931475, 0.989196, 6.85424, 13.414, 22.4747, 37.236)
(8.15974, 11.8386, 11.4048, 10.4026, 12.3769, 12.1093, 7.14495, 6.7691, 3.64697, 7.20334, 8.94371, 13.3275, 7.97338, 7.63098, 7.77255, 8.81898, 10.0702, 9.73948, 8.12035, 7.6568, 7.92035, 10.9694, 4.66405, 5.04226, 5.17029, 5.39822, 3.55706, 0.628225, 3.99685, 9.3398, 12.3246, 18.5317, 31.347)
(11.6843, 10.1201, 10.8557, 10.5527, 12.3801, 13.9025, 7.38224, 5.88653, 2.81515, 4.9266, 9.49395, 12.1621, 12.0157, 8.26535, 8.36692, 6.29174, 6.91534, 7.97588, 6.77704, 9.5726, 10.0708, 11.5865, 11.4394, 8.92403, 6.48557, 5.40628, 1.61261, 0.801352, 2.69107, 8.07612, 11.5048, 17.1673, 25.8915)
(21.3224, 14.2367, 10, 7.11985, 7.98075, 5.79629, 7.59729, 6.00957, 3.79065, 4.66433, 11.4822, 10.0514, 13.4748, 7.68706, 10.5686, 4.78245, 6.21993, 4.76062, 7.63578, 10.5803, 12.7942, 11.4448, 10.5234, 6.834, 6.80523, 4.5919, 3.02055, 0.0399328, 2.35613, 6.25474, 10.1042, 19.0744, 30.3955)
(6.40158, 7.21884, 10.3455, 14.1107, 18.2673, 17.8699, 5.79623, 2.8935, 2.05201, 4.62347, 10.4209, 10.2765, 11.2034, 8.82023, 10.373, 6.42169, 7.04058, 8.09177, 7.31288, 8.60938, 8.82545, 13.0251, 3.5682, 4.80876, 4.78331, 4.1094, 2.35541, 0.70049, 3.69202, 9.13201, 16.1216, 23.4483, 27.2805)
(5.41338, 7.45164, 13.9259, 16.2095, 17.2794, 15.7028, 8.85608, 2.67783, 2.13242, 3.48219, 6.86888, 9.79028, 8.29271, 9.16182, 7.68379, 7.22535, 11.0983, 8.74194, 11.2764, 8.75806, 10.1288, 7.84261, 2.64734, 3.06861, 5.42182, 5.03291, 2.60622, 0.723134, 4.05432, 9.76581, 14.7989, 22.1317, 29.7493)
(6.08142, 7.21968, 12.2167, 19.73, 17.442, 14.1859, 8.9224, 3.4077, 1.86104, 2.3521, 6.58106, 9.21493, 6.29427, 9.70271, 8.33898, 9.18882, 11.6632, 9.64231, 10.222, 8.36071, 7.43065, 9.94144, 2.30233, 2.49562, 5.04514, 6.03881, 2.54965, 1.06763, 3.11503, 9.21023, 14.5772, 22.9331, 30.6653)
(8.4048, 7.05828, 7.37525, 8.00269, 11.5023, 14.2526, 10.6845, 7.80915, 6.19199, 7.75501, 10.9635, 13.9019, 10.5429, 9.02551, 7.2801, 6.15316, 6.73178, 6.98111, 7.48199, 8.45368, 10.41, 13.0379, 10.867, 10.6347, 9.31593, 6.23269, 3.66934, 0.913691, 3.91025, 7.4529, 12.2497, 15.4262, 19.3277)
(8.27311, 7.53328, 10.0074, 11.2401, 13.8183, 15.0582, 8.17477, 5.26782, 4.60627, 6.56577, 9.45497, 12.4818, 9.28541, 8.7838, 8.09927, 7.77461, 7.81202, 8.25779, 8.48014, 8.45258, 9.4313, 11.1413, 7.36438, 7.46568, 6.85801, 4.8243, 3.30083, 0.825576, 3.61607, 7.96185, 13.1058, 19.1824, 25.4951)
(12.4628, 8.5635, 6.29785, 5.88122, 8.70466, 11.2886, 9.25618, 6.16357, 5.4603, 10.203, 15.7182, 12.8551, 9.50408, 7.17388, 7.11006, 6.17882, 7.4612, 9.6136, 7.83445, 7.33145, 11.8955, 13.0419, 12.2002, 11.0393, 11.6218, 7.43309, 3.49668, 0.398523, 3.34785, 6.29535, 12.4802, 14.8755, 16.8115)
(12.6511, 9.45501, 6.99597, 9.75776, 9.53029, 13.2314, 5.74653, 6.22835, 7.13249, 6.2815, 12.9895, 15.3966, 8.84279, 8.19671, 7.28668, 6.69458, 5.68204, 5.38662, 7.31985, 9.35691, 8.76985, 17.0674, 11.4465, 9.47195, 6.33897, 5.24913, 4.26633, 0.243181, 4.65912, 8.0774, 11.9302, 14.3857, 23.9315)
(9.59119, 8.49088, 8.38815, 9.16342, 10.593, 12.6648, 8.89802, 6.65827, 5.03904, 8.01477, 12.4984, 13.2521, 9.55089, 8.57359, 7.26627, 6.90294, 7.50936, 6.97969, 7.83221, 8.74649, 10.386, 13.0004, 9.1203, 8.97102, 7.76062, 5.8826, 3.9135, 0.787176, 3.95484, 7.84996, 12.5862, 17.2543, 21.9194)
(9.85282, 9.08391, 10.3374, 10.3879, 11.0807, 12.3267, 7.48858, 5.79036, 5.59854, 7.48769, 10.5655, 12.8096, 10.0482, 8.81822, 8.0797, 7.66162, 7.51056, 7.63382, 7.85288, 8.24658, 9.40777, 11.931, 9.28524, 8.07217, 7.25955, 5.29795, 3.26012, 0.712292, 3.0537, 7.19629, 12.7482, 17.94, 25.1745)
(9.55059, 8.14036, 9.27132, 11.5767, 17.0411, 15.2383, 4.93465, 4.68087, 3.38751, 6.12301, 10.0556, 11.2799, 10.3706, 7.35149, 7.45, 6.4073, 7.70679, 8.52281, 8.64993, 7.86714, 11.8853, 12.5088, 6.06353, 6.05606, 7.07592, 4.09284, 1.71953, 1.0063, 4.50452, 11.4641, 15.5431, 18.723, 23.7511)
(8.05905, 7.45356, 8.77608, 12.1229, 13.8716, 13.2031, 7.2527, 5.2381, 4.87248, 6.68151, 12.469, 12.6468, 9.32264, 8.61723, 7.2262, 6.7518, 8.22443, 7.71411, 8.1372, 9.71592, 10.2506, 11.3931, 7.78636, 7.25563, 5.95017, 4.79965, 2.76483, 0.861195, 3.60019, 8.54904, 14.6242, 19.3795, 24.4293)
(14.4251, 9.23394, 6.65452, 7.55568, 10.7126, 11.1053, 7.79292, 7.32008, 6.20752, 6.4838, 12.5085, 12.9084, 11.5746, 8.73145, 7.3415, 5.35814, 6.26042, 7.55004, 9.46862, 7.88964, 11.7018, 11.2154, 16.0769, 12.5985, 8.81284, 5.90962, 2.49891, 0.50885, 3.6007, 8.06386, 11.8811, 14.3927, 15.656)
(9.78134, 10.4146, 10.8123, 12.8912, 13.3255, 14.57, 6.30413, 4.14188, 2.51986, 5.02358, 10.2157, 11.33, 9.68826, 8.54601, 8.60853, 8.39541, 9.38585, 8.5313, 8.77044, 8.46209, 8.6362, 9.64595, 3.2888, 3.79219, 4.37485, 4.65597, 3.34123, 1.04728, 4.38834, 9.38444, 13.9837, 20.1641, 31.579)
(11.4507, 12.5636, 11.2947, 10.1736, 10.6142, 10.3733, 5.96235, 4.55734, 3.37672, 7.59739, 12.0362, 10.6496, 9.95807, 8.7493, 9.14165, 7.90759, 8.56282, 7.69968, 7.96379, 8.98707, 10.3226, 10.0577, 7.5188, 6.16193, 4.8843, 4.17246, 2.61874, 0.666032, 3.0459, 7.40558, 12.821, 18.5318, 32.1734)
(9.17783, 9.17316, 10.9948, 13.0981, 15.3249, 14.185, 6.43016, 3.63084, 2.57991, 4.76511, 10.6402, 10.8168, 10.2812, 8.41421, 10.0559, 7.54576, 8.033, 7.35768, 7.54728, 8.72851, 9.57668, 11.643, 7.07331, 5.55879, 5.39443, 4.62882, 2.45766, 0.554884, 3.52623, 9.53618, 13.6614, 19.8743, 27.734)
(4.94743, 12.352, 15.3781, 11.0525, 10.3214, 9.04447, 11.9084, 3.28118, 3.1527, 7.10722, 11.4545, 14.2517, 6.69697, 8.5124, 7.68024, 7.52653, 13.1677, 5.65628, 8.51993, 6.02647, 9.60361, 12.3582, 3.43052, 6.96579, 8.05439, 6.02496, 1.27864, 1.02156, 3.19322, 6.664, 13.0883, 20.3864, 29.8923)
(5.26572, 7.34992, 13.3044, 20.4928, 18.7409, 14.3116, 6.79198, 2.49742, 1.61243, 3.41242, 6.22048, 8.09412, 7.66136, 8.55657, 10.5104, 9.33503, 11.1987, 10.0271, 10.438, 7.69096, 7.60181, 8.88594, 4.27122, 2.86508, 4.37419, 4.17653, 2.4851, 0.677149, 3.46059, 8.29467, 16.6531, 24.4071, 28.3352)
(7.75144, 7.00042, 8.81881, 14.7931, 20.9755, 15.4278, 4.85782, 3.03658, 3.17799, 4.49143, 9.66911, 8.14183, 8.29649, 11.9631, 10.3017, 10.993, 9.24031, 8.73691, 7.85212, 8.27263, 8.31568, 7.88624, 4.45315, 4.1936, 4.19506, 3.44764, 2.23154, 0.342794, 3.66335, 9.83988, 18.5692, 22.1002, 26.9636)
(8.53483, 7.55807, 8.36075, 12.0945, 16.2943, 14.7082, 6.63838, 4.43662, 4.00822, 5.83192, 11.5342, 9.37003, 8.91361, 9.05097, 10.672, 8.50197, 9.27408, 8.6717, 9.03302, 8.45229, 9.16679, 8.89352, 7.79987, 6.61636, 5.58887, 3.87118, 2.78093, 0.606402, 3.82456, 8.83547, 15.9555, 18.7244, 25.3965)
(8.33902, 6.92203, 7.53725, 7.8154, 12.4715, 14.3996, 9.13882, 7.21103, 6.88451, 8.37319, 10.9077, 13.0001, 11.1652, 8.45425, 7.41994, 6.3276, 6.8912, 6.99865, 7.11552, 8.96469, 10.0759, 13.5869, 9.2724, 9.57625, 8.08046, 5.98865, 3.02939, 0.836164, 3.44791, 9.30491, 13.923, 17.298, 19.2428)
(5.54759, 8.99623, 5.63187, 5.74425, 11.2637, 16.432, 17.0067, 7.59079, 4.84337, 5.82064, 11.1228, 12.9055, 12.6242, 7.36229, 7.13452, 6.39027, 9.94791, 6.61937, 7.19185, 7.32649, 9.27585, 13.2217, 10.0953, 11.6816, 10.9042, 7.85845, 3.74765, 0.197825, 3.31704, 8.73877, 10.7431, 14.9536, 17.7625)
(8.92565, 13.9305, 12.0256, 11.1562, 10.1415, 7.03629, 2.41985, 7.48958, 6.406, 9.58982, 10.879, 16.0473, 8.88914, 7.70451, 7.76759, 2.58666, 7.7229, 10.7578, 6.72033, 6.80155, 6.9187, 18.0834, 12.8066, 11.6986, 10.6861, 4.39237, 2.17671, 0.0712803, 1.26612, 6.64762, 10.1091, 15.6567, 24.4888)
(9.96982, 8.45942, 6.14634, 7.60339, 9.48179, 13.7673, 9.2273, 8.38864, 7.55158, 7.11471, 12.2897, 15.2899, 10.2798, 8.62116, 7.67189, 6.81841, 6.47073, 5.72082, 7.04005, 7.0774, 10.8239, 14.1859, 9.59537, 9.92798, 9.64794, 5.98094, 3.24661, 0.566017, 4.19799, 7.20006, 15.0844, 15.929, 18.6237)
(8.90004, 8.08395, 12.0153, 12.3087, 14.612, 17.8886, 8.63929, 3.7107, 3.27398, 4.10676, 6.46066, 13.7901, 10.5782, 7.58548, 6.54589, 8.07395, 8.89767, 8.04765, 7.57884, 8.15308, 10.1423, 10.6069, 5.31115, 6.25047, 6.52058, 5.1583, 4.7074, 0.973761, 4.43693, 7.76535, 14.0539, 21.4204, 23.4018)
(10.0354, 9.15734, 10.1653, 11.6598, 13.9061, 14.0327, 6.38441, 5.15037, 3.47337, 6.15325, 9.88203, 11.0073, 9.33873, 8.3761, 7.84227, 6.82651, 7.82243, 7.8013, 8.2694, 9.56274, 11.2188, 11.9344, 7.49894, 6.98051, 6.52455, 4.84621, 2.60595, 0.762979, 3.97569, 9.4297, 13.5046, 18.3274, 25.5435)
(10.5246, 8.02948, 9.36209, 10.3281, 22.2212, 15.4811, 2.06107, 0.745916, 2.93584, 10.0385, 8.27193, 13.7198, 7.54038, 4.88219, 6.04005, 5.95293, 9.74848, 10.9069, 6.76621, 8.64975, 12.4381, 13.3552, 7.60385, 5.7671, 4.51584, 3.67941, 1.57285, 0.734987, 3.68345, 13.6431, 18.4568, 20.5694, 19.7733)
(10.262, 8.56919, 8.5054, 10.6108, 13.2339, 13.4453, 5.68433, 5.78233, 3.12898, 8.10282, 12.675, 12.1897, 9.80363, 8.64583, 7.86332, 6.8216, 7.49776, 7.92523, 8.47183, 8.48942, 10.2168, 12.0749, 6.68001, 5.76667, 5.15091, 4.24724, 3.13933, 0.644334, 3.80508, 9.08956, 12.6675, 20.1312, 28.6782)
(5.7467, 10.9826, 13.7529, 15.895, 13.8063, 14.1867, 5.51601, 7.1329, 2.61098, 1.53786, 8.83214, 8.31305, 11.8387, 8.07931, 12.7261, 8.74216, 9.599, 7.27649, 5.86044, 5.91777, 11.0666, 10.5804, 4.54757, 4.40279, 6.72129, 2.20382, 4.79721, 0.112156, 4.28898, 10.3035, 12.8497, 24.9944, 24.7785)
(7.14747, 9.11253, 13.0244, 14.315, 16.9555, 13.4424, 7.67144, 2.67076, 2.33452, 4.90258, 8.42343, 9.84444, 7.74288, 7.69878, 8.06472, 8.14668, 10.3504, 8.03505, 8.77913, 10.2434, 10.5892, 10.5053, 4.16213, 3.6471, 5.78315, 3.57827, 2.83811, 0.896887, 3.12835, 7.38314, 14.8589, 23.1628, 30.5612)
(9.85078, 11.4989, 8.78478, 17.5701, 22.1646, 12.9673, 3.92258, 2.56439, 1.51009, 2.64398, 6.52247, 4.29826, 7.86952, 13.5396, 11.5652, 9.64418, 12.8737, 8.11144, 8.15469, 10.5012, 5.74491, 7.69726, 3.66221, 3.67842, 1.52499, 4.77372, 0.186289, 1.17335, 1.47422, 11.2852, 19.229, 21.9987, 31.0139)
(7.35, 6.32685, 7.77865, 11.4294, 15.3353, 17.523, 8.45375, 4.94647, 5.04004, 6.57881, 9.2376, 10.1377, 9.74209, 8.75313, 9.53908, 8.1169, 7.59848, 8.22714, 8.49382, 8.94923, 10.602, 9.84041, 7.80614, 7.68433, 6.50867, 5.16509, 3.85672, 1.13652, 4.09618, 8.89259, 15.0799, 17.7251, 22.0487)
(5.9839, 6.54975, 10.2057, 14.9249, 19.3794, 18.6106, 6.52124, 3.04796, 3.14189, 4.93314, 6.70163, 10.2386, 10.2696, 9.79768, 9.40369, 9.11265, 7.74504, 8.02668, 8.05048, 8.52839, 8.6967, 10.1305, 4.94774, 4.74245, 4.92221, 4.27826, 3.77077, 1.1173, 4.26253, 10.1916, 15.1625, 21.2859, 25.3188)
(9.429, 8.24959, 9.21036, 10.2727, 11.3249, 13.7161, 7.91911, 5.86761, 5.91231, 6.73663, 11.3617, 12.7543, 9.76938, 7.95042, 7.61028, 6.53862, 8.30578, 6.66554, 7.96045, 8.77085, 10.3226, 13.3517, 7.87944, 7.61555, 9.17446, 6.13406, 3.13428, 0.859989, 3.56803, 7.58523, 12.7526, 17.2069, 24.0894)
(8.92425, 7.288, 9.09487, 9.72961, 13.6693, 13.2739, 11.1745, 6.29824, 5.73955, 5.48694, 9.32086, 10.7308, 9.66426, 7.85363, 8.73788, 6.36403, 8.00521, 8.49139, 9.76327, 8.41773, 10.2841, 11.6877, 9.82714, 9.00496, 8.09732, 5.01353, 3.1335, 0.801589, 3.43214, 8.02985, 12.555, 17.3304, 22.7745)
(9.53286, 10.051, 12.475, 13.5582, 12.8714, 11.1277, 4.14946, 6.43846, 4.44373, 6.24206, 9.11011, 10.4418, 10.5495, 8.16775, 8.20036, 8.15053, 9.13464, 7.78148, 8.03822, 8.48382, 11.1986, 9.85341, 8.72856, 6.696, 5.23053, 3.21639, 1.43974, 0.567609, 2.66578, 5.30498, 11.4435, 19.7979, 34.9089)
(9.03295, 7.51435, 8.28398, 8.99905, 10.2965, 15.8537, 9.37448, 6.86567, 5.06966, 6.92395, 11.7857, 14.1841, 10.2545, 7.48091, 7.96706, 5.67421, 6.61103, 7.0954, 7.40855, 8.4208, 10.6383, 14.2651, 9.37038, 8.40705, 7.77568, 5.52806, 3.96685, 1.14344, 4.75129, 7.15645, 11.4407, 16.2672, 24.1929)
(9.75584, 6.8281, 7.50261, 8.01784, 10.549, 14.6078, 10.0297, 6.48541, 5.68127, 8.20143, 12.3409, 12.1485, 10.3259, 8.66523, 8.03725, 7.44899, 8.14585, 7.21994, 6.7334, 9.10472, 10.0821, 12.0881, 6.5858, 8.69749, 8.63916, 6.3082, 3.71906, 0.993585, 4.10436, 8.47267, 14.1584, 17.5996, 20.7216)
(11.5005, 11.0136, 8.7924, 11.3004, 8.00153, 12.6504, 6.41026, 6.48102, 6.81024, 6.05278, 10.9869, 12.9155, 10.4215, 8.51962, 7.01951, 7.34987, 8.0535, 8.12432, 8.40845, 8.76795, 11.0776, 9.34217, 11.9603, 10.0065, 10.9395, 5.99183, 2.36759, 1.25711, 2.74293, 6.6423, 10.4469, 15.9765, 21.6685)
(7.85505, 4.58903, 11.7735, 13.4802, 13.3046, 17.7271, 14.9132, 5.18719, 4.21168, 2.33111, 4.62723, 10.657, 13.2666, 10.5359, 5.2209, 8.42313, 8.05564, 8.06892, 8.55965, 7.4997, 8.21164, 11.5008, 8.61344, 10.2159, 7.73817, 5.70241, 4.69731, 0.746507, 4.73595, 9.27416, 12.4351, 17.0655, 18.7755)
(13.6259, 9.38807, 11.9607, 11.2226, 8.87504, 10.2945, 5.50055, 6.73986, 5.73466, 5.43862, 11.2194, 11.8582, 9.60705, 7.22139, 9.38448, 7.20736, 7.89017, 8.23121, 7.56454, 8.27403, 11.7077, 11.0538, 11.9294, 9.84371, 9.65334, 7.30843, 3.19076, 0.941028, 4.19713, 5.35859, 9.34325, 15.1696, 23.0647)
(9.26127, 8.89018, 9.58891, 9.61764, 12.4861, 13.1632, 7.31404, 5.92984, 4.29857, 8.30398, 11.1462, 13.4321, 9.38179, 8.39022, 7.72087, 6.72021, 6.95822, 7.51071, 8.62368, 8.53398, 10.4636, 12.2646, 9.3885, 8.07038, 7.51667, 5.61961, 3.61862, 0.720469, 3.58395, 7.46763, 12.2848, 17.9939, 23.7355)
(9.88636, 9.57386, 8.82337, 8.38833, 13.2112, 10.6643, 5.59986, 4.36909, 5.23701, 9.15806, 15.0885, 14.3743, 8.05347, 7.4473, 6.9787, 6.36155, 6.91845, 6.67081, 7.629, 9.53174, 11.24, 14.7946, 11.9386, 7.72825, 8.15408, 4.40181, 3.85204, 0.396666, 3.57522, 7.32363, 11.3329, 18.2074, 23.0894)
(9.03613, 8.49365, 10.2303, 13.1984, 16.4287, 14.8346, 4.38357, 3.73415, 3.50474, 6.35836, 9.79743, 10.0558, 9.34043, 7.15989, 7.44562, 7.80724, 9.66776, 8.60495, 8.53574, 9.72703, 9.60513, 12.0504, 5.48223, 4.69082, 4.54044, 3.65393, 2.03645, 0.736227, 4.49322, 10.2613, 14.4354, 21.5931, 28.0769)
(7.80436, 7.01011, 9.9438, 13.5556, 14.5538, 15.7836, 9.37577, 3.68255, 2.78065, 5.30701, 10.2027, 8.86602, 8.83987, 8.15969, 8.3429, 7.56735, 8.92356, 8.1114, 9.26205, 10.4622, 10.3481, 11.1168, 7.88977, 5.68109, 5.83171, 4.0668, 3.24139, 0.477986, 2.93123, 7.94749, 14.9174, 20.5004, 26.5148)
(7.1373, 6.28307, 10.4478, 14.5341, 16.8341, 13.3458, 6.27567, 3.94636, 3.59126, 7.07188, 10.5327, 13.8067, 8.0668, 8.83609, 7.5307, 6.52436, 8.82506, 8.40599, 8.95816, 9.6601, 9.54538, 9.84066, 6.64705, 6.42983, 4.94168, 3.47912, 2.2379, 0.743492, 3.01985, 8.80322, 16.6412, 19.76, 27.2967)
(3.67046, 3.64915, 5.4879, 21.2741, 20.6135, 19.6918, 5.9092, 1.08731, 1.84438, 7.44265, 9.32957, 7.82888, 9.20377, 6.07656, 13.0514, 6.82228, 10.744, 6.91614, 8.45053, 10.0508, 9.28625, 11.5695, 5.96429, 2.77792, 4.22493, 1.84959, 0.977416, 0.832689, 3.36618, 7.68038, 14.3699, 26.4726, 31.4841)
(10.0846, 17.0787, 12.4929, 6.83926, 8.36929, 11.7196, 7.88454, 4.44392, 2.76801, 6.4373, 11.8819, 10.7082, 7.23028, 10.2243, 10.1247, 4.96933, 7.35593, 8.1494, 9.63921, 9.58327, 8.71435, 13.301, 7.30502, 6.86272, 5.95708, 2.60356, 1.70033, 0.211749, 4.72514, 7.97682, 12.2772, 17.0833, 33.297)
(6.40581, 5.95422, 10.8711, 16.2204, 18.6477, 18.2133, 5.4869, 2.36199, 3.16049, 4.77669, 7.90139, 7.32726, 9.65304, 9.52983, 9.46289, 8.95138, 9.02576, 8.96071, 8.99474, 10.1497, 8.21436, 9.73032, 5.52155, 2.88106, 3.76279, 3.84981, 1.93866, 0.822224, 3.76237, 8.95331, 16.9431, 21.1122, 30.4529)
(6.12277, 7.69894, 11.244, 16.1074, 18.21, 15.1092, 6.35773, 3.67745, 2.3803, 4.70614, 8.38607, 9.825, 9.46291, 7.92846, 9.08197, 9.36615, 9.17389, 9.40466, 8.22839, 8.28211, 9.522, 9.72447, 6.05127, 4.52476, 3.87327, 3.51412, 1.90854, 0.616472, 2.94518, 8.8009, 16.0001, 22.647, 29.1184)
(12.9414, 10.6754, 12.0331, 7.98075, 11.7892, 11.0996, 4.32012, 5.41152, 3.17749, 6.31015, 14.2614, 11.381, 7.76503, 10.0102, 11.5771, 8.60473, 8.95323, 5.51075, 7.52854, 9.73608, 9.6764, 9.25696, 5.08794, 5.00926, 5.16466, 3.25322, 2.75488, 1.1861, 3.10635, 7.98744, 13.5718, 19.545, 33.3333)
(11.2758, 8.84808, 15.9231, 17.4372, 14.1345, 9.80974, 6.92306, 2.74935, 2.61856, 3.01619, 7.26448, 10.9867, 9.64865, 10.3449, 12.1867, 7.07297, 10.1539, 6.42217, 7.7377, 6.80939, 9.53807, 9.09879, 4.79968, 3.65153, 6.55047, 3.04968, 3.99303, 0.846901, 4.95947, 7.71043, 9.48181, 22.6314, 32.3256)
(7.41331, 7.61412, 12.1397, 18.3334, 17.0232, 14.3974, 6.30266, 3.55189, 2.99339, 2.92361, 7.30722, 10.0636, 7.77501, 8.44775, 9.9065, 8.63349, 10.3869, 10.7243, 9.76236, 7.43419, 7.81553, 9.05034, 5.98178, 4.64217, 5.27715, 5.20718, 2.20043, 0.391408, 3.30442, 8.39867, 15.1917, 20.5739, 28.8312)
(5.57267, 6.3495, 12.2211, 21.239, 24.4347, 14.0952, 3.97955, 1.36117, 2.3954, 3.72568, 4.62599, 6.35775, 6.26034, 7.19005, 10.2526, 11.4033, 12.8346, 9.36555, 11.4019, 10.2, 8.30297, 6.43094, 3.07531, 1.88399, 3.15879, 2.67406, 1.68514, 0.35053, 2.92102, 10.317, 23.029, 23.5742, 27.331)
(2.75367, 12.2055, 16.666, 22.8751, 25.279, 9.75615, 1.89448, 1.49964, 1.62466, 0.664124, 4.78158, 5.73875, 6.64683, 7.06542, 9.66949, 11.9289, 12.9056, 12.3473, 14.8299, 11.7418, 4.44396, 2.68208, 1.48302, 0.459487, 0.549052, 1.48199, 0.283706, 0.110708, 1.68027, 10.8648, 13.6592, 30.5991, 38.8286)
(4.8482, 10.6187, 14.7689, 22.9544, 24.0256, 10.7754, 2.29875, 1.81598, 2.68055, 1.63618, 3.57741, 4.68176, 6.55567, 7.4565, 10.3967, 14.872, 14.308, 9.03721, 9.18588, 9.26584, 8.59503, 5.6454, 1.71428, 1.16438, 1.54186, 1.374, 0.788469, 0.388916, 1.85359, 7.51754, 17.7496, 29.9756, 35.9317)
(10.8267, 11.863, 9.31038, 11.2228, 12.6347, 11.2664, 7.43591, 6.66355, 3.75112, 6.25766, 8.76777, 14.6687, 9.25937, 9.20774, 5.93246, 7.35809, 7.24359, 6.74944, 7.75412, 10.372, 11.7438, 9.71065, 9.67193, 8.38897, 7.08201, 5.24784, 2.04604, 0.648447, 2.10632, 5.23442, 8.72063, 17.782, 33.0714)
(10.5339, 8.42339, 8.64445, 11.0581, 10.231, 12.4912, 6.95769, 7.30924, 7.18449, 7.17862, 9.98786, 12.5219, 10.5614, 7.57582, 7.33774, 6.27422, 7.73844, 7.63148, 7.10505, 8.66743, 11.5806, 13.0059, 11.2346, 11.6462, 9.37691, 6.88241, 2.96795, 1.09727, 3.83696, 6.25866, 10.842, 17.3755, 18.4815)
(9.6641, 8.8472, 7.56223, 9.16431, 10.9289, 12.3899, 8.21945, 6.83011, 5.7318, 8.26411, 12.3978, 13.068, 10.3594, 9.70265, 6.44704, 7.11678, 6.66589, 6.40389, 8.30466, 8.73448, 9.6631, 13.5341, 8.24956, 8.82799, 7.50559, 5.18684, 2.85895, 0.976391, 3.06636, 6.42792, 14.4447, 16.9536, 25.5021)
(10.013, 7.79135, 7.07522, 9.72225, 9.98546, 16.6879, 9.83758, 6.18712, 5.51189, 6.15888, 11.0293, 12.2575, 9.17183, 9.8978, 6.53876, 7.16095, 7.97744, 7.24132, 7.80762, 9.85018, 10.1282, 11.9684, 13.0402, 10.3546, 8.7824, 5.84837, 3.64058, 0.829878, 3.7091, 6.01984, 10.8124, 15.2205, 21.7421)
(6.61749, 6.87879, 10.2682, 14.1078, 18.4698, 15.1074, 6.45746, 4.29779, 3.31881, 5.40786, 9.06857, 10.8591, 9.84148, 8.34306, 9.07597, 9.04558, 9.57682, 9.13807, 8.45751, 7.96483, 9.16922, 8.52841, 7.15101, 6.01972, 4.54135, 3.7624, 2.43702, 0.909767, 3.52278, 9.32992, 14.4813, 21.4757, 26.369)
(7.6203, 9.41491, 12.4489, 15.8751, 15.6559, 14.1629, 3.95589, 3.4223, 3.63821, 5.39115, 8.41434, 7.95045, 8.1537, 7.05032, 7.45492, 8.33354, 11.4118, 10.2152, 10.7907, 9.77431, 8.53553, 10.3295, 4.87584, 5.17688, 4.30273, 3.68357, 2.02903, 0.747226, 4.62182, 9.85791, 14.3889, 21.4735, 28.8426)
(9.03897, 10.1824, 14.7054, 13.9938, 13.1402, 13.3241, 5.88266, 2.74707, 3.27816, 5.94998, 7.75728, 9.04018, 9.69485, 8.89278, 10.2083, 7.7278, 9.42042, 7.34403, 8.17778, 9.21308, 10.5927, 9.68808, 5.92004, 4.89635, 6.85519, 5.39633, 1.57621, 0.393081, 2.81081, 7.69963, 12.6786, 20.9351, 30.8387)
(5.95566, 8.03586, 15.6835, 18.6458, 20.8296, 10.6349, 4.58757, 3.40815, 2.04135, 3.31188, 6.86587, 6.77777, 8.49339, 8.79814, 8.59813, 8.57864, 9.75367, 11.5581, 11.796, 9.49605, 8.18122, 7.96892, 3.0196, 3.06762, 2.79728, 3.40189, 1.90301, 0.575975, 3.32738, 11.5585, 16.7078, 24.1711, 29.4699)
(7.82089, 7.64631, 10.6221, 16.8076, 21.0689, 14.6593, 4.46511, 3.83887, 2.65213, 3.63714, 6.7816, 8.11496, 8.32899, 9.74181, 9.08879, 9.81336, 10.6267, 9.07329, 9.05397, 9.04423, 9.34956, 7.76437, 3.98417, 4.28215, 4.60854, 3.80991, 2.20575, 0.602016, 4.2712, 10.9933, 17.0721, 22.8016, 25.3693)
(11.0086, 5.87081, 8.31212, 14.7054, 20.5556, 17.2663, 5.05592, 2.22891, 2.65478, 4.72851, 7.61315, 8.10857, 7.86224, 10.6944, 9.98959, 8.46439, 11.8447, 8.89838, 8.7305, 8.99204, 7.72858, 8.68661, 9.86485, 6.01357, 3.79467, 3.69906, 2.09946, 1.21901, 3.75828, 10.4829, 14.8189, 20.8546, 23.3947)
(7.73943, 8.08393, 10.8032, 15.9154, 19.1832, 16.7092, 4.82015, 2.41823, 2.07109, 4.02288, 8.23323, 9.16646, 9.35049, 10.0628, 9.31214, 8.08597, 8.87414, 7.97707, 8.63309, 10.0448, 9.18848, 9.30458, 4.10241, 3.20563, 3.89387, 3.92563, 2.59566, 0.597981, 3.86459, 9.49803, 17.6139, 23.5207, 27.1816)
(7.07058, 9.91685, 14.6334, 17.835, 20.2529, 11.4123, 4.18531, 2.76752, 2.56707, 3.41548, 5.94373, 6.91169, 8.49316, 9.81394, 11.042, 8.76557, 10.6869, 10.3518, 10.7453, 7.68811, 7.88166, 7.61995, 2.46225, 1.97568, 3.09388, 2.97746, 2.19654, 0.704838, 3.81052, 10.4657, 17.765, 23.795, 30.7532)
(6.28923, 8.58219, 14.6203, 19.0786, 18.9475, 13.937, 5.43212, 2.26951, 2.15674, 2.91195, 5.77486, 7.05697, 8.11565, 8.96458, 10.512, 10.5527, 10.5799, 10.0911, 10.3283, 9.33214, 7.66271, 6.80392, 2.39207, 2.31434, 3.42287, 3.58132, 2.19942, 0.725438, 3.08751, 10.0069, 16.0275, 25.2997, 30.943)
(6.4648, 7.01275, 11.6869, 19.7882, 18.9845, 14.5242, 4.25562, 2.6873, 3.38912, 4.46488, 6.74169, 7.41364, 7.9827, 7.67742, 10.9095, 11.4031, 11.2553, 9.99528, 9.08357, 7.34589, 9.07989, 7.85373, 7.22173, 5.25748, 3.38839, 3.23754, 1.30564, 0.455771, 2.77829, 9.13665, 17.1257, 23.4735, 26.6194)
(8.6544, 8.285, 12.2119, 15.9027, 17.6603, 15.8444, 5.97882, 2.18392, 2.61665, 3.93091, 6.73093, 8.2136, 9.70705, 9.41728, 11.2937, 8.89848, 9.95885, 8.94666, 9.20358, 7.99298, 7.75575, 8.61207, 6.77967, 4.05028, 4.29306, 4.30946, 2.60505, 0.607725, 3.3717, 8.50695, 15.0938, 20.9203, 29.462)
(9.1931, 9.88975, 17.2542, 23.2833, 15.024, 10.0254, 2.6003, 1.7093, 3.02702, 2.9383, 5.05533, 7.298, 10.1137, 10.4348, 9.532, 14.1956, 13.0107, 12.4606, 9.03636, 5.28598, 3.71426, 4.91795, 2.84821, 2.42883, 0.943326, 0.473727, 0.360989, 0.117763, 1.01128, 8.12156, 12.0907, 17.8164, 53.7873)
(11.9885, 10.6261, 11.9654, 14.4442, 11.6136, 9.92626, 4.77042, 6.03858, 3.25497, 5.388, 9.98396, 10.9435, 8.87027, 10.1996, 7.67138, 9.23913, 7.17477, 7.73741, 11.4711, 7.95622, 9.616, 9.12067, 5.4496, 5.92687, 4.07946, 1.808, 2.13657, 0.250505, 2.11346, 4.41719, 13.5068, 23.7803, 36.5312)
(10.2664, 11.5359, 19.2688, 10.8742, 12.9481, 12.2392, 4.92738, 4.63598, 2.02999, 4.73994, 6.53415, 12.9125, 8.17784, 9.23049, 6.76013, 3.01168, 4.44303, 9.97517, 15.2441, 10.3416, 11.6373, 8.26614, 18.5189, 7.42045, 11.6837, 1.87497, 0.501106, 2.47589, 1.843, 3.85003, 8.92783, 16.4493, 26.4547)
(9.77121, 6.78471, 9.81483, 12.8437, 14.7361, 14.0056, 7.11133, 4.79337, 5.63453, 6.34134, 8.16333, 11.5738, 8.50796, 8.7097, 8.60466, 6.71571, 7.08509, 8.83938, 9.0256, 9.18157, 9.57413, 12.1823, 10.3476, 7.55513, 6.83508, 4.2126, 2.70028, 1.05366, 2.45431, 8.79688, 12.4052, 18.4721, 25.1671)
(7.24133, 6.8661, 8.66243, 10.121, 13.719, 16.2414, 9.96334, 5.48372, 4.07787, 6.09942, 11.5244, 12.2813, 10.6232, 8.27829, 8.2072, 6.40259, 8.05277, 6.97547, 8.38796, 8.84608, 10.3157, 11.6294, 6.32661, 6.48352, 6.84622, 5.73661, 3.55959, 1.24471, 3.3174, 9.46574, 13.847, 18.7082, 24.4644)
(10.2985, 8.6863, 11.8605, 13.6578, 13.1158, 9.58888, 3.7015, 5.94977, 4.77076, 6.60086, 11.7693, 10.708, 10.3991, 7.97408, 8.43322, 7.30483, 7.60742, 8.3552, 9.43015, 9.92509, 10.2332, 9.62962, 9.42771, 8.87411, 5.63607, 4.46947, 2.2126, 0.651832, 4.54398, 7.83692, 12.2065, 19.3264, 24.8144)
(9.727, 7.73399, 8.90946, 11.8724, 12.5628, 13.3622, 6.02248, 6.28032, 5.67559, 6.98737, 10.8664, 13.5067, 9.59253, 8.27443, 6.26182, 8.23482, 9.09146, 6.63474, 7.17611, 7.8574, 10.3585, 13.0115, 9.31389, 8.42793, 8.12254, 5.6722, 2.66843, 0.801408, 4.26739, 11.2003, 11.6728, 17.5868, 20.2664)
(10.5915, 7.68745, 7.60259, 10.4186, 11.2932, 17.5487, 9.18165, 5.30251, 3.71139, 5.4613, 11.2011, 11.7163, 9.30886, 8.72882, 8.20999, 7.55026, 9.32403, 8.33143, 8.12875, 9.1582, 8.83104, 10.7123, 9.67783, 8.37388, 7.19052, 4.35755, 3.33366, 0.636504, 3.60866, 6.59934, 13.3577, 18.2384, 24.626)
(7.92413, 7.57165, 13.0476, 14.5691, 15.6105, 15.5273, 6.50239, 3.16197, 2.44603, 4.35472, 9.28457, 8.35888, 9.40154, 9.83093, 10.1717, 8.54098, 10.8083, 7.85645, 8.49025, 8.89669, 8.68945, 8.9548, 7.11396, 5.49289, 4.41039, 3.12879, 2.88353, 0.805789, 3.25884, 7.02557, 13.1783, 21.3521, 31.3498)
(4.587, 7.12233, 17.5816, 17.7608, 18.7425, 14.5203, 6.31961, 2.56624, 1.18839, 3.17221, 6.43915, 6.29806, 8.62859, 9.63633, 12.0222, 10.7601, 9.13871, 10.1846, 9.61021, 8.26304, 8.02189, 7.43627, 2.23772, 3.89566, 5.05087, 3.63013, 2.01516, 0.403571, 2.04378, 8.06015, 13.8826, 25.3037, 33.4766)
(6.65796, 6.95962, 10.6954, 18.3417, 20.3822, 17.5573, 5.39344, 1.69495, 1.37739, 3.55203, 7.38799, 7.77277, 8.45332, 8.9365, 9.36508, 8.21162, 9.9006, 8.73394, 9.66887, 10.4778, 10.4752, 8.00423, 2.80531, 2.65203, 3.65094, 3.92209, 2.47911, 0.682369, 3.45316, 10.2845, 19.2226, 24.6958, 26.1521)
(7.92293, 4.29703, 9.28761, 17.8009, 21.7084, 20.9733, 4.01953, 1.02378, 1.43428, 4.03594, 7.49631, 6.42093, 9.74404, 9.4013, 8.52971, 9.87736, 7.4628, 10.6596, 7.4464, 11.6602, 11.4059, 7.39172, 2.39631, 3.14198, 2.33706, 3.13506, 3.26725, 1.1655, 3.85911, 12.1951, 16.1974, 24.3763, 27.929)
(5.75746, 6.24588, 13.1265, 19.0526, 21.334, 17.1986, 6.17756, 1.72816, 1.71219, 2.7146, 4.95248, 7.39959, 9.35204, 9.24092, 9.70074, 8.57693, 8.22676, 8.80248, 9.37394, 9.42576, 11.0765, 8.82433, 2.98832, 1.51039, 3.32229, 3.88232, 2.94338, 0.919169, 2.01804, 10.109, 18.0744, 26.7506, 27.4821)
(8.81681, 8.58711, 12.2852, 17.0344, 14.6306, 12.4333, 5.33576, 4.63745, 2.73427, 5.17939, 8.32575, 9.74914, 10.0015, 10.7178, 7.84012, 7.64745, 8.89944, 6.61062, 10.0757, 8.84285, 9.28672, 10.3286, 9.49516, 6.65628, 3.2335, 1.70896, 1.95453, 0.619276, 2.99106, 6.00916, 13.4699, 20.6236, 33.2385)
(10.3535, 12.7738, 13.093, 10.3089, 15.6095, 10.1542, 6.00546, 2.71615, 3.0532, 7.711, 8.22134, 10.6489, 13.2612, 9.5295, 6.83096, 3.85145, 5.30474, 5.51646, 11.0128, 12.3624, 11.4082, 10.2735, 15.8545, 9.23669, 4.20413, 1.88821, 3.29943, 0.238211, 3.74611, 5.58735, 11.9249, 15.1463, 28.8742)
(7.90438, 8.95916, 13.5912, 23.8543, 15.0297, 7.82784, 3.03033, 3.63791, 3.54122, 4.7903, 7.83368, 8.47939, 9.55301, 7.74907, 8.4894, 9.18164, 9.49067, 7.96172, 12.5701, 8.37109, 10.7039, 7.44998, 3.84294, 2.06759, 1.89226, 0.836612, 1.10402, 0.167042, 1.84788, 3.66846, 12.8803, 26.0656, 45.6273)
(7.82597, 7.79604, 9.51744, 12.1301, 14.265, 13.5842, 8.78436, 5.8146, 5.10372, 5.61377, 9.56485, 12.3678, 9.27454, 7.99151, 7.89858, 5.80772, 7.28228, 7.49532, 8.83522, 9.04568, 9.59742, 14.404, 7.80179, 6.59553, 6.37642, 6.83816, 3.17872, 0.709168, 4.58817, 11.1273, 13.2645, 16.7863, 22.7339)
(9.32434, 10.6912, 12.4379, 13.0065, 15.3512, 11.6981, 4.00688, 7.90636, 4.11737, 4.66568, 6.79442, 8.83326, 9.16928, 7.68395, 9.42098, 8.00921, 10.2842, 9.39358, 7.57976, 9.90098, 11.0836, 8.64121, 7.73808, 7.56248, 6.63572, 3.94356, 1.82583, 0.826008, 3.39191, 7.2629, 10.7553, 18.3389, 31.7192)
(10.408, 8.78902, 10.5927, 9.78692, 10.1476, 12.3834, 10.8666, 6.93633, 4.00474, 5.55511, 10.5294, 11.9073, 9.90865, 9.03326, 7.30834, 6.46812, 7.09442, 7.28985, 7.53325, 11.4907, 8.48327, 13.4828, 6.23235, 6.74651, 7.66998, 6.95715, 4.90491, 0.769102, 3.23423, 6.69942, 12.4759, 16.6816, 27.6288)
(9.76412, 7.33992, 8.28846, 11.1743, 12.0912, 14.7656, 9.12232, 4.73189, 5.3176, 5.51789, 11.8867, 10.9549, 9.45322, 8.79993, 7.88417, 7.75403, 6.84502, 8.51123, 8.20544, 9.97359, 9.80793, 11.8105, 8.761, 7.23793, 5.97454, 5.59218, 3.19322, 0.903204, 4.5623, 8.57732, 13.3295, 19.2428, 22.6261)
(9.42591, 7.69725, 10.7379, 12.9357, 14.1173, 12.7273, 7.15092, 4.71703, 4.23957, 6.05683, 10.1943, 11.8788, 9.49143, 8.52775, 8.53427, 7.52993, 7.60039, 8.20182, 7.98372, 9.43972, 10.2744, 10.5377, 6.60801, 5.746, 5.67971, 4.34315, 2.80513, 0.839354, 3.45165, 8.58461, 13.95, 20.1928, 27.7995)
(7.6353, 8.13449, 9.91512, 10.8963, 12.0073, 13.7874, 8.05973, 7.41648, 5.56914, 7.59469, 8.98403, 11.8179, 9.952, 8.90119, 7.94156, 7.02767, 8.49671, 6.67569, 8.09538, 9.76647, 10.9223, 10.4032, 8.67716, 7.51436, 5.81313, 3.54204, 2.03004, 0.502526, 2.8074, 6.02033, 10.9906, 18.5101, 33.5923)
(10.5588, 8.67091, 10.579, 12.2074, 11.1316, 10.9441, 9.30712, 7.01942, 4.03169, 4.20413, 11.3458, 12.855, 10.0596, 8.27293, 8.20923, 8.5545, 9.34693, 8.28739, 8.98092, 7.70899, 8.54633, 9.17819, 10.9786, 6.15391, 6.40087, 3.78661, 4.09946, 0.617741, 1.85673, 5.43095, 10.7459, 19.9548, 29.9744)
(7.16998, 8.22826, 11.5877, 20.2876, 20.4599, 14.1223, 3.19616, 2.15861, 3.28817, 1.53613, 7.96523, 3.71066, 6.75156, 7.06091, 8.70422, 12.2657, 10.5329, 12.8911, 13.2691, 6.58636, 8.94992, 9.27759, 3.6525, 2.96649, 2.93984, 2.22979, 1.85349, 0.159518, 5.77008, 14.5522, 15.7813, 23.9797, 26.1151)
(4.20752, 6.14458, 14.3217, 21.7056, 23.581, 14.4431, 4.0352, 1.5121, 1.42855, 1.90615, 6.71441, 4.76047, 6.0141, 7.63834, 10.2724, 10.7455, 16.9297, 12.6531, 13.0594, 7.57769, 6.2312, 4.11818, 2.46746, 2.03951, 2.58892, 2.60825, 1.16786, 0.440324, 3.05653, 10.9982, 17.4042, 28.7836, 28.4452)
(5.11743, 6.0675, 12.446, 20.7178, 22.4558, 20.3402, 3.47354, 0.827458, 0.582913, 2.83515, 5.13624, 4.79314, 8.64014, 7.547, 10.4367, 11.1359, 15.6597, 9.79814, 9.56639, 10.7702, 5.56249, 6.09012, 2.27138, 1.72026, 3.03007, 5.2308, 1.95858, 0.836191, 3.12138, 12.7667, 18.8753, 24.129, 26.0605)
(5.78014, 6.55906, 9.87255, 18.1172, 24.1095, 20.3917, 4.64745, 1.20474, 1.05166, 2.78594, 5.47999, 6.28783, 8.14948, 10.3546, 10.7035, 9.57609, 9.85577, 9.90966, 8.64305, 9.89214, 9.26718, 7.3607, 3.10502, 3.18018, 3.49507, 3.44628, 2.6607, 0.962162, 4.06643, 11.1144, 18.2159, 24.7235, 25.0303)
(7.91794, 5.41033, 8.50022, 15.0242, 25.6952, 19.4104, 4.05794, 0.975217, 2.05837, 3.41113, 7.53902, 4.5782, 8.59157, 11.7958, 10.8129, 8.29237, 11.8334, 9.51918, 11.3372, 8.36569, 7.09823, 7.77557, 7.02072, 5.25562, 2.97738, 2.86147, 2.29183, 1.47636, 3.90275, 11.867, 18.1136, 21.1402, 23.093)
(7.947, 3.02977, 12.5524, 24.5747, 22.8013, 13.187, 1.8461, 4.09733, 3.09772, 4.92511, 1.94159, 4.97462, 4.21177, 11.1208, 9.67774, 16.7414, 15.0842, 12.3973, 8.60355, 6.70264, 5.77767, 4.70835, 12.6541, 6.13556, 5.96486, 0.562511, 1.09014, 0.0850854, 3.1526, 4.90901, 17.0717, 30.3278, 18.0466)
(6.83513, 4.98784, 9.43107, 18.1576, 24.9837, 22.6076, 3.3401, 1.15597, 0.6459, 2.43703, 5.41804, 5.01023, 7.90511, 10.1472, 10.1988, 10.5991, 9.18164, 7.0881, 15.5944, 10.8337, 7.36203, 6.07964, 1.50368, 3.35152, 3.11091, 3.19086, 3.26009, 0.882765, 3.18649, 15.2152, 19.2468, 23.5248, 23.5269)
(3.73561, 13.631, 19.1714, 20.7983, 20.4128, 6.95672, 2.41281, 2.67818, 2.3688, 3.10909, 4.72531, 5.81267, 6.75091, 7.15035, 9.85054, 15.2939, 13.786, 15.1044, 10.4542, 4.09445, 4.69878, 7.00376, 1.94643, 1.31982, 1.36776, 0.377254, 0.327142, 0.0953626, 0.660851, 6.6357, 9.90882, 25.5957, 51.7652)
(7.79492, 7.63058, 15.0062, 19.04, 20.3514, 8.361, 3.91992, 4.00227, 2.80766, 4.70003, 6.38601, 8.31043, 6.84735, 8.13584, 9.38662, 10.4977, 12.6505, 9.00188, 9.47792, 11.4353, 8.07291, 6.18352, 6.90421, 5.78457, 2.18607, 1.18128, 0.815545, 0.272574, 1.67897, 6.85726, 14.5392, 24.7792, 35.0012)
(6.60023, 8.84772, 17.4581, 23.9142, 18.4226, 6.43623, 1.69995, 2.62129, 2.10733, 5.18105, 6.71132, 6.93048, 7.81274, 8.23052, 9.91773, 10.6564, 11.506, 8.63016, 12.3629, 8.17485, 8.77268, 7.00548, 3.61115, 2.04393, 1.34073, 0.758752, 0.583254, 0.186545, 1.09385, 6.25641, 14.397, 24.379, 45.3494)
(5.64288, 6.97542, 10.9523, 22.3219, 20.599, 11.5751, 5.78407, 4.87195, 2.4068, 3.22724, 5.64335, 6.09049, 6.83057, 7.86436, 9.9433, 10.626, 12.9842, 12.4601, 9.11663, 8.42128, 8.04079, 7.62223, 8.88305, 5.52703, 3.00821, 2.59108, 1.40639, 0.515919, 2.67545, 7.20602, 15.3384, 25.1863, 27.6621)
(8.32565, 8.40279, 11.5097, 12.7126, 11.593, 11.532, 8.67279, 6.82369, 4.77324, 6.40716, 9.24739, 11.0675, 9.83583, 8.09356, 8.53663, 7.2664, 8.17248, 7.15103, 7.29873, 10.4137, 10.4637, 11.7005, 6.51157, 7.12581, 6.60943, 4.8388, 2.69548, 0.939377, 2.35078, 7.71138, 11.1068, 20.1842, 29.9263)
(7.41208, 7.96318, 9.9045, 13.3277, 14.8496, 13.3436, 6.64092, 6.30383, 4.45789, 5.96669, 9.83006, 10.021, 8.76796, 8.34018, 9.87847, 7.85569, 8.77204, 7.68691, 7.79284, 9.97718, 10.4197, 10.4881, 8.7594, 7.09829, 4.93336, 3.07703, 1.78987, 0.452513, 2.82316, 6.88741, 13.0314, 20.5302, 30.6174)
(10.1166, 11.9539, 8.46179, 9.68221, 8.78996, 12.1862, 4.43531, 3.68336, 7.36944, 11.4261, 11.8952, 7.23963, 8.27405, 8.96821, 11.1201, 8.87695, 6.81242, 10.5886, 11.5079, 9.46648, 8.78822, 8.35752, 12.9642, 8.52197, 9.98664, 3.29188, 3.74332, 0.268219, 1.92577, 5.60671, 8.20296, 17.6418, 27.8466)
(4.89707, 6.62468, 10.4268, 17.3767, 23.1374, 16.2644, 5.95696, 3.94703, 2.63049, 3.83707, 4.90135, 6.92851, 7.43069, 8.80611, 9.4513, 10.1869, 11.6408, 9.61298, 9.85041, 9.69402, 8.69294, 7.70525, 7.15469, 4.14332, 3.28621, 2.72714, 1.73758, 0.622656, 3.82558, 10.9635, 18.331, 21.5787, 25.6296)
(4.66874, 6.95439, 10.9461, 17.0558, 26.4252, 15.204, 5.44457, 2.74848, 2.45904, 3.26473, 4.82882, 5.96316, 5.90182, 8.93151, 11.5943, 11.4632, 12.5782, 12.0403, 8.3727, 9.31968, 7.60334, 6.23184, 9.7208, 3.22786, 2.60043, 1.89441, 1.20606, 0.864956, 3.96088, 8.62603, 18.4948, 23.4292, 25.9746)
(8.25734, 7.6275, 8.36491, 11.7076, 14.8589, 14.0854, 7.72185, 4.73003, 3.84375, 6.49484, 12.3078, 13.0985, 10.6898, 9.62849, 7.7799, 8.09942, 8.79573, 8.85973, 7.37287, 8.08359, 8.94419, 8.64772, 6.54982, 6.55469, 5.60575, 4.56758, 2.80117, 0.738934, 3.94314, 8.7422, 13.7516, 19.2448, 27.5003)
(6.7188, 5.15402, 12.4225, 19.8542, 16.6608, 14.0494, 5.56202, 3.59282, 3.52369, 5.21549, 7.24619, 8.97974, 9.06502, 7.56204, 9.45734, 9.30641, 10.1338, 7.6074, 11.2638, 9.85394, 8.76712, 8.00342, 5.26247, 4.70678, 4.31881, 3.01431, 1.94166, 1.16839, 3.09078, 6.60273, 16.9764, 24.6501, 28.2675)
(10.4538, 8.8501, 12.6151, 17.1961, 20.529, 11.3673, 2.54999, 6.10915, 1.39271, 3.62205, 5.31459, 9.2983, 8.07303, 9.91298, 8.69614, 4.80491, 11.9801, 8.82733, 9.80592, 14.4717, 7.86452, 6.26508, 4.3074, 2.92351, 1.67176, 1.86002, 1.97278, 1.15262, 3.11425, 11.7611, 14.4632, 22.8669, 33.9065)
(3.61518, 8.53288, 18.4539, 15.3038, 18.6094, 13.4199, 3.38601, 0.261069, 3.35625, 8.26752, 6.7941, 6.87129, 6.83395, 10.1061, 10.1294, 6.84959, 10.21, 10.1286, 14.9714, 13.4046, 5.27454, 5.22056, 0.245939, 0.208298, 1.76432, 4.95476, 1.70616, 1.65001, 4.97902, 8.44761, 13.558, 34.9682, 27.5177)
(7.0639, 6.97675, 10.0922, 17.0204, 18.5181, 12.951, 5.5568, 4.22607, 3.40865, 5.4002, 8.78588, 7.65644, 9.70948, 9.05792, 10.2331, 8.74873, 10.132, 9.25667, 8.12748, 9.92204, 7.91826, 9.23787, 4.84128, 4.09389, 3.54937, 2.75247, 2.01936, 0.687559, 2.83623, 9.59394, 16.097, 23.0568, 30.4721)
(7.95544, 7.46746, 10.1202, 14.8125, 15.8209, 14.0492, 6.2998, 5.95447, 3.79122, 4.58703, 9.14194, 8.66847, 8.15468, 8.49103, 9.81791, 8.58504, 9.27052, 8.76945, 7.62788, 9.93249, 10.6834, 9.99916, 8.52373, 6.34972, 3.84867, 2.93188, 1.92755, 0.455661, 3.23629, 7.24814, 12.9371, 22.8724, 29.6689)
(4.91375, 8.15525, 10.055, 18.392, 23.8533, 15.8392, 3.47453, 3.77718, 2.55834, 3.43207, 5.54937, 5.99794, 7.44489, 9.51785, 11.6265, 12.9967, 11.9204, 10.2699, 8.55718, 8.39699, 6.89705, 6.37465, 5.6972, 3.22972, 2.26459, 1.88197, 1.60072, 0.879325, 4.86065, 10.6709, 17.3365, 21.619, 29.9595)
(5.36801, 6.61026, 9.28243, 17.9236, 22.203, 14.2135, 4.91452, 4.11908, 2.89518, 5.01868, 7.4518, 7.34912, 7.52057, 8.10739, 9.81036, 10.2366, 11.2538, 10.5497, 8.84647, 9.23163, 8.27194, 8.82247, 5.36402, 4.10675, 2.89433, 2.06614, 1.5381, 0.638039, 3.7575, 9.44015, 18.2605, 24.3415, 27.5929)
(4.98913, 6.3924, 9.26718, 21.8384, 21.9163, 11.437, 5.67496, 4.25263, 4.91312, 3.58946, 5.72951, 8.51676, 16.765, 9.88646, 5.10486, 5.7962, 7.86729, 10.5811, 10.5848, 11.2743, 5.7795, 7.84363, 3.62901, 2.89298, 0.803841, 0.76758, 1.42644, 0.70527, 1.47754, 5.07284, 16.2973, 28.899, 38.0282)
(3.46767, 5.60596, 10.7988, 21.9008, 27.1016, 15.2376, 4.33787, 2.69683, 2.14445, 3.14696, 3.56147, 5.91536, 8.27076, 8.84024, 10.1492, 11.9935, 13.0206, 9.82637, 9.28564, 8.21217, 7.82582, 6.6603, 4.14916, 2.67995, 2.4296, 1.88245, 0.907493, 0.519798, 3.59919, 10.8233, 19.9078, 25.4488, 27.6524)
(4.28575, 6.41451, 11.7169, 20.9114, 25.1846, 12.3759, 4.163, 2.53124, 2.49574, 3.77784, 6.14304, 6.4781, 8.48641, 8.37836, 8.59397, 9.5275, 10.9179, 10.9342, 10.0923, 9.971, 8.39385, 8.22634, 3.98067, 2.72991, 1.85793, 1.80636, 1.09469, 0.528117, 3.28253, 9.48196, 19.8849, 26.0571, 29.2959)
(3.36847, 5.26606, 8.3439, 19.7362, 28.9989, 19.7644, 2.73078, 2.04893, 1.68137, 4.81703, 3.24401, 5.46204, 5.83457, 6.01477, 9.55674, 15.5612, 14.6692, 12.087, 10.3355, 5.30835, 8.33561, 6.83494, 3.56433, 2.54546, 2.03116, 0.999969, 1.97922, 0.778602, 5.01009, 11.5894, 24.6244, 22.8599, 24.0176)
(1.3764, 5.05399, 10.962, 18.1184, 32.6773, 17.5808, 4.87928, 2.04796, 3.46856, 1.21283, 2.62244, 4.76692, 5.14745, 6.44605, 9.60398, 13.949, 14.3536, 11.5026, 8.61257, 10.1384, 8.63118, 6.84816, 5.7668, 1.32025, 0.748396, 1.36202, 0.555527, 0.274701, 3.73281, 8.5191, 25.8902, 20.0852, 31.745)
