(7.56234, 12.195, 12.7143, 12.6515, 12.9442, 10.6731, 6.85536, 4.87192, 2.99705, 5.25428, 11.281, 10.4096, 8.40114, 8.2251, 8.6266, 10.2069, 9.94462, 9.82603, 8.77955, 7.82556, 8.63724, 9.11772, 3.74755, 3.92778, 5.70562, 4.83287, 2.52201, 0.805242, 3.77345, 7.45111, 14.2872, 20.1711, 32.7761)
(7.7016, 11.3916, 12.3461, 12.1896, 13.1073, 12.2452, 6.06593, 4.7308, 3.12522, 6.30752, 10.7893, 10.3266, 10.1989, 9.37048, 9.06107, 8.76921, 8.10447, 8.13819, 8.64706, 8.56198, 8.16714, 10.6549, 5.01346, 4.63205, 5.95697, 4.5443, 2.49633, 1.00575, 4.86589, 8.93161, 13.9695, 20.893, 27.6911)
(8.77443, 10.7442, 14.1165, 18.4802, 17.3145, 7.62503, 3.04824, 1.98515, 3.83041, 5.27495, 8.8064, 5.91599, 9.77386, 9.54991, 10.588, 10.5082, 11.1124, 12.061, 9.67703, 7.75624, 6.24156, 6.81579, 3.47636, 2.63205, 1.82135, 1.65861, 0.443876, 0.0843855, 1.80882, 6.92487, 14.8719, 25.1752, 41.1026)
(7.96071, 11.2573, 12.4532, 10.8691, 12.4423, 12.0008, 7.29534, 5.57374, 3.64546, 5.73371, 10.7684, 10.574, 8.968, 8.0203, 8.2982, 8.64805, 9.22285, 9.52876, 8.18441, 8.50896, 9.05471, 10.9918, 5.59747, 5.42223, 6.46757, 5.37206, 2.88625, 0.799873, 4.10601, 7.8516, 12.7096, 18.1535, 30.6338)
(7.42512, 10.1288, 17.0155, 17.8555, 14.5207, 9.72428, 4.91941, 3.91033, 3.08405, 3.88999, 7.52635, 7.81418, 8.4954, 9.01866, 8.66451, 8.87164, 11.3564, 10.6315, 10.8514, 8.88632, 7.95307, 7.45693, 4.02792, 3.07251, 3.48586, 2.73341, 1.42483, 0.563184, 2.8267, 6.28644, 13.8814, 24.5844, 37.1133)
(7.96659, 11.4609, 11.1883, 9.97031, 12.0203, 12.7484, 9.36703, 6.01838, 3.43297, 5.51254, 10.3143, 10.8366, 9.222, 8.23435, 8.44444, 8.38347, 9.20536, 9.04467, 9.15548, 7.68009, 8.56298, 11.2305, 7.04514, 6.55054, 7.77644, 6.70924, 2.9337, 0.794289, 4.5498, 8.54611, 11.0727, 16.5107, 27.5113)
(8.2225, 7.88355, 11.2346, 11.5902, 14.1858, 12.6168, 6.46526, 4.15173, 4.19124, 7.6777, 11.7806, 12.0839, 10.2232, 9.37449, 8.5638, 7.84369, 7.25987, 8.37264, 7.32235, 8.9343, 9.01592, 11.0058, 4.64391, 5.19585, 5.90771, 3.78269, 2.3957, 0.605959, 4.07064, 9.23536, 15.4879, 22.0362, 26.6381)
(10.989, 9.25027, 11.2021, 12.6307, 12.7115, 9.68066, 5.73996, 4.93604, 5.37294, 6.50921, 10.9777, 9.22356, 10.3003, 8.61559, 9.21353, 7.88105, 8.39632, 8.92489, 8.18547, 9.45666, 8.83739, 10.9653, 8.46652, 6.90312, 5.06986, 4.67364, 1.48579, 0.358312, 2.49475, 6.65391, 11.483, 18.7036, 33.7075)
(9.43696, 8.07624, 10.6362, 13.3356, 14.0377, 11.0095, 6.13443, 5.51242, 5.51443, 6.00698, 10.2995, 9.13184, 10.914, 8.91313, 9.07023, 7.77123, 8.31206, 9.56841, 8.34315, 8.76631, 8.77527, 10.4344, 7.62336, 6.71986, 4.4056, 4.52933, 1.48804, 0.380077, 2.48221, 6.50282, 11.6752, 19.5098, 34.6837)
(9.31038, 8.62642, 10.886, 13.7117, 16.1845, 10.0429, 4.97799, 5.94484, 4.74015, 5.99125, 9.58383, 10.4361, 9.65809, 8.44797, 8.20626, 8.18304, 8.52198, 9.61969, 8.59741, 8.55306, 9.2795, 10.4969, 8.1865, 7.23339, 6.10898, 4.38427, 1.92548, 0.583307, 3.31844, 8.49068, 14.1001, 19.2129, 26.456)
(7.39382, 10.032, 16.0613, 15.9189, 13.7094, 10.1243, 5.0279, 4.51973, 3.48561, 4.49707, 9.2299, 8.78369, 8.87048, 9.27513, 8.29299, 8.90445, 10.2154, 9.90737, 9.90078, 9.25595, 8.45634, 8.13747, 4.52093, 3.53554, 4.03535, 2.98442, 1.76377, 0.60527, 2.99474, 6.56051, 13.633, 22.2627, 37.1038)
(8.71594, 11.4014, 11.5399, 9.38159, 11.2192, 12.637, 8.89738, 6.21323, 4.07473, 5.63482, 10.2849, 10.7113, 9.03257, 8.07341, 8.2329, 8.49135, 8.48762, 8.37331, 8.78545, 8.44761, 9.32055, 12.0439, 9.56662, 7.95186, 8.0796, 5.76826, 3.12769, 0.775976, 4.13403, 7.80695, 11.0195, 15.6852, 26.0843)
(7.66817, 9.85225, 14.5255, 15.3947, 15.3322, 11.6066, 6.99524, 5.15786, 2.66864, 3.2653, 7.53354, 8.91738, 8.10768, 8.28871, 8.75537, 8.91063, 10.1295, 10.2333, 9.87655, 8.52892, 9.20751, 9.04445, 4.50898, 4.25394, 4.86335, 3.3237, 2.48081, 0.971513, 3.16311, 6.83007, 14.3491, 22.1833, 33.0721)
(8.76511, 8.53956, 12.3897, 13.383, 12.088, 13.6904, 5.26348, 3.62259, 3.98454, 6.52624, 11.7474, 10.2713, 10.1318, 9.05951, 10.0312, 7.7248, 7.78084, 7.02138, 8.62673, 9.25364, 8.94931, 11.1495, 4.12289, 3.63682, 3.38391, 3.50355, 2.11357, 0.838119, 3.83618, 7.81811, 14.3287, 22.7316, 33.6865)
(7.50944, 7.90351, 13.4123, 14.534, 15.5941, 13.4259, 4.45963, 3.13507, 3.00178, 6.46666, 10.5576, 9.89792, 9.19835, 8.9409, 10.8072, 10.0107, 8.36145, 7.70407, 8.38386, 8.60966, 8.85744, 9.2285, 3.76923, 3.2333, 3.42984, 2.52464, 2.23988, 0.31939, 3.25303, 7.83093, 15.0712, 25.2274, 33.1012)
(7.72615, 10.8667, 14.4195, 18.5461, 17.0325, 8.63805, 4.27943, 2.62721, 4.45367, 4.48472, 6.92612, 6.12704, 8.45147, 8.70336, 9.74472, 9.88234, 11.1333, 12.2738, 9.42225, 9.12196, 7.39808, 7.74168, 5.68387, 4.20021, 2.55098, 2.15806, 0.769864, 0.152785, 1.64209, 5.05153, 14.4093, 25.9008, 37.4804)
(10.4236, 9.04161, 10.6843, 12.8664, 13.6469, 10.5006, 5.87987, 5.25096, 5.57987, 5.83065, 10.2952, 9.56273, 10.1305, 8.68355, 9.4364, 7.83481, 7.92698, 9.33068, 8.40423, 9.20953, 8.83157, 10.6491, 8.11822, 7.75741, 5.57319, 4.38196, 1.71486, 0.421947, 2.73933, 6.92272, 11.6293, 18.4703, 32.2708)
(8.9419, 10.4163, 12.2541, 11.4982, 12.0842, 13.5228, 8.43834, 5.62568, 3.39762, 4.28591, 9.53495, 10.719, 9.51381, 8.38167, 7.77413, 8.03301, 8.54378, 8.59655, 8.8994, 9.0045, 9.30717, 11.227, 7.97755, 6.23635, 7.09288, 5.26551, 3.29721, 1.0098, 3.6318, 7.61699, 12.6409, 17.3879, 27.843)
(8.88448, 9.16801, 12.7763, 16.6944, 19.1591, 10.9494, 4.07174, 4.29976, 3.41347, 3.62588, 6.95741, 7.50561, 7.67528, 9.136, 8.54621, 9.67643, 11.2425, 10.3629, 9.65436, 9.0919, 8.71072, 8.39811, 5.25002, 4.45471, 4.15231, 3.313, 1.72276, 0.505496, 3.64666, 9.57206, 16.1723, 23.4889, 27.7217)
(8.10935, 9.69406, 13.2478, 13.2934, 13.3067, 12.9973, 7.76411, 5.43307, 3.30685, 3.78082, 9.06652, 9.71703, 8.54362, 8.78384, 8.33377, 8.57383, 9.20345, 9.46936, 9.14513, 8.92481, 9.448, 9.85715, 5.80312, 5.2136, 5.50889, 4.4021, 2.97179, 0.953402, 3.28634, 7.35399, 13.6426, 19.5825, 31.2816)
(7.7747, 8.85616, 13.2091, 18.2348, 21.4623, 11.5918, 3.64432, 3.64948, 2.80766, 2.74031, 6.02927, 6.37711, 7.53941, 9.18484, 9.53074, 9.91487, 12.0912, 9.64767, 9.40705, 10.09, 8.55264, 7.66445, 3.40903, 3.73156, 2.73676, 2.62413, 1.72902, 0.759753, 4.03304, 10.4683, 17.2132, 24.6476, 28.6476)
(7.99789, 9.6601, 13.2227, 16.9978, 17.4588, 11.6066, 6.5013, 3.88413, 2.38134, 2.95389, 7.33535, 8.6202, 7.57759, 9.03551, 9.05033, 9.70373, 10.2596, 9.06785, 9.19842, 8.5856, 9.1271, 9.77404, 3.17762, 3.44511, 4.70262, 3.53149, 1.84009, 0.568159, 4.12131, 8.53536, 16.2519, 23.6329, 30.1935)
(8.72211, 8.34627, 11.7491, 13.8005, 12.7051, 14.4208, 5.96216, 3.74456, 3.5374, 6.19472, 10.8172, 10.3302, 10.1862, 9.1801, 10.4, 7.87678, 6.8811, 6.7684, 9.25658, 9.35618, 8.7107, 11.0537, 3.54115, 3.90529, 3.97763, 3.67912, 2.60509, 0.829187, 3.94099, 8.26983, 14.4826, 22.2626, 32.5065)
(7.63646, 10.4497, 14.4618, 17.738, 17.8792, 9.79993, 4.05188, 3.12377, 4.05025, 3.68164, 7.12738, 6.2594, 8.32006, 7.78604, 9.90207, 9.93001, 11.0433, 12.2235, 10.2467, 9.13197, 6.89122, 8.26585, 6.20552, 4.75257, 3.01167, 2.47392, 0.91667, 0.219126, 1.97004, 5.73117, 13.8853, 25.2844, 35.5496)
(8.64737, 10.2744, 13.2517, 15.3116, 14.7264, 11.1769, 4.92019, 3.80396, 3.44243, 4.72387, 9.72116, 8.58228, 8.44086, 9.0703, 8.8292, 8.72791, 8.89561, 10.347, 9.94214, 9.71772, 8.76198, 8.68502, 4.26155, 3.92692, 3.71292, 3.07174, 1.97623, 0.567222, 3.70595, 8.12765, 14.7204, 21.5678, 34.3616)
(9.56333, 8.94976, 10.2454, 13.0414, 15.6091, 11.9284, 6.31867, 5.66892, 4.94964, 5.52686, 8.19858, 10.961, 8.97732, 8.49129, 9.06488, 8.20482, 9.15114, 8.87695, 8.16027, 8.17141, 9.16707, 10.7738, 8.01461, 8.01076, 6.4529, 4.99895, 2.43376, 0.840311, 3.72654, 9.35225, 13.3673, 18.7256, 24.077)
(8.64622, 7.79534, 11.7965, 13.8266, 13.6182, 14.8745, 6.33498, 3.87065, 3.76005, 5.49311, 9.98376, 11.0384, 9.44838, 9.44628, 9.72745, 8.05229, 7.30972, 7.09701, 8.99165, 9.28737, 8.99459, 10.6068, 4.49544, 4.82754, 4.45024, 3.70146, 3.01607, 0.806235, 3.79998, 8.66389, 14.3302, 21.6246, 30.2843)
(11.0939, 8.20109, 9.22652, 10.0635, 11.3134, 11.7373, 6.88099, 7.44165, 6.87112, 6.84383, 10.3267, 11.8725, 10.3044, 8.93864, 8.28035, 7.43521, 7.53386, 7.89698, 7.38885, 9.2489, 9.05446, 12.0458, 11.5614, 10.5339, 8.28273, 6.00242, 2.584, 0.793799, 3.28837, 7.29777, 10.6874, 15.4922, 23.476)
(8.79629, 9.90806, 12.1036, 13.1991, 13.3522, 12.7211, 6.71022, 4.63794, 3.28463, 5.01686, 10.27, 10.1392, 9.14831, 8.8901, 8.36356, 8.27695, 8.53802, 9.14556, 8.75313, 9.60975, 9.31847, 9.81689, 6.12866, 4.77703, 5.32131, 4.36023, 2.55717, 0.848835, 3.53704, 7.99331, 14.3564, 20.2836, 29.8364)
(11.5977, 11.6003, 10.4066, 10.0702, 9.62461, 10.8779, 8.67784, 6.6421, 4.76522, 5.00303, 10.7345, 11.9157, 9.95158, 8.98382, 7.5166, 7.96646, 7.28349, 8.47456, 7.55176, 8.94036, 9.47347, 11.9422, 20.5172, 11.3631, 8.73822, 6.43782, 2.93022, 0.663597, 2.8536, 5.85158, 9.28081, 12.9743, 18.3896)
(8.96854, 10.006, 11.9279, 14.6267, 15.9519, 12.364, 6.51404, 3.98753, 2.62809, 3.53428, 9.49092, 9.54678, 8.42484, 9.59934, 8.46014, 9.41695, 8.66726, 7.84538, 8.56464, 8.73134, 9.72394, 11.0194, 4.36722, 4.15328, 4.51407, 3.38279, 2.09046, 0.837825, 4.02229, 8.11761, 14.5737, 22.8756, 31.0651)
(8.13536, 10.1155, 13.2744, 16.6968, 18.2818, 12.2899, 6.28309, 3.02061, 1.78331, 2.49271, 7.62643, 8.66824, 8.09043, 8.57157, 8.54891, 10.2477, 9.1727, 9.10243, 9.4868, 8.82839, 9.1982, 10.0846, 2.2701, 2.88819, 3.95033, 3.36844, 2.10425, 0.589342, 3.88657, 8.34534, 16.4541, 24.6327, 31.5106)
(8.48918, 7.3373, 12.0165, 15.4789, 15.4065, 15.8115, 5.52236, 3.29935, 2.91663, 4.23109, 9.49066, 10.1216, 9.40378, 9.3977, 10.7109, 8.6233, 6.8576, 6.91549, 9.71675, 10.1568, 8.65608, 9.43993, 3.50908, 4.3158, 3.33419, 2.87608, 2.67046, 0.895342, 4.07689, 9.35413, 15.3347, 23.9716, 29.6618)
(11.3423, 8.92229, 10.7162, 11.1623, 10.9889, 10.087, 6.50746, 5.70632, 5.64926, 8.01167, 10.9062, 9.33523, 10.0014, 9.1222, 8.22664, 7.98931, 7.80254, 7.71359, 6.9868, 9.70697, 10.5225, 12.5928, 8.91591, 11.4896, 7.46188, 4.28604, 2.60101, 0.983656, 2.27094, 8.75784, 11.7278, 17.809, 23.6963)
(11.6609, 9.11191, 10.7964, 11.8589, 10.2489, 10.0211, 5.96243, 6.59007, 5.61646, 7.35438, 10.7784, 9.3717, 10.4493, 8.96435, 8.44121, 7.44067, 8.30891, 8.21733, 6.25699, 9.48493, 11.0972, 11.9674, 9.99957, 12.0072, 7.67489, 4.70631, 2.70902, 1.15457, 2.38882, 7.6484, 12.1083, 17.0712, 22.5317)
(14.9912, 9.73104, 7.61925, 7.76901, 10.4636, 10.6774, 7.23755, 6.49586, 6.24333, 5.85697, 12.9148, 14.0027, 8.82631, 7.92798, 8.66468, 7.29677, 6.56688, 6.62726, 7.94216, 8.88832, 10.5705, 12.6865, 19.857, 12.1821, 8.44484, 5.47663, 2.70864, 0.66184, 3.00535, 7.88085, 11.6359, 13.8083, 14.3385)
(7.78816, 10.4156, 13.8979, 15.1194, 13.5691, 10.6497, 5.97665, 3.84244, 3.811, 5.67881, 9.25125, 8.76997, 8.4125, 8.21681, 8.88175, 9.22849, 11.0204, 11.4169, 9.04731, 8.52372, 8.21198, 8.27014, 4.94726, 4.47372, 4.16981, 3.42424, 2.10708, 0.76489, 3.29553, 7.88209, 14.2347, 23.0593, 31.6414)
(10.0956, 10.4694, 11.1933, 11.1397, 11.1695, 12.5943, 8.15479, 5.16133, 3.80063, 5.60237, 10.6191, 11.8715, 9.63877, 8.72619, 7.79918, 7.68061, 8.50167, 8.70325, 8.27407, 9.10922, 9.15121, 10.5444, 9.65866, 7.01275, 6.77261, 5.28237, 3.26113, 0.807699, 3.6417, 8.11686, 11.9383, 16.9579, 26.5499)
(6.90958, 9.88911, 14.8097, 16.5003, 15.5781, 10.7455, 4.94641, 3.69094, 3.98923, 5.04231, 7.89881, 7.71101, 7.69439, 7.88416, 8.87272, 9.64866, 12.4426, 13.3985, 9.13061, 7.98511, 7.60865, 7.62366, 3.79933, 3.31659, 3.31212, 2.81371, 1.77353, 0.759525, 3.25156, 7.51339, 15.8089, 24.9492, 32.7022)
(9.89575, 11.3333, 11.7747, 12.7832, 11.9447, 12.5872, 8.05408, 4.28994, 2.95892, 4.22924, 10.1489, 10.1426, 10.1654, 8.45242, 8.65261, 7.53781, 8.59734, 8.72553, 8.07296, 9.33973, 9.73255, 10.581, 6.03733, 5.67291, 5.45524, 5.23057, 3.17452, 0.854908, 3.92209, 7.72349, 12.3542, 19.0932, 30.4815)
(12.5646, 8.8467, 9.39266, 10.0207, 10.3021, 12.8752, 6.91546, 5.77033, 5.75681, 6.02207, 11.5335, 11.7827, 9.57745, 8.70273, 7.7003, 7.41932, 7.29981, 8.03751, 7.90635, 9.68585, 10.4546, 11.4334, 10.2405, 10.7212, 7.79297, 5.68562, 3.53411, 0.652298, 3.31486, 8.08635, 11.5809, 15.9066, 22.4847)
(8.09583, 8.19106, 11.1391, 11.299, 12.4878, 13.5789, 8.22286, 5.74903, 5.69356, 6.37639, 9.16638, 10.5465, 11.5273, 9.2729, 7.76006, 8.04567, 6.80716, 8.10218, 7.81595, 8.1925, 9.38626, 12.5435, 9.35024, 8.98461, 8.15187, 5.48348, 2.87129, 0.785072, 3.38549, 6.93695, 12.083, 17.7655, 24.2025)
(13.2568, 9.28546, 7.83126, 7.59688, 10.3575, 12.0616, 7.68223, 6.06532, 6.34302, 7.08432, 12.4356, 12.9176, 9.45681, 8.69139, 7.58841, 7.29449, 7.02495, 6.98578, 7.09207, 9.06853, 10.8527, 13.0273, 12.6776, 11.287, 9.47556, 5.91101, 3.31553, 0.807337, 3.75588, 8.9881, 11.4936, 14.8839, 17.4045)
(14.478, 9.52121, 7.26332, 6.90803, 10.6912, 12.0039, 7.13612, 5.44896, 6.19147, 7.08494, 13.2728, 13.0207, 9.36917, 8.36275, 7.88826, 7.34378, 6.83133, 7.21414, 7.20635, 9.35708, 11.2536, 12.1529, 14.8511, 11.3891, 9.43364, 6.53036, 2.99119, 0.815418, 3.70226, 8.7262, 11.4807, 14.3049, 15.7751)
(10.923, 8.56067, 9.38734, 8.99084, 12.586, 13.0387, 8.54402, 5.65544, 4.80822, 6.75063, 10.7551, 11.8832, 9.73124, 8.29408, 8.24825, 7.4959, 7.47603, 8.47293, 8.0181, 9.71359, 9.88703, 10.7797, 11.2745, 8.62205, 8.44169, 6.64955, 2.79345, 1.02495, 4.20638, 9.5293, 12.465, 14.8933, 20.0999)
(14.8739, 9.54656, 7.00871, 7.03545, 11.2218, 10.6014, 7.16506, 6.55998, 6.19723, 6.24459, 13.5454, 14.0212, 8.45077, 7.85779, 8.58887, 7.55493, 6.52223, 6.96762, 7.67471, 9.47073, 10.7524, 12.1387, 18.7917, 11.5687, 8.78028, 5.84633, 2.77836, 0.617137, 3.15438, 8.74101, 11.8466, 14.3176, 13.5579)
(11.8011, 10.6459, 10.3488, 10.7255, 11.8693, 11.9423, 7.08499, 4.71063, 3.63587, 4.76277, 12.4729, 12.1353, 10.0945, 8.55231, 8.20031, 7.18737, 7.68825, 7.44147, 8.08682, 8.38033, 10.0305, 12.2029, 10.724, 7.18464, 6.5825, 4.997, 3.19863, 0.683406, 3.39606, 7.8396, 12.1874, 17.7392, 25.4676)
(7.60381, 7.33956, 12.1853, 17.1612, 18.7049, 13.9708, 6.11084, 3.36708, 2.09065, 2.99302, 8.47277, 8.17551, 8.59806, 9.20477, 8.90871, 10.5126, 9.61823, 9.74922, 8.70739, 8.74111, 8.91174, 8.87265, 4.23317, 3.29862, 3.09653, 3.51488, 2.28419, 0.790084, 3.78153, 9.49053, 15.4721, 23.8207, 30.2177)
(6.99589, 6.9707, 13.2415, 18.1099, 20.127, 13.4604, 5.74942, 2.87397, 1.75813, 2.70937, 8.0037, 8.24094, 8.77125, 8.59357, 9.10297, 10.6243, 9.72431, 9.40686, 9.22164, 8.67045, 8.6827, 8.96105, 3.58417, 2.71048, 2.71169, 3.37851, 2.22092, 0.641898, 3.55487, 9.22413, 16.9525, 24.598, 30.4228)
(7.60826, 7.64972, 11.0113, 13.4447, 12.9095, 12.5371, 7.72098, 5.53202, 6.06174, 6.47312, 9.05157, 9.57751, 10.6353, 9.97206, 8.19619, 7.90191, 6.71003, 8.83822, 8.92066, 8.20781, 9.08742, 11.9528, 8.03974, 8.26479, 6.83514, 5.72668, 3.04623, 0.619995, 2.72318, 6.19129, 13.0751, 19.7766, 25.7013)
(9.5797, 12.2044, 10.6566, 9.71773, 12.256, 13.0908, 5.31287, 4.90121, 5.29042, 5.85625, 11.134, 10.9208, 8.90465, 7.85566, 9.17415, 8.25934, 7.85189, 8.27381, 8.45844, 10.1417, 9.28115, 10.8784, 7.83794, 6.80824, 5.83847, 3.81051, 1.90821, 0.800842, 2.68295, 8.46193, 13.8254, 17.1901, 30.8354)
(8.71964, 7.61729, 11.1376, 15.6384, 18.1762, 14.5857, 5.97756, 2.96949, 2.38913, 3.80519, 8.98382, 8.84614, 8.52459, 10.5586, 8.37636, 9.95457, 10.0511, 8.96105, 8.75783, 8.13616, 8.96877, 8.86486, 5.41821, 4.68871, 3.95748, 4.08695, 2.6966, 0.604892, 3.70551, 8.8685, 14.9156, 21.526, 29.5315)
(6.82176, 9.25113, 15.4362, 18.0868, 19.3042, 11.0023, 4.23972, 2.31167, 2.56267, 4.10184, 6.88172, 7.44679, 6.90376, 8.34939, 9.29097, 9.88566, 13.757, 13.3044, 10.2845, 7.24141, 6.46874, 7.06741, 2.31991, 2.20421, 2.42242, 2.76356, 2.37275, 0.589275, 3.4909, 8.85942, 17.515, 25.4446, 32.0179)
(9.82373, 9.08322, 11.0313, 13.0377, 15.2472, 14.283, 6.78606, 3.10875, 2.53756, 3.94815, 11.1132, 10.6052, 10.2389, 8.8024, 8.62948, 8.46338, 7.91223, 7.98318, 8.31252, 8.07502, 10.1582, 10.8196, 4.43105, 4.07892, 4.31716, 4.98217, 2.78826, 0.912702, 3.58633, 9.28025, 15.0567, 22.7187, 27.8477)
(8.82676, 8.90505, 9.3731, 9.96341, 11.6919, 13.3397, 8.48334, 5.85549, 6.56922, 6.71961, 10.2725, 12.5985, 10.2735, 8.89116, 7.35434, 6.88241, 6.76151, 7.37907, 7.95352, 8.39354, 10.0564, 13.456, 8.94681, 9.05616, 7.761, 5.8859, 3.39428, 0.663785, 3.39031, 6.90049, 12.0842, 17.3237, 24.5934)
(7.17561, 9.86729, 14.4105, 18.6173, 19.4267, 11.5316, 3.78583, 1.94956, 2.85144, 3.93399, 6.45012, 7.46431, 7.14195, 8.25164, 8.75558, 10.4241, 14.0689, 14.0218, 10.4454, 6.89665, 5.91927, 6.61035, 1.94124, 1.94148, 2.06512, 2.56444, 2.6027, 0.760517, 3.1549, 9.62424, 17.4091, 25.6516, 32.2846)
(9.34431, 9.57475, 11.8279, 13.5029, 15.1213, 13.6107, 6.10308, 2.98309, 2.47873, 5.09771, 10.3555, 10.5858, 9.88851, 8.75799, 9.0162, 8.12664, 8.05651, 7.3948, 8.52999, 9.29628, 9.8715, 10.4758, 4.11302, 3.95441, 4.29594, 3.94665, 3.92127, 1.06368, 3.72823, 9.3911, 14.9303, 22.0239, 28.6315)
(8.28912, 10.3267, 14.2095, 16.8365, 16.8574, 11.2321, 5.58531, 2.01381, 1.89799, 3.83889, 8.91281, 7.90287, 8.87415, 7.67538, 9.60046, 10.0613, 11.8093, 8.95082, 8.90545, 8.11594, 9.31381, 8.79049, 2.29488, 2.77944, 3.22271, 3.77478, 2.76468, 0.689765, 2.75395, 7.83249, 15.1138, 24.6468, 34.1266)
(11.4537, 8.99265, 8.02275, 8.95946, 11.7329, 13.2245, 7.86957, 5.74561, 5.78307, 6.73709, 11.4787, 12.6942, 10.2646, 8.34566, 7.36999, 7.26673, 7.05365, 7.36746, 7.85645, 8.96406, 10.5612, 12.256, 9.08103, 8.73508, 7.76763, 6.20485, 3.01278, 0.820655, 3.703, 8.13235, 12.8085, 16.0959, 23.6383)
(9.65967, 11.0181, 10.1206, 10.3446, 12.4307, 11.6638, 7.06044, 5.95813, 5.58819, 5.81186, 10.3439, 12.0771, 9.02636, 8.25841, 8.17715, 8.76541, 8.27802, 8.38225, 8.30795, 8.86265, 9.52662, 10.3381, 7.95098, 8.76431, 7.18269, 5.24004, 2.1945, 0.805514, 3.02755, 8.0632, 13.9179, 17.4229, 25.4304)
(8.13203, 8.13613, 9.50567, 12.099, 14.4637, 13.4732, 7.43375, 5.7449, 5.63825, 6.39723, 8.97619, 11.2921, 10.5004, 8.03303, 7.80814, 7.28963, 8.27988, 9.00446, 8.20664, 8.64112, 9.09947, 11.8451, 8.02168, 8.02433, 6.56567, 4.7456, 2.13578, 0.771132, 2.74801, 7.76232, 13.8285, 18.925, 26.4719)
(9.73563, 8.49103, 9.99072, 11.6971, 14.5862, 14.5255, 7.89237, 4.15597, 2.8864, 5.72363, 10.3154, 13.4081, 10.6322, 8.42737, 8.18358, 7.09284, 7.46802, 7.131, 7.92724, 8.86871, 8.94132, 11.9197, 6.37463, 6.11716, 5.75362, 5.19519, 3.64859, 0.836604, 4.02921, 10.4643, 14.9259, 19.3288, 23.3259)
(7.99304, 8.51221, 11.4285, 14.9307, 17.1664, 15.0075, 6.39972, 3.04417, 2.42602, 3.90459, 9.1871, 9.67892, 9.59687, 9.08052, 9.406, 9.13368, 9.39146, 8.43147, 9.54307, 7.47218, 9.72177, 8.54406, 4.54617, 4.16642, 4.21705, 4.65786, 2.46439, 0.688325, 3.48093, 8.84251, 15.4141, 23.3662, 28.156)
(8.8388, 9.35351, 11.3557, 13.5099, 16.0688, 15.1008, 5.50774, 2.59088, 2.36496, 4.91497, 10.394, 10.5458, 10.032, 9.00933, 9.01875, 8.31163, 8.0678, 7.36895, 8.35962, 9.54499, 9.62379, 10.1174, 3.62462, 4.00237, 3.7172, 3.42987, 3.94086, 0.99524, 3.98001, 9.82124, 15.5337, 23.0303, 27.9246)
(8.03087, 9.62957, 13.7838, 15.7281, 17.6069, 12.9736, 5.36618, 2.30188, 2.31315, 3.69641, 8.56953, 8.52338, 8.56459, 8.3325, 9.27649, 9.86206, 10.4002, 8.5856, 9.68597, 8.4124, 9.55063, 8.80623, 2.84026, 3.15182, 3.46317, 3.91354, 2.11497, 0.716714, 3.10267, 8.6387, 15.7421, 24.168, 32.148)
(10.0918, 8.67688, 8.16731, 9.74478, 11.2031, 12.7794, 8.03652, 6.06726, 6.0988, 7.42687, 11.7072, 13.0914, 9.73967, 8.6738, 7.31662, 6.7665, 7.02095, 6.6986, 8.08283, 8.96758, 10.9596, 12.6824, 9.81528, 8.67065, 8.25767, 6.09653, 2.86791, 0.845349, 3.48017, 7.55044, 12.9413, 17.6393, 21.8355)
(8.7988, 11.0536, 10.4415, 10.3611, 13.4112, 11.7837, 7.83073, 6.11241, 5.01541, 5.60747, 9.58404, 11.288, 8.86247, 8.46912, 8.65409, 9.52296, 8.80533, 8.00992, 8.43081, 8.29999, 9.01814, 10.6392, 7.34648, 8.64438, 7.26258, 5.45269, 2.01158, 0.765838, 3.14561, 8.76389, 14.0562, 17.5884, 24.9624)
(3.70888, 3.87264, 12.2905, 21.9176, 24.4881, 14.638, 4.05629, 2.69629, 3.36264, 3.09203, 5.87699, 6.56171, 7.95477, 7.05618, 9.98377, 11.498, 12.213, 9.33601, 10.3063, 8.9448, 8.31573, 7.82977, 3.75186, 3.38509, 2.51393, 2.45786, 1.16913, 0.409695, 3.53216, 10.4633, 19.1172, 24.9516, 28.2482)
(10.091, 8.68245, 8.32842, 10.2441, 10.5528, 13.3335, 8.56761, 6.16, 5.6787, 6.96581, 11.3955, 14.1647, 10.9895, 7.96773, 7.48965, 7.10487, 6.76349, 6.9406, 7.46452, 8.97257, 9.85048, 12.2919, 9.49024, 8.73128, 8.37512, 6.50579, 3.20912, 0.816407, 3.82272, 7.37911, 12.515, 16.3755, 22.7797)
(10.2275, 8.80952, 8.24491, 10.0738, 10.4276, 13.3106, 8.37826, 6.06164, 5.83074, 7.01371, 11.6216, 14.0101, 10.2285, 8.41553, 7.38844, 7.1755, 6.80671, 6.75495, 7.62624, 8.71264, 10.1832, 12.6983, 9.81769, 9.19834, 8.64361, 6.41274, 3.30072, 0.817031, 3.54806, 7.08695, 12.5431, 15.9683, 22.6635)
(7.51739, 7.01925, 9.47827, 13.3531, 14.5076, 13.5856, 6.28298, 5.21303, 5.77735, 6.76284, 10.5026, 10.4663, 10.1342, 8.77139, 7.81926, 8.11417, 8.49185, 8.71627, 8.20907, 8.50452, 9.8824, 10.8906, 8.27854, 7.3133, 5.05344, 3.62547, 1.7341, 0.644056, 3.17624, 7.51607, 13.6433, 20.3307, 28.6847)
(5.81338, 6.02948, 11.7369, 21.861, 19.8164, 14.6969, 4.04189, 2.26746, 3.04628, 4.55707, 6.13322, 6.89329, 8.37288, 9.60536, 8.86396, 9.82428, 11.5385, 11.1803, 10.7056, 7.96557, 8.47357, 6.57672, 5.91176, 4.50933, 2.37211, 2.6386, 1.45071, 0.687965, 3.55819, 9.50536, 17.6794, 23.6851, 28.0015)
(8.59159, 8.28917, 8.91754, 11.4538, 12.6481, 13.0658, 7.60559, 5.40173, 6.20361, 6.44941, 11.3736, 12.2509, 10.0873, 8.4926, 7.86033, 8.14347, 6.74076, 6.90873, 8.19663, 8.35544, 10.5443, 12.4194, 8.63841, 7.55049, 6.81998, 5.01374, 3.00744, 0.900023, 3.45566, 8.64618, 13.7394, 18.2281, 24.0006)
(8.7602, 8.53627, 11.9504, 14.3758, 14.5859, 12.1047, 6.55983, 3.50162, 3.94909, 5.54433, 10.1317, 12.1902, 10.6382, 8.54493, 8.32835, 7.02799, 7.38546, 8.63174, 8.635, 7.3089, 10.055, 11.2541, 3.22714, 5.66947, 4.46038, 4.41909, 1.91049, 0.526989, 2.98723, 8.1045, 13.0614, 20.0665, 35.5668)
(9.3288, 8.11948, 8.14234, 10.8771, 10.8065, 14.1758, 8.68665, 6.26444, 5.73947, 7.08124, 10.7782, 13.7093, 10.7361, 8.37094, 7.72719, 7.32564, 7.39791, 6.98687, 7.25271, 8.70707, 9.61657, 12.1697, 9.9474, 8.97794, 8.35065, 6.63546, 3.63192, 0.774724, 3.82477, 6.87175, 12.4861, 16.1801, 22.3191)
(8.84639, 7.6292, 8.2402, 10.8463, 11.3389, 14.6254, 8.4955, 5.9767, 6.07755, 7.64392, 10.28, 13.1952, 10.2057, 8.39308, 7.39449, 7.22599, 7.18375, 7.11589, 7.6449, 8.92139, 10.4194, 12.3002, 10.2481, 8.58587, 7.99902, 6.66035, 3.68983, 0.929193, 3.89856, 7.17807, 12.236, 16.888, 21.6871)
(7.20627, 6.79812, 11.1612, 16.2033, 16.5015, 12.7194, 4.88247, 4.4688, 5.73093, 6.12323, 8.20477, 8.91774, 10.4425, 9.35594, 8.55306, 8.62555, 9.02385, 8.72885, 8.01162, 10.0868, 8.78912, 9.46496, 6.5335, 5.8219, 4.20851, 3.24507, 1.78181, 0.63794, 3.17665, 9.46331, 15.8461, 21.8159, 27.4694)
(7.84078, 8.52617, 9.60227, 12.6292, 14.5852, 12.1271, 7.04025, 4.66066, 5.71707, 6.86434, 10.4069, 12.245, 9.57748, 9.49358, 8.061, 8.21476, 7.58497, 7.24355, 8.65631, 8.08645, 9.64433, 11.1926, 6.40474, 6.16084, 6.04592, 4.15697, 2.57777, 0.74806, 3.30214, 8.31544, 14.2838, 20.5657, 27.4386)
(10.838, 8.6644, 10.7382, 12.0578, 12.4444, 13.2184, 6.9548, 4.06389, 3.92486, 6.18307, 10.9123, 13.0566, 11.5354, 8.80776, 7.14215, 7.48248, 6.85677, 7.62759, 7.4231, 8.22613, 9.94244, 11.8996, 5.80781, 6.43699, 5.66356, 5.57788, 2.56085, 0.701238, 3.59466, 8.93518, 13.1665, 19.0026, 28.5527)
(8.77977, 8.56924, 11.6119, 13.5466, 14.5933, 12.3773, 6.82666, 4.1667, 3.90941, 5.77839, 9.84074, 12.6062, 10.8934, 8.9765, 7.39786, 7.01005, 7.96557, 8.74469, 8.15572, 7.44504, 9.84668, 10.9583, 3.8665, 6.43261, 5.46918, 4.99965, 2.10542, 0.404839, 3.58837, 8.11888, 12.4117, 18.9843, 33.6185)
(9.6353, 8.72049, 10.4384, 10.6888, 12.42, 12.8218, 8.2588, 5.45492, 4.62302, 6.35453, 10.584, 12.5925, 10.9031, 8.26585, 7.18384, 6.71112, 7.20103, 7.93584, 8.12814, 8.5106, 10.4842, 12.0838, 7.24532, 8.08242, 7.04755, 6.07995, 2.83241, 0.686793, 3.41964, 7.95681, 13.2057, 17.4899, 25.9535)
(9.68541, 8.30516, 8.63933, 11.1119, 12.6172, 13.0423, 7.19072, 5.48056, 5.73116, 7.61132, 10.5848, 11.8892, 10.523, 8.02204, 7.24749, 7.29081, 8.02528, 7.63337, 8.10567, 9.00045, 9.85283, 12.4099, 11.2714, 9.0344, 7.14624, 5.34006, 2.77312, 0.732424, 3.2452, 6.92227, 11.8027, 18.1324, 23.5998)
(8.48241, 8.11374, 8.1778, 11.6554, 13.352, 14.236, 6.92804, 5.54971, 5.6037, 7.83626, 10.0649, 11.2895, 11.4481, 9.07233, 7.40095, 7.17195, 7.5618, 7.72974, 8.20927, 8.73004, 9.58185, 11.8045, 9.93637, 8.13847, 6.65912, 4.98066, 2.48273, 0.877209, 3.76591, 8.38339, 13.3829, 19.024, 22.3692)
(6.5578, 7.18772, 7.65033, 14.4415, 16.1755, 16.2567, 6.10495, 4.54218, 4.53124, 7.14464, 9.40741, 10.6275, 11.1165, 9.94115, 7.91504, 7.28595, 7.95003, 9.21339, 7.81114, 8.5592, 9.392, 10.1881, 7.99179, 6.07584, 4.72016, 4.04573, 2.7079, 0.703585, 4.24544, 10.1247, 16.2855, 20.8762, 22.2231)
(7.89365, 6.66936, 10.0027, 13.893, 14.3042, 15.0602, 7.42197, 4.7015, 3.74258, 5.95167, 10.3591, 11.9335, 9.41574, 9.00943, 8.30349, 7.91224, 8.44618, 7.43162, 8.36752, 9.11226, 9.3094, 10.7586, 5.30288, 6.21619, 5.58695, 4.7935, 2.58353, 0.914953, 3.64584, 7.76129, 13.5093, 21.7778, 27.9077)
(9.11481, 7.7136, 9.80471, 11.024, 12.0578, 13.2235, 8.0271, 5.70406, 5.94793, 7.50455, 9.87785, 12.3528, 10.3884, 8.60964, 7.13887, 7.41251, 7.50825, 7.51599, 7.75966, 8.38096, 10.0595, 12.8734, 10.095, 8.88103, 7.43516, 5.80596, 2.98032, 0.778514, 3.22527, 7.29842, 13.0396, 17.1232, 23.3375)
(7.34802, 7.45732, 9.29152, 13.9102, 15.053, 13.6877, 6.00054, 4.45897, 5.35196, 7.24645, 10.1944, 9.58891, 10.4108, 8.93748, 8.15731, 8.41924, 9.01284, 9.34326, 8.68967, 8.11866, 9.3212, 10.0007, 8.91694, 6.09741, 4.77446, 4.02625, 1.93493, 0.76312, 3.4803, 8.27902, 14.153, 21.4909, 26.0837)
(7.26157, 8.23644, 10.2323, 14.9874, 16.0165, 11.9772, 6.41734, 4.04713, 4.5023, 6.23011, 10.0917, 11.1682, 8.76477, 9.23612, 8.79346, 8.74631, 8.28473, 8.30615, 8.51733, 8.70871, 10.0569, 9.41727, 5.08602, 5.28215, 4.56714, 2.94867, 2.16429, 0.609459, 3.10876, 8.90669, 14.9994, 22.2086, 30.1189)
(6.77634, 7.8203, 11.1958, 16.547, 16.983, 12.2358, 6.08592, 3.80972, 4.42882, 5.61673, 8.50047, 11.3526, 8.71222, 9.1438, 9.26999, 8.48777, 8.01165, 8.19396, 8.32225, 9.08584, 10.2657, 9.15428, 4.24002, 4.24246, 4.09409, 2.85003, 1.70701, 0.61471, 3.13961, 8.76999, 15.0991, 23.4298, 31.8132)
(6.99197, 7.65433, 12.0542, 18.331, 17.2369, 12.2472, 5.75279, 3.21544, 3.72944, 4.77267, 8.01411, 10.9666, 8.59111, 9.009, 9.64034, 8.76311, 8.33648, 8.59505, 8.82159, 8.78738, 9.63006, 8.85927, 3.03646, 3.50034, 3.87811, 2.71957, 1.58974, 0.604421, 3.0849, 8.26243, 15.16, 26.1294, 32.0346)
(8.74716, 6.63885, 9.52479, 12.4729, 13.594, 13.8305, 7.19159, 4.76336, 4.39528, 7.04465, 11.7969, 12.2418, 9.55725, 8.72105, 8.46005, 7.98746, 7.75453, 7.2359, 8.10466, 8.4313, 9.67856, 11.8274, 5.5897, 6.44944, 5.40268, 4.68442, 2.69794, 0.872854, 3.2763, 7.66799, 13.6461, 21.2614, 28.4512)
(6.25247, 7.48826, 9.69235, 13.6284, 15.9707, 16.1033, 8.13636, 4.68177, 3.94137, 5.9729, 8.13218, 11.0346, 11.0267, 9.04031, 7.05008, 8.179, 8.96861, 7.33798, 7.45709, 8.2208, 9.52307, 12.1618, 7.32119, 7.40046, 5.80761, 5.63412, 3.26447, 1.08602, 3.86785, 10.353, 13.9937, 19.0261, 22.2455)
(6.05057, 6.69411, 9.651, 17.149, 21.2074, 14.8544, 4.92673, 2.95202, 4.11884, 5.20792, 7.18805, 8.06024, 9.57449, 8.29788, 8.09336, 9.88516, 11.3223, 9.92421, 9.01686, 9.52135, 8.60761, 7.69653, 5.97765, 4.35387, 2.83981, 2.86192, 1.71805, 0.478232, 3.97389, 9.65019, 16.7688, 24.6763, 26.7013)
(6.865, 6.6209, 9.71789, 15.8908, 17.1674, 14.5634, 5.70807, 3.57086, 4.71549, 6.23503, 8.94526, 8.74526, 10.0776, 9.04427, 8.58305, 8.67562, 10.5865, 9.78829, 8.80742, 8.05582, 8.96236, 8.67379, 7.10948, 4.89046, 3.95054, 3.57422, 1.93368, 0.648146, 3.57998, 9.41101, 15.7886, 22.6955, 26.4185)
(7.06455, 8.04066, 10.9469, 15.3832, 15.4785, 11.9036, 6.74114, 3.98623, 4.32452, 6.01312, 10.1177, 11.0831, 8.53959, 8.97826, 8.7803, 8.821, 8.38804, 8.11538, 8.83078, 9.03331, 9.9184, 9.51188, 5.11544, 4.87437, 4.46764, 3.19516, 2.07966, 0.63455, 2.91157, 8.35632, 14.2361, 22.1974, 31.9319)
(5.9565, 6.7795, 11.512, 15.9957, 18.0323, 14.693, 7.51637, 4.37234, 4.53268, 4.68315, 5.92645, 9.20296, 9.27764, 8.23371, 7.45698, 9.74509, 10.5689, 8.75373, 8.22314, 7.716, 9.33665, 11.4851, 7.22471, 6.6228, 4.95751, 4.41167, 2.57271, 0.619945, 3.59243, 9.69497, 15.0855, 20.542, 24.6758)
(7.11711, 6.92976, 12.1177, 15.3408, 15.3849, 13.7488, 6.1113, 4.3088, 3.97865, 5.93308, 9.02922, 8.54899, 10.0709, 7.90437, 8.09512, 10.1658, 8.64438, 8.54088, 8.24801, 8.61292, 9.64396, 11.5246, 9.34248, 6.2743, 4.293, 3.85637, 1.8704, 0.570386, 4.22125, 8.88802, 11.199, 19.3107, 30.1741)
(5.24254, 6.16001, 12.2399, 16.6758, 20.7612, 14.7229, 6.59026, 3.84314, 3.85096, 4.51448, 5.39886, 8.22424, 8.35492, 8.07146, 8.80359, 11.3092, 11.9987, 8.72258, 8.69885, 7.03883, 8.28149, 10.4961, 5.2542, 5.13982, 3.42546, 3.74597, 2.48104, 0.710284, 3.87901, 9.51099, 15.2733, 23.3734, 27.2066)
(5.83756, 6.46111, 10.7378, 16.0762, 18.9536, 15.6491, 7.31082, 3.85641, 4.02459, 4.74334, 6.34942, 9.25607, 8.59412, 8.14067, 7.77168, 9.95207, 11.1747, 8.95631, 8.63267, 7.46768, 8.71108, 11.3429, 5.69065, 3.91304, 3.47898, 4.37612, 2.27612, 0.834609, 4.8819, 10.8352, 16.822, 21.5494, 25.342)
(7.56234, 12.195, 12.7143, 12.6515, 12.9442, 10.6731, 6.85536, 4.87192, 2.99705, 5.25428, 11.281, 10.4096, 8.40114, 8.2251, 8.6266, 10.2069, 9.94462, 9.82603, 8.77955, 7.82556, 8.63724, 9.11772, 3.74755, 3.92778, 5.70562, 4.83287, 2.52201, 0.805242, 3.77345, 7.45111, 14.2872, 20.1711, 32.7761)
(7.7016, 11.3916, 12.3461, 12.1896, 13.1073, 12.2452, 6.06593, 4.7308, 3.12522, 6.30752, 10.7893, 10.3266, 10.1989, 9.37048, 9.06107, 8.76921, 8.10447, 8.13819, 8.64706, 8.56198, 8.16714, 10.6549, 5.01346, 4.63205, 5.95697, 4.5443, 2.49633, 1.00575, 4.86589, 8.93161, 13.9695, 20.893, 27.6911)
(7.43032, 8.3882, 12.3201, 18.6981, 23.5309, 8.41791, 3.50807, 2.82466, 2.84705, 4.35384, 7.68085, 6.95391, 9.86532, 9.08963, 8.88316, 9.04211, 9.83669, 12.0189, 9.69746, 9.89678, 7.77186, 6.94414, 4.43411, 2.84394, 2.14006, 2.2724, 0.546597, 0.127276, 2.14676, 8.33138, 18.7326, 25.2338, 33.191)
(7.42512, 10.1288, 17.0155, 17.8555, 14.5207, 9.72428, 4.91941, 3.91033, 3.08405, 3.88999, 7.52635, 7.81418, 8.4954, 9.01866, 8.66451, 8.87164, 11.3564, 10.6315, 10.8514, 8.88632, 7.95307, 7.45693, 4.02792, 3.07251, 3.48586, 2.73341, 1.42483, 0.563184, 2.8267, 6.28644, 13.8814, 24.5844, 37.1133)
(8.35148, 10.3619, 13.4411, 17.2859, 16.5892, 9.19333, 6.45289, 4.14972, 2.70768, 3.39087, 8.07599, 8.01576, 8.01412, 9.63765, 9.47441, 9.74956, 10.9522, 8.69692, 10.0754, 8.81685, 7.83065, 8.73644, 3.50139, 3.26697, 5.04839, 4.18397, 1.94321, 0.524557, 3.64648, 8.70238, 15.6347, 23.3456, 30.2024)
(8.35529, 10.2118, 13.448, 13.3018, 12.6825, 11.6812, 6.82922, 5.03043, 3.60397, 4.67451, 10.1813, 10.4967, 9.4602, 8.70685, 7.80019, 8.34872, 8.71911, 8.73109, 8.89362, 9.33494, 9.14441, 10.3642, 5.2437, 4.66753, 5.63064, 4.30325, 2.6194, 0.712884, 3.36253, 7.6912, 13.5684, 20.0592, 32.1412)
(8.4409, 10.9037, 12.0419, 10.7664, 11.7778, 12.8578, 8.79296, 6.07326, 3.4242, 4.77519, 10.1458, 10.921, 9.59677, 8.08732, 7.7461, 8.2837, 8.74015, 8.77114, 8.94338, 8.5085, 8.9851, 11.4168, 8.34663, 6.63892, 7.31866, 5.68829, 3.28876, 1.03407, 3.96651, 7.70218, 11.5639, 16.9882, 27.4639)
(11.3795, 8.52575, 9.94455, 9.83065, 10.898, 11.4347, 8.0628, 6.43075, 5.35932, 7.56904, 10.5649, 11.3593, 9.49663, 8.84843, 8.05966, 7.85048, 8.39194, 7.58992, 7.36337, 8.77574, 9.43675, 12.8278, 12.4978, 9.76365, 8.94254, 6.54493, 3.49106, 0.72629, 3.80571, 7.85465, 10.8243, 14.1362, 21.4129)
(7.54926, 8.80696, 12.6746, 14.7921, 21.1846, 13.6722, 3.89464, 3.77798, 3.63757, 3.69838, 6.31181, 8.35964, 9.95426, 8.58391, 8.785, 9.45633, 9.29087, 11.2872, 8.98724, 8.60581, 8.12092, 8.56888, 5.45691, 5.24401, 3.93144, 2.97273, 1.25495, 0.551018, 3.39603, 9.52353, 14.9696, 22.274, 30.4258)
(10.6029, 10.9348, 10.5685, 12.5076, 12.2522, 11.2277, 7.13455, 5.35205, 4.3756, 5.25517, 9.78888, 11.8775, 8.87235, 8.89107, 8.18915, 8.07091, 8.4774, 7.14576, 8.61685, 8.84076, 9.77, 11.2482, 9.5633, 7.46009, 6.29292, 4.98282, 2.50627, 0.823754, 3.56219, 7.79245, 12.1022, 18.5267, 26.3873)
(8.19495, 9.62028, 12.5944, 15.8916, 16.7706, 11.8241, 5.51012, 4.30272, 3.17358, 4.06536, 8.05224, 9.11471, 8.24506, 9.36245, 8.59381, 9.21453, 9.92632, 8.60561, 8.83046, 9.01487, 9.56191, 9.53029, 5.18749, 4.6582, 4.44273, 3.32444, 1.91772, 0.679032, 3.51736, 8.20407, 15.0137, 23.2348, 29.8205)
(11.1402, 8.26069, 8.12778, 9.56668, 11.8153, 12.73, 8.42749, 7.31048, 6.52039, 6.50537, 9.59558, 12.57, 9.60085, 8.40364, 8.152, 7.29062, 7.47361, 7.3121, 7.80155, 8.44247, 10.3752, 12.578, 14.2203, 11.3253, 8.35916, 5.94505, 3.0047, 0.746836, 3.48661, 8.08428, 10.5369, 14.8077, 19.4832)
(8.79629, 9.90806, 12.1036, 13.1991, 13.3522, 12.7211, 6.71022, 4.63794, 3.28463, 5.01686, 10.27, 10.1392, 9.14831, 8.8901, 8.36356, 8.27695, 8.53802, 9.14556, 8.75313, 9.60975, 9.31847, 9.81689, 6.12866, 4.77703, 5.32131, 4.36023, 2.55717, 0.848835, 3.53704, 7.99331, 14.3564, 20.2836, 29.8364)
(7.71335, 4.43169, 9.97527, 11.6624, 14.3262, 22.723, 6.85947, 2.62535, 4.57748, 7.20586, 7.89995, 11.7469, 13.6237, 10.9547, 6.6122, 6.46511, 5.96296, 5.36157, 9.68946, 9.39141, 7.06308, 13.1289, 1.11321, 4.5686, 4.1491, 5.5021, 3.35653, 0.568877, 4.93351, 11.5051, 16.555, 24.253, 23.495)
(8.13065, 10.58, 13.1205, 14.6533, 13.6592, 11.3607, 5.54771, 4.12324, 3.43936, 5.25464, 10.1307, 9.11928, 8.32698, 8.7176, 8.59222, 8.94845, 9.79327, 10.6865, 9.17336, 9.53024, 8.71395, 8.39819, 4.61879, 4.19738, 4.15448, 3.74372, 2.03644, 0.664745, 3.64789, 8.30128, 14.8656, 22.1775, 31.5922)
(9.28266, 9.3823, 10.2916, 13.4353, 16.1055, 13.9882, 5.89593, 4.127, 3.00071, 4.27556, 10.2153, 10.1531, 8.66092, 9.66741, 7.90699, 8.66584, 8.40659, 8.07208, 8.00014, 8.67962, 10.6438, 11.1436, 5.40237, 4.54714, 4.63678, 3.64573, 2.52988, 0.851572, 3.76835, 8.14672, 14.3991, 21.787, 30.2853)
(8.67083, 9.53495, 13.108, 14.7795, 16.7544, 11.4031, 6.93512, 3.42614, 2.45288, 2.9894, 9.94567, 9.2114, 8.52296, 9.02188, 8.67158, 9.52547, 8.6371, 9.05117, 9.3266, 8.20199, 9.43269, 10.3972, 3.13567, 3.69259, 3.83209, 3.96937, 2.53481, 0.654965, 3.52062, 8.15235, 15.8199, 23.0981, 31.5895)
(8.43144, 8.9307, 10.4435, 14.6398, 20.4679, 15.6671, 5.34937, 3.44028, 2.10857, 3.04239, 7.47896, 8.51231, 7.9884, 10.1668, 9.38558, 8.74977, 10.0016, 8.00942, 8.43338, 8.91766, 10.0931, 9.74198, 5.08248, 4.63174, 4.16145, 3.88773, 2.45351, 0.756504, 3.76761, 8.84731, 15.4223, 22.2252, 28.7641)
(12.5646, 8.8467, 9.39266, 10.0207, 10.3021, 12.8752, 6.91546, 5.77033, 5.75681, 6.02207, 11.5335, 11.7827, 9.57745, 8.70273, 7.7003, 7.41932, 7.29981, 8.03751, 7.90635, 9.68585, 10.4546, 11.4334, 10.2405, 10.7212, 7.79297, 5.68562, 3.53411, 0.652298, 3.31486, 8.08635, 11.5809, 15.9066, 22.4847)
(11.1923, 10.8435, 10.968, 10.7179, 11.5339, 11.6782, 7.53871, 4.88241, 3.81182, 5.31107, 11.5221, 11.9688, 10.3182, 8.28362, 8.55276, 7.22685, 7.7536, 7.48919, 7.92076, 8.90509, 9.59863, 11.9826, 8.65256, 7.37473, 6.8372, 4.88273, 3.17871, 0.709706, 3.31058, 8.15169, 11.9294, 17.2951, 27.6776)
(11.3475, 10.5092, 8.79185, 9.54845, 11.5198, 13.1581, 6.78527, 5.44728, 5.90273, 6.52389, 10.4659, 12.1348, 9.49702, 8.14056, 8.16605, 8.0525, 7.93822, 8.25386, 7.41926, 9.097, 10.1814, 11.1193, 10.2183, 9.49263, 7.66965, 5.29022, 3.26006, 0.873286, 3.50308, 8.23402, 11.8389, 15.8634, 23.7565)
(14.044, 9.61422, 7.62703, 8.80163, 11.9672, 11.2494, 7.22001, 5.34122, 5.12818, 5.82032, 13.1868, 14.4352, 9.11007, 7.76699, 8.40861, 7.11212, 7.19591, 7.09177, 7.48242, 9.06488, 10.6356, 11.6964, 18.0719, 10.9995, 8.38489, 4.79662, 2.94938, 0.634151, 3.33187, 8.30751, 12.014, 14.7411, 15.7692)
(9.41662, 8.35395, 8.75301, 10.3878, 13.1384, 13.6282, 7.78331, 5.93799, 5.7962, 6.33884, 10.4657, 13.0756, 10.1588, 7.97818, 7.60327, 6.95441, 7.49767, 7.54221, 8.27036, 8.18828, 9.97198, 12.7593, 9.85254, 9.07523, 7.53589, 5.41546, 2.64147, 0.760256, 2.95572, 6.9698, 12.6878, 17.2043, 24.9015)
(8.37822, 10.2967, 13.0677, 15.6709, 16.9649, 13.3622, 4.78121, 2.71046, 2.62751, 4.34309, 7.79714, 9.25724, 8.38434, 8.35888, 8.53594, 9.13854, 11.6145, 11.7055, 9.73403, 7.74647, 7.34493, 8.17959, 3.19011, 3.11303, 3.12987, 3.69336, 2.69804, 0.996742, 3.4134, 10.9575, 15.6311, 23.0383, 30.1386)
(7.51836, 8.11148, 9.98131, 12.7446, 13.1687, 13.2988, 9.17949, 5.33916, 6.47981, 5.66461, 8.5137, 11.329, 8.85271, 8.42382, 7.43334, 6.87883, 6.38132, 9.59921, 9.35253, 7.91475, 11.0275, 12.8069, 6.7752, 8.14831, 6.86739, 6.42971, 3.66213, 0.528446, 2.84994, 7.26535, 13.5196, 19.078, 24.8759)
(12.1909, 8.77413, 7.05894, 7.52665, 11.6841, 12.1971, 8.36271, 6.85187, 5.93228, 6.62548, 12.7959, 13.6882, 9.70222, 7.95407, 7.38008, 7.57395, 7.13382, 7.02355, 7.62811, 8.81176, 11.207, 11.8973, 11.4245, 9.74511, 9.87236, 6.42313, 3.00793, 1.12173, 4.16187, 9.33297, 12.5701, 15.5323, 16.808)
(11.2779, 8.89017, 8.79612, 9.57852, 11.4806, 13.8455, 7.88421, 5.44643, 5.27265, 6.22785, 11.3001, 12.987, 10.2245, 8.09624, 7.37929, 6.99745, 6.83123, 8.07302, 7.99048, 8.86247, 10.4063, 12.1521, 8.08574, 7.89768, 7.02618, 6.07086, 3.15404, 0.780371, 3.78655, 8.14245, 12.8747, 16.542, 25.6394)
(8.46652, 8.14883, 9.37279, 11.0996, 11.4304, 13.552, 8.5984, 5.71546, 6.35838, 6.52224, 10.7354, 12.9672, 9.69307, 8.09789, 7.67687, 6.922, 6.56677, 7.53141, 8.08617, 8.31311, 11.0319, 13.1137, 8.4526, 8.3622, 7.58509, 6.23417, 3.49439, 0.673841, 3.55902, 7.09459, 12.6362, 17.9579, 23.95)
(8.11442, 8.43548, 9.32672, 11.7655, 14.2507, 13.6932, 7.70325, 4.60573, 5.16952, 6.19922, 10.7363, 12.5956, 10.1057, 8.48836, 8.25312, 7.83355, 7.62376, 6.53562, 8.02333, 8.42331, 10.1393, 11.9784, 7.5047, 6.65357, 6.39587, 4.95096, 2.96438, 1.04489, 3.5519, 9.32212, 14.574, 19.4546, 23.583)
(5.45018, 6.0831, 11.8164, 17.6919, 19.3915, 14.2238, 5.07313, 3.5165, 4.76429, 4.9007, 7.08853, 7.92438, 8.95723, 8.49441, 8.32693, 9.88418, 9.52896, 10.133, 9.29192, 8.98198, 9.12894, 9.34804, 4.18756, 4.3595, 3.0162, 2.85851, 1.60847, 0.451729, 3.82482, 10.442, 16.0851, 25.4363, 27.7298)
(9.18365, 7.72441, 7.40217, 11.1949, 12.5331, 13.8797, 7.12685, 5.81966, 5.84038, 7.68549, 11.6097, 11.9975, 10.953, 8.79609, 7.51268, 6.71938, 6.98173, 7.73035, 7.83834, 8.50816, 10.3742, 12.5886, 10.9171, 7.67991, 7.24215, 5.04224, 2.90429, 1.0153, 3.82704, 8.87651, 13.7092, 18.2495, 20.5368)
(5.99555, 5.99087, 11.121, 17.9674, 19.7869, 13.6793, 5.21703, 3.52062, 4.22541, 4.734, 7.76194, 8.29852, 8.68213, 7.77112, 8.16712, 9.65006, 10.9208, 10.258, 9.64257, 8.59483, 8.77901, 9.23586, 5.56846, 4.65293, 3.20142, 2.77951, 1.18194, 0.584252, 3.1056, 8.44082, 15.7906, 23.5968, 31.0977)
(7.20627, 6.79812, 11.1612, 16.2033, 16.5015, 12.7194, 4.88247, 4.4688, 5.73093, 6.12323, 8.20477, 8.91774, 10.4425, 9.35594, 8.55306, 8.62555, 9.02385, 8.72885, 8.01162, 10.0868, 8.78912, 9.46496, 6.5335, 5.8219, 4.20851, 3.24507, 1.78181, 0.63794, 3.17665, 9.46331, 15.8461, 21.8159, 27.4694)
(7.34096, 6.96246, 9.35516, 13.9712, 15.1902, 13.268, 6.04805, 4.68336, 5.83474, 6.76231, 10.5835, 9.65696, 10.0926, 8.5824, 7.85268, 8.70292, 8.97162, 8.92435, 8.37573, 8.59773, 9.47978, 10.7633, 7.74928, 6.58637, 4.34625, 3.3532, 1.61749, 0.551327, 3.0845, 7.62966, 13.3425, 20.8101, 30.9293)
(9.23125, 7.59287, 8.69003, 10.8076, 11.8758, 12.9643, 7.86199, 5.38473, 6.04316, 7.60048, 11.9477, 12.3775, 10.0458, 8.94846, 8.29311, 7.92829, 7.72691, 6.75827, 7.34553, 8.29609, 9.6634, 12.6166, 7.56499, 8.08346, 7.01058, 5.47029, 3.09624, 0.769528, 3.30748, 7.27939, 13.2534, 19.0633, 25.1013)
(9.82223, 7.88146, 9.59757, 10.211, 11.7429, 13.288, 8.57795, 5.71453, 5.56002, 6.82139, 10.783, 13.2255, 10.7155, 8.51085, 7.0361, 6.62795, 6.39691, 7.67887, 7.39508, 8.49718, 10.6978, 13.2183, 8.68099, 8.27878, 7.41576, 6.25103, 2.89784, 0.755359, 3.5032, 7.94164, 12.7217, 17.2374, 24.3163)
(9.25247, 8.79414, 9.00336, 11.6826, 12.1122, 12.247, 6.91192, 5.55994, 6.03346, 7.66248, 10.7404, 10.7509, 10.5153, 8.36506, 7.34017, 7.64025, 7.67653, 7.61548, 8.30399, 9.47941, 10.2114, 12.1016, 10.5803, 8.50334, 7.05871, 4.71614, 2.44829, 0.760083, 3.06742, 7.05999, 12.0954, 18.6726, 25.0378)
(7.1892, 6.98964, 9.52661, 14.6532, 15.6775, 13.576, 5.76039, 4.49749, 5.62103, 6.41872, 10.0902, 8.77861, 9.95522, 8.86246, 8.43995, 8.80494, 9.322, 9.28874, 8.61726, 8.33902, 9.62615, 9.96568, 7.72686, 6.23156, 3.93801, 3.17173, 1.52036, 0.565927, 3.1435, 7.8794, 13.9164, 21.7941, 30.1122)
(4.32751, 5.17781, 11.9366, 20.048, 22.513, 14.0107, 4.17339, 2.79055, 4.13741, 4.33262, 6.5524, 6.62041, 8.37353, 7.91871, 8.36627, 11.5431, 12.0303, 11.5373, 9.57048, 8.27432, 8.16605, 7.59947, 4.21917, 3.13002, 2.24557, 2.08185, 1.51401, 0.467885, 3.8536, 9.09581, 17.546, 26.6776, 29.1685)
(10.1959, 8.57316, 10.2556, 11.6307, 11.6343, 12.4846, 7.623, 4.7027, 5.12332, 6.52948, 11.2473, 12.8147, 10.5618, 8.22631, 7.8002, 7.90182, 6.86474, 7.22524, 7.44257, 8.72418, 10.4368, 12.0016, 7.38376, 7.61898, 6.50688, 5.58425, 2.73806, 0.766394, 3.3681, 8.53097, 13.2529, 18.1918, 26.058)
(8.04048, 7.26012, 10.5074, 11.3027, 12.8021, 13.8227, 8.46486, 5.75143, 5.07424, 6.68592, 10.288, 12.0033, 10.2576, 8.4458, 6.90922, 7.79423, 7.8545, 7.88672, 7.76463, 8.264, 9.92609, 12.8939, 8.96932, 7.73297, 6.95912, 6.1253, 2.67421, 0.832687, 3.36254, 7.81323, 13.4661, 17.8, 24.2645)
(5.86197, 6.40517, 9.43645, 18.3045, 19.1848, 14.5878, 4.87201, 3.23184, 4.43233, 5.15799, 8.52513, 7.61719, 9.78616, 9.01341, 8.49181, 9.7446, 10.3493, 11.3052, 9.39745, 7.98743, 8.37925, 7.92819, 5.65144, 4.10127, 2.78776, 2.9343, 1.70368, 0.657621, 3.64136, 10.2038, 17.3988, 23.8528, 27.0671)
(8.02939, 8.03946, 10.2255, 13.441, 13.7065, 11.8536, 7.25809, 4.44701, 4.57969, 6.72667, 11.6932, 11.0505, 8.73934, 8.92431, 8.34267, 8.80865, 8.1743, 7.98317, 8.81929, 8.39024, 10.0081, 10.7595, 6.06247, 6.02576, 5.13749, 3.86347, 2.25978, 0.578749, 3.30658, 8.0187, 13.6697, 20.9315, 30.1457)
(5.8051, 5.38089, 9.53318, 18.0533, 23.1145, 15.7506, 4.69306, 2.49356, 3.42224, 4.61621, 7.13732, 6.47804, 8.66584, 8.415, 8.78201, 10.7965, 12.4694, 11.328, 9.18902, 8.80628, 8.66257, 6.40735, 4.84049, 3.33624, 2.52055, 2.39692, 1.51135, 0.62016, 4.39835, 9.59509, 18.0656, 24.6005, 28.1147)
(5.72246, 7.81442, 13.3117, 20.3914, 19.6667, 11.0781, 4.58953, 2.60801, 4.26901, 4.24658, 6.30196, 10.0952, 7.23284, 8.30055, 11.1587, 9.99342, 7.99008, 11.3465, 9.19555, 8.95429, 8.93215, 6.80068, 2.75552, 2.7684, 2.15862, 1.67482, 1.15266, 0.390469, 2.01755, 9.61454, 16.6433, 26.2754, 34.5488)
