5.000000
36 36 36
112.639999 112.639999 112.639999
22.639999 22.639999 22.639999
8.063088 297.926481 76.603592
16280 8 20 12
0.936861 -0.003712 0.349683 5.972064
17576 8 20 13
0.973187 -0.042143 -0.226122 6.066411
24128 8 22 18
0.922512 0.258388 -0.286718 8.042853
24164 8 23 18
0.997010 -0.071393 -0.029564 8.429874
17541 9 19 13
0.626830 0.763501 0.155401 8.594563
18837 9 19 14
0.790870 0.526105 -0.312632 7.968193
21429 9 19 16
0.726351 0.664798 -0.174521 7.043087
16281 9 20 12
0.439227 0.163172 0.883434 8.690512
17577 9 20 13
0.949510 0.172960 0.261755 10.203001
18873 9 20 14
0.907712 0.063180 -0.414811 9.411602
21465 9 20 16
0.893581 0.050486 0.446054 7.977102
15021 9 21 11
0.405467 -0.472880 0.782292 4.597865
16317 9 21 12
0.472476 -0.630924 0.615387 7.687905
17613 9 21 13
0.780068 -0.608923 0.143901 9.230576
18909 9 21 14
0.893507 -0.325629 -0.309209 8.635411
22797 9 21 17
0.627882 0.552200 0.548489 9.213307
25389 9 21 19
0.586210 0.532924 -0.610204 6.921320
17649 9 22 13
0.524914 -0.825802 0.206194 5.730356
22833 9 22 17
0.298995 0.313758 0.901198 9.887262
24129 9 22 18
0.167684 0.768601 -0.617360 10.349230
25425 9 22 19
0.602106 0.462820 -0.650589 8.903356
20277 9 23 15
0.883902 -0.069998 0.462404 6.442963
22869 9 23 17
0.703667 0.141384 0.696321 10.626290
24165 9 23 18
0.114309 0.990185 -0.080419 11.386160
26757 9 23 20
0.455457 0.127416 -0.881092 6.788694
22905 9 24 17
0.592839 -0.660774 0.460348 9.295035
24201 9 24 18
0.616248 -0.680834 0.395857 11.262824
25497 9 24 19
0.634815 -0.425115 -0.645204 10.742161
26793 9 24 20
0.365289 -0.300441 -0.881079 6.257333
24237 9 25 18
0.378623 -0.888570 0.259014 7.026083
25533 9 25 19
0.409211 -0.845091 -0.344045 6.871130
32842 10 12 25
0.975671 -0.191862 -0.106089 3.964641
25174 10 15 19
0.923539 -0.039303 0.381486 5.126436
26470 10 15 20
0.999176 -0.020344 0.035121 6.248842
27766 10 15 21
0.931231 0.048783 -0.361149 5.326900
14878 10 17 11
0.714102 0.572850 0.402368 5.857500
20062 10 17 15
0.563380 0.813373 0.145010 5.347004
14914 10 18 11
0.769171 0.184868 0.611719 7.850473
16210 10 18 12
0.940615 0.291158 -0.174560 8.893472
20098 10 18 15
0.865605 0.496226 0.066996 8.466053
21394 10 18 16
0.740224 0.464697 -0.485927 7.714408
14950 10 19 11
0.764973 0.043960 0.642560 8.370131
16246 10 19 12
0.965449 -0.135519 -0.222584 9.208061
18838 10 19 14
0.670828 0.733548 -0.109071 10.671976
22726 10 19 17
0.559409 0.783664 -0.270060 8.051379
24022 10 19 18
0.500308 0.718071 -0.483803 6.690590
14986 10 20 11
0.724281 -0.128526 0.677420 8.290895
16282 10 20 12
0.768518 0.622488 0.147949 9.209003
18874 10 20 14
0.721661 0.645021 -0.251305 11.932297
20170 10 20 15
0.661825 0.105186 -0.742242 10.172151
24058 10 20 18
0.724072 0.592321 -0.353378 9.549412
15022 10 21 11
0.564837 -0.492193 0.662348 6.879179
18910 10 21 14
0.463930 -0.860285 -0.211375 11.488811
20206 10 21 15
0.647606 -0.293471 -0.703194 9.874639
24094 10 21 18
0.982761 -0.184547 0.011069 10.561444
25390 10 21 19
0.466838 0.415643 -0.780578 9.190986
18946 10 22 14
0.109670 -0.964281 0.241109 8.470083
20242 10 22 15
0.874614 -0.484753 0.008072 8.937759
22834 10 22 17
-0.953852 0.037256 0.297957 9.314934
26722 10 22 20
0.216836 0.366705 -0.904715 7.167143
20278 10 23 15
0.095234 -0.117373 0.988511 8.714998
21574 10 23 16
0.107306 0.920349 0.376089 10.514294
22870 10 23 17
-0.757423 0.511926 -0.405269 10.146268
26758 10 23 20
0.149924 0.043494 -0.987740 8.454801
20314 10 24 15
0.051669 -0.668906 0.741549 6.842073
21610 10 24 16
0.102394 -0.932140 0.347319 9.585746
22906 10 24 17
-0.421796 -0.905348 0.049337 10.074739
24202 10 24 18
-0.831123 -0.102952 0.546476 10.753624
25498 10 24 19
-0.393353 -0.568159 -0.722820 11.400315
26794 10 24 20
0.067746 -0.344825 -0.936219 7.458269
24238 10 25 18
-0.085200 -0.930325 0.356701 7.898057
25534 10 25 19
0.048689 -0.933484 -0.355299 8.191272
28919 11 11 22
0.839676 0.536687 0.083140 4.601442
30215 11 11 23
0.779162 0.621261 -0.083320 4.332544
28955 11 12 22
0.991372 -0.122841 0.045730 5.574545
30251 11 12 23
0.981258 -0.192191 0.014013 5.373560
31547 11 12 24
0.821570 -0.159363 0.547381 6.722715
32843 11 12 25
0.922888 -0.314517 -0.222164 7.923894
34139 11 12 26
0.516866 -0.245886 -0.819994 5.176492
22511 11 13 17
0.645061 0.534001 0.546570 3.581899
25103 11 13 19
0.824368 0.556818 0.101839 6.087052
25139 11 14 19
0.878028 0.397945 0.265908 8.046118
27731 11 14 21
0.687890 0.592869 -0.418705 7.576135
25175 11 15 19
0.768418 0.114067 0.629700 9.159129
26471 11 15 20
0.918217 0.253002 0.304741 10.572902
27767 11 15 21
0.827744 0.200445 -0.524082 10.148642
25211 11 16 19
0.786433 -0.499832 0.362894 8.082793
26507 11 16 20
0.684184 -0.729268 -0.007800 8.890574
27803 11 16 21
0.563444 -0.767939 -0.304633 8.080548
29099 11 16 22
0.432434 -0.537283 -0.724105 5.040596
14879 11 17 11
0.016745 0.724000 0.689596 7.963860
16175 11 17 12
0.199945 0.962541 -0.183129 9.111497
17471 11 17 13
0.227988 0.905874 -0.356950 7.311590
20063 11 17 15
-0.003441 0.979205 0.202843 7.007149
21359 11 17 16
0.182483 0.927935 -0.325019 6.837396
14915 11 18 11
0.136607 0.282307 0.949548 10.488602
16211 11 18 12
0.787762 0.300687 -0.537605 12.192398
17507 11 18 13
0.686810 0.543875 -0.482174 10.671524
18803 11 18 14
0.291869 0.955194 0.049167 10.357068
21395 11 18 16
0.343797 0.485648 -0.803709 9.931536
25283 11 18 19
0.900131 0.170124 -0.401027 5.108359
14951 11 19 11
0.428585 -0.055530 0.901794 11.021958
16247 11 19 12
0.351723 -0.679155 -0.644235 10.884191
18839 11 19 14
0.168583 -0.000070 0.985687 11.563106
21431 11 19 16
0.600354 0.130478 -0.789019 10.476747
14987 11 20 11
0.548132 -0.259341 0.795169 10.561805
20171 11 20 15
0.597181 0.076341 -0.798466 11.693652
21467 11 20 16
0.911555 0.140529 -0.386417 10.812350
22763 11 20 17
-0.093362 0.988445 0.119415 10.637352
24059 11 20 18
-0.282207 0.931343 -0.230130 10.624332
25355 11 20 19
0.178494 0.512867 -0.839707 8.671707
15023 11 21 11
0.372514 -0.544621 0.751413 9.420533
16319 11 21 12
0.955832 -0.281189 -0.085551 10.624235
17615 11 21 13
-0.603347 0.056775 0.795455 10.718764
18911 11 21 14
-0.588216 -0.790759 0.169419 11.322116
22799 11 21 17
0.841100 -0.328057 0.430035 11.084358
24095 11 21 18
0.678897 -0.733239 0.038200 11.666869
25391 11 21 19
0.084095 0.309515 -0.947169 10.302438
26687 11 21 20
0.089668 0.335997 -0.937585 5.756417
16355 11 22 12
0.180155 -0.968925 0.169496 7.620051
17651 11 22 13
-0.020516 -0.999754 -0.008378 7.915468
21539 11 22 16
0.988186 -0.144994 0.049646 10.337927
25427 11 22 19
0.798864 -0.140988 -0.584755 10.695932
26723 11 22 20
0.044720 0.358531 -0.932446 7.864020
20279 11 23 15
-0.329060 -0.353518 0.875640 7.988068
26759 11 23 20
0.068144 0.004669 -0.997665 8.956267
21611 11 24 16
-0.423471 -0.792899 0.438159 8.700154
22907 11 24 17
-0.123806 -0.956823 -0.262985 9.121359
25499 11 24 19
-0.278745 -0.922191 0.268076 10.790841
26795 11 24 20
0.146883 -0.328158 -0.933133 7.969967
21647 11 25 16
-0.129213 -0.927414 0.351009 4.446709
22943 11 25 17
-0.024802 -0.978639 0.204086 5.697776
25535 11 25 19
0.027468 -0.986890 -0.159042 8.222700
27624 12 11 21
0.635407 0.646452 0.422325 7.210634
28920 12 11 22
0.667562 0.743720 -0.035230 8.222373
34104 12 11 26
0.182928 0.668299 -0.721050 5.396027
28956 12 12 22
0.971107 0.101222 -0.216115 10.615385
30252 12 12 23
0.940068 -0.162028 -0.300033 9.117996
31548 12 12 24
0.814302 -0.261303 0.518299 9.581592
32844 12 12 25
0.274521 -0.516483 -0.811100 9.869924
34140 12 12 26
0.031536 -0.305034 -0.951819 6.541945
22512 12 13 17
0.051975 0.757306 0.650989 5.012985
25104 12 13 19
0.525704 0.787723 0.321134 9.254433
26400 12 13 20
0.898883 0.387210 0.205126 10.066196
30288 12 13 23
0.567970 -0.744558 -0.350775 6.447663
31584 12 13 24
0.325336 -0.940140 0.101456 6.064415
32880 12 13 25
0.126678 -0.956086 -0.264297 5.806524
22548 12 14 17
0.301563 0.211875 0.929607 7.172171
23844 12 14 18
0.756449 0.084149 0.648617 9.401942
25140 12 14 19
0.909362 -0.390212 0.144209 10.177167
26436 12 14 20
0.859593 -0.129122 0.494396 10.311024
27732 12 14 21
0.758011 0.325180 -0.565400 10.265268
22584 12 15 17
0.450841 -0.206598 0.868366 6.961214
25176 12 15 19
-0.552816 0.308179 0.774223 9.854903
27768 12 15 21
-0.439662 0.363703 -0.821229 11.401820
29064 12 15 22
0.011170 0.050190 -0.998677 7.583159
25212 12 16 19
-0.130565 -0.646258 0.751867 9.899336
26508 12 16 20
-0.291605 -0.953687 -0.073809 10.214346
29100 12 16 22
-0.089847 -0.596274 -0.797737 5.977446
17472 12 17 13
-0.179466 0.884242 -0.431171 7.137091
21360 12 17 16
-0.574905 0.813302 0.089581 5.975650
23952 12 17 18
0.629017 -0.335238 0.701393 7.980866
26544 12 17 20
0.146873 -0.827641 -0.541700 6.924575
16212 12 18 12
-0.579291 0.782373 -0.228724 12.146309
17508 12 18 13
-0.456420 0.602596 -0.654644 10.652494
18804 12 18 14
-0.610768 0.765366 -0.202923 9.349656
21396 12 18 16
-0.774223 0.511807 -0.372335 8.909923
23988 12 18 18
0.097623 -0.499360 0.860877 7.256673
25284 12 18 19
0.423477 -0.098800 -0.900503 7.596950
14952 12 19 11
0.027838 0.071451 0.997056 11.627057
16248 12 19 12
0.058954 -0.737831 -0.672406 11.519563
18840 12 19 14
-0.985103 -0.086527 0.148609 10.885750
20136 12 19 15
-0.989349 0.113844 -0.090712 10.803519
21432 12 19 16
-0.769855 0.062783 -0.635123 9.836388
25320 12 19 19
-0.383010 0.337901 -0.859724 7.703213
26616 12 19 20
0.069873 0.122594 -0.989994 4.869129
14988 12 20 11
-0.270448 -0.694351 0.666884 10.795320
21468 12 20 16
-0.933327 0.075664 -0.350965 9.998977
26652 12 20 20
0.107797 0.117694 -0.987182 5.317284
15024 12 21 11
-0.472035 -0.573819 0.669264 9.257253
18912 12 21 14
-0.892327 -0.450597 0.026741 8.992446
20208 12 21 15
-0.923273 -0.315282 0.219464 9.605947
21504 12 21 16
-0.993997 0.035373 0.103528 10.271399
22800 12 21 17
-0.919543 0.370608 0.130727 10.617483
24096 12 21 18
-0.820970 0.569510 0.040825 11.022159
25392 12 21 19
-0.173847 0.505531 -0.845113 10.060722
15060 12 22 11
-0.246421 -0.862396 0.442209 5.893473
16356 12 22 12
-0.416962 -0.908746 -0.018000 6.923910
17652 12 22 13
-0.534989 -0.833210 -0.139814 6.328483
18948 12 22 14
-0.655247 -0.742328 0.139999 6.118367
21540 12 22 16
-0.897823 -0.231786 0.374420 9.960295
22836 12 22 17
-0.863693 -0.483644 0.141856 10.647534
25428 12 22 19
-0.004762 0.173439 -0.984833 10.812008
26724 12 22 20
0.225123 0.406383 -0.885535 8.282820
20280 12 23 15
-0.625005 -0.438474 0.645841 5.716468
21576 12 23 16
-0.772682 -0.406141 0.487865 8.614547
26760 12 23 20
0.222656 0.107029 -0.969004 9.449252
22908 12 24 17
-0.189946 -0.712917 0.675034 9.183176
26796 12 24 20
0.341120 -0.225687 -0.912525 9.188704
22944 12 25 17
-0.001450 -0.928946 0.370212 5.699542
25536 12 25 19
0.130916 -0.977592 0.164849 8.585464
26832 12 25 20
0.425900 -0.609323 -0.668831 7.142697
28849 13 9 22
0.556941 0.800359 -0.221905 5.725791
28885 13 10 22
0.790910 0.576199 -0.206048 8.622070
31477 13 10 24
0.928484 0.357415 0.100861 9.967566
32773 13 10 25
0.869459 0.006555 -0.493961 8.803590
30217 13 11 23
0.792766 0.595591 0.129588 11.056712
31513 13 11 24
0.853667 0.384161 -0.351672 10.992624
26365 13 12 20
-0.246105 0.633935 0.733184 8.356970
27661 13 12 21
-0.166087 0.686908 0.707511 11.962849
28957 13 12 22
0.383169 0.841666 -0.380499 12.994654
31549 13 12 24
0.790743 -0.550419 -0.267889 11.514318
32845 13 12 25
-0.200427 -0.285223 -0.937271 9.591455
34141 13 12 26
-0.206069 -0.388475 -0.898122 5.969312
23809 13 13 18
-0.306129 0.753290 0.582100 7.301367
25105 13 13 19
-0.325075 0.888881 0.322828 9.594814
26401 13 13 20
-0.408698 0.462211 0.786973 10.930460
27697 13 13 21
0.054622 -0.556314 0.829175 12.959601
28993 13 13 22
0.228132 -0.676103 -0.700600 12.186086
31585 13 13 24
0.277080 -0.957210 -0.083516 7.719850
32881 13 13 25
0.099359 -0.882561 -0.459579 6.253844
22549 13 14 17
-0.550072 0.249689 0.796917 6.213970
25141 13 14 19
0.249004 -0.872028 -0.421385 11.021142
29029 13 14 22
0.098806 -0.558265 -0.823758 8.831063
22585 13 15 17
-0.526910 -0.086579 0.845500 6.517255
27769 13 15 21
-0.777647 -0.455992 -0.432823 10.206408
14845 13 16 11
0.299867 0.737148 0.605551 4.330771
16141 13 16 12
0.247828 0.926215 -0.284089 4.767373
22621 13 16 17
-0.519705 -0.229407 0.822970 5.765219
23917 13 16 18
-0.661393 -0.473860 0.581392 8.348413
27805 13 16 21
-0.417218 -0.786238 -0.455806 7.975739
29101 13 16 22
-0.340536 -0.560201 -0.755123 4.598328
17473 13 17 13
-0.056577 0.760621 -0.646726 6.436893
23953 13 17 18
-0.804955 -0.428373 0.410542 6.958198
26545 13 17 20
-0.303016 -0.814096 -0.495408 6.419446
16213 13 18 12
-0.552448 0.801784 -0.227914 10.969229
17509 13 18 13
-0.454989 0.426728 -0.781594 9.086355
21397 13 18 16
-0.866739 0.496444 -0.048027 5.180428
25285 13 18 19
-0.926848 -0.271667 -0.259132 6.015837
14953 13 19 11
-0.109204 0.129043 0.985608 11.528247
16249 13 19 12
-0.370093 -0.493678 -0.786965 11.198806
18841 13 19 14
-0.890915 0.153157 -0.427566 8.051092
21433 13 19 16
-0.919853 0.052024 -0.388799 6.416247
25321 13 19 19
-0.998227 0.053448 -0.026201 5.626019
13693 13 20 10
0.079460 -0.525607 0.847009 7.019633
14989 13 20 11
-0.214526 -0.908589 0.358391 10.016655
17581 13 20 13
-0.667235 -0.584645 -0.461506 8.952556
18877 13 20 14
-0.802120 -0.427510 -0.416940 7.374394
26653 13 20 20
-0.348689 0.458153 -0.817625 4.957856
16321 13 21 12
-0.669559 -0.739008 -0.074556 7.543400
17617 13 21 13
-0.642159 -0.697878 -0.317172 6.665839
25393 13 21 19
-0.753422 0.657516 -0.005236 8.964620
15061 13 22 11
-0.586298 -0.743604 0.321414 3.738099
16357 13 22 12
-0.616037 -0.782362 -0.091697 4.166294
24133 13 22 18
-0.848710 0.183659 0.495944 8.827441
25429 13 22 19
-0.901586 0.365065 0.232101 10.214830
24169 13 23 18
-0.668445 0.436569 0.602154 9.917735
25465 13 23 19
-0.925171 0.298070 0.234973 10.684615
22909 13 24 17
-0.463939 -0.112672 0.878673 7.553705
24205 13 24 18
-0.392713 -0.605975 0.691788 10.362823
26797 13 24 20
0.647474 -0.304133 -0.698770 10.533349
24241 13 25 18
0.433863 -0.840004 0.325816 8.243780
26833 13 25 20
0.527755 -0.746326 -0.405552 9.246238
26869 13 26 20
0.550902 -0.786414 -0.279392 5.815202
31406 14 8 24
0.664352 0.708000 0.239525 8.013342
32702 14 8 25
0.422240 0.847167 -0.322524 7.761063
32738 14 9 25
0.457277 0.789615 -0.409152 11.377393
34034 14 9 26
0.315666 0.408012 -0.856669 8.254987
39218 14 9 30
0.411759 0.908899 0.066004 5.691129
40514 14 9 31
0.417419 0.589822 -0.691282 4.113194
27590 14 10 21
-0.181030 0.602821 0.777068 9.626321
28886 14 10 22
-0.359567 0.800758 -0.479060 9.665764
31478 14 10 24
-0.065245 0.100399 0.992806 11.826975
32774 14 10 25
0.400935 -0.593837 -0.697573 11.748163
34070 14 10 26
0.324656 -0.283152 -0.902454 8.609818
35366 14 10 27
0.462529 0.180380 -0.868061 5.217118
37958 14 10 29
0.598693 0.548494 0.583713 7.494075
39254 14 10 30
0.914823 0.133646 -0.381101 8.311334
40550 14 10 31
0.477790 -0.154755 -0.864736 5.150583
30218 14 11 23
-0.556314 0.792638 0.249479 11.605371
34106 14 11 26
0.095030 -0.587522 -0.803609 6.919897
35402 14 11 27
0.638183 -0.509239 -0.577406 4.965822
37994 14 11 29
0.903267 -0.356276 0.239114 7.825710
28958 14 12 22
-0.853769 0.203671 0.479162 12.391137
30254 14 12 23
-0.620178 -0.708437 0.336892 12.814990
31550 14 12 24
-0.022979 -0.098872 -0.994835 12.391500
34142 14 12 26
-0.025748 -0.389522 -0.920657 5.466017
27698 14 13 21
-0.897665 -0.089994 0.431392 11.113024
28994 14 13 22
-0.630580 -0.695524 -0.344406 11.055923
31586 14 13 24
0.278078 -0.951575 -0.131065 9.434532
32882 14 13 25
0.373308 -0.654616 -0.657357 7.387448
23846 14 14 18
-0.651793 0.272581 0.707718 7.080706
25142 14 14 19
-0.912082 0.338874 0.230803 9.677011
27734 14 14 21
-0.837146 -0.524187 -0.156249 9.911547
29030 14 14 22
-0.476706 -0.593714 -0.648270 7.710748
23882 14 15 18
-0.558776 -0.085821 0.824866 7.625743
25178 14 15 19
-0.870545 -0.491920 -0.012903 9.594609
27770 14 15 21
-0.739183 -0.518490 -0.429858 8.154219
14846 14 16 11
0.573772 0.710734 0.406993 5.755591
16142 14 16 12
0.412818 0.869953 -0.269745 5.907297
25214 14 16 19
-0.466057 -0.873641 0.139791 8.111562
26510 14 16 20
-0.665681 -0.617822 -0.418527 7.518191
27806 14 16 21
-0.560096 -0.627629 -0.540716 5.684964
17474 14 17 13
0.282160 0.503219 -0.816796 6.734142
26546 14 17 20
-0.416716 -0.797269 -0.436704 5.033703
11030 14 18 8
0.721310 0.196396 0.664184 5.522828
12326 14 18 9
0.871152 0.355172 0.339038 7.710056
13622 14 18 10
0.706272 0.617720 0.345835 8.882183
14918 14 18 11
0.187769 0.924722 0.331106 9.957572
16214 14 18 12
-0.460240 0.691790 -0.556422 9.920713
17510 14 18 13
-0.222968 0.187652 -0.956594 7.819415
11066 14 19 8
0.677581 -0.367655 0.636957 5.062966
12362 14 19 9
0.726669 -0.383239 0.570158 7.625205
13658 14 19 10
0.426288 -0.099295 0.899121 9.839364
14954 14 19 11
-0.244376 0.668625 0.702297 11.400865
16250 14 19 12
-0.203992 -0.034560 -0.978362 10.596261
14990 14 20 11
0.369992 -0.916823 0.150135 10.285092
21470 14 20 16
0.721178 -0.251276 -0.645572 5.107956
21506 14 21 16
0.693322 -0.575695 -0.433451 4.198690
25394 14 21 19
-0.886446 0.392352 0.245505 5.351946
26726 14 22 20
-0.776729 0.612870 0.145197 8.498597
28022 14 22 21
-0.379810 0.684405 -0.622362 7.559887
25466 14 23 19
-0.643224 0.712913 0.279317 9.353647
28058 14 23 21
-0.137421 0.427326 -0.893593 9.745335
24206 14 24 18
0.076655 0.510928 0.856199 9.963934
28094 14 24 21
0.366466 -0.047453 -0.929221 10.300172
24242 14 25 18
0.848176 -0.358668 0.389814 10.009814
28130 14 25 21
0.604045 -0.430714 -0.670534 9.502275
22982 14 26 17
0.321230 -0.456462 0.829731 5.203685
24278 14 26 18
0.629109 -0.717313 0.299473 8.280931
26870 14 26 20
0.679555 -0.726436 -0.102449 8.665046
30111 15 8 23
0.501089 0.460492 0.732705 8.562417
31407 15 8 24
0.470570 0.881798 0.031573 9.688629
32703 15 8 25
0.255294 0.840117 -0.478568 9.041921
30147 15 9 23
0.337694 -0.046844 0.940090 9.028841
34035 15 9 26
-0.028929 0.307098 -0.951238 8.632876
40515 15 9 31
-0.073186 0.693497 -0.716732 4.907728
27591 15 10 21
-0.740217 0.590810 0.320971 7.290590
30183 15 10 23
-0.403619 -0.113434 0.907868 8.854979
31479 15 10 24
-0.450847 -0.074934 0.889450 11.037282
32775 15 10 25
-0.450552 -0.531307 -0.717437 11.678602
37959 15 10 29
-0.156876 0.800055 0.579053 8.140044
39255 15 10 30
-0.489105 0.725340 -0.484416 9.336531
40551 15 10 31
-0.027678 -0.142754 -0.989371 6.272083
27627 15 11 21
-0.826364 0.395591 0.400786 9.320753
37995 15 11 29
0.241027 0.299127 0.923271 10.052005
39291 15 11 30
0.065807 -0.389243 -0.918781 8.858494
27663 15 12 21
-0.591042 -0.290478 0.752524 9.504017
28959 15 12 22
-0.998754 -0.017432 0.046769 10.121943
31551 15 12 24
-0.744729 0.503191 -0.438380 11.429667
38031 15 12 29
0.706058 -0.693605 0.142811 8.718929
39327 15 12 30
0.528747 -0.396684 -0.750379 7.217654
28995 15 13 22
-0.654300 -0.754512 -0.051031 8.108062
30291 15 13 23
-0.342118 -0.866390 0.363763 8.802788
31587 15 13 24
0.025446 -0.996187 0.083452 10.351587
32883 15 13 25
0.429840 -0.224491 -0.874552 8.926750
26439 15 14 20
-0.995230 0.072393 0.065391 7.321020
34215 15 14 26
0.939964 0.130538 0.315320 8.857924
35511 15 14 27
0.832578 0.068504 -0.549656 8.266387
27771 15 15 21
-0.658868 -0.432829 -0.615266 5.234627
35547 15 15 27
0.680643 -0.571205 -0.458748 6.424642
14847 15 16 11
0.374081 0.913107 0.162170 7.852232
16143 15 16 12
0.164882 0.943455 -0.287588 7.364231
17439 15 16 13
0.146683 0.874394 -0.462515 5.985756
18735 15 16 14
0.176008 0.639832 -0.748089 3.553760
25215 15 16 19
0.676520 -0.352061 -0.646818 7.661897
12291 15 17 9
0.515018 0.824484 0.234483 8.041471
13587 15 17 10
0.597894 0.683186 0.419261 9.146957
14883 15 17 11
0.889823 0.441575 0.115005 10.189710
16179 15 17 12
0.535285 0.346654 -0.770261 9.500969
17475 15 17 13
0.161900 0.088518 -0.982829 7.788419
18771 15 17 14
0.332859 0.178528 -0.925922 5.114151
23955 15 17 18
0.885127 -0.062883 0.461082 6.649040
13623 15 18 10
-0.128609 -0.812730 0.568269 9.970703
13659 15 19 10
-0.609482 0.504010 0.611969 9.894097
17547 15 19 13
-0.266307 -0.193194 -0.944329 7.063027
12399 15 20 9
0.655936 -0.467282 0.592786 8.343323
13695 15 20 10
0.606050 -0.290102 0.740638 10.378377
14991 15 20 11
0.034431 -0.980500 -0.193481 11.228189
16287 15 20 12
-0.112977 -0.639926 -0.760086 9.114730
21471 15 20 16
0.856496 -0.194168 -0.478240 7.745594
13731 15 21 10
0.450247 -0.877783 0.163632 7.427970
15027 15 21 11
0.124534 -0.958501 -0.256452 7.064336
18915 15 21 14
0.456514 -0.332782 0.825137 4.640834
21507 15 21 16
0.534333 -0.569739 -0.624409 6.336895
21543 15 22 16
0.440194 -0.727781 -0.525893 4.379434
25467 15 23 19
-0.081853 0.996571 0.012111 8.560758
24207 15 24 18
0.253458 0.698338 0.669390 10.526780
25503 15 24 19
0.082947 -0.232997 -0.968934 9.802128
28095 15 24 21
-0.836956 0.288755 -0.464892 9.527744
29391 15 24 22
-0.221672 0.232883 -0.946904 6.716721
24243 15 25 18
0.473304 -0.687542 0.550699 11.019168
28131 15 25 21
-0.905924 0.139682 -0.399739 9.745346
29427 15 25 22
-0.147591 0.002578 -0.989045 7.208582
24279 15 26 18
-0.117694 -0.925874 0.359035 9.465395
26871 15 26 20
-0.622657 -0.104654 0.775465 9.552448
28167 15 26 21
0.203173 -0.635271 -0.745085 9.476982
29463 15 26 22
0.164871 -0.396567 -0.903079 6.426119
25611 15 27 19
-0.000991 -0.950583 0.310468 6.496961
26907 15 27 20
0.195559 -0.974247 0.112250 7.604516
28203 15 27 21
0.309956 -0.826138 -0.470556 6.685713
26943 15 28 20
0.163450 -0.983990 0.071045 3.514299
30076 16 7 23
0.205302 0.788737 0.579435 7.255630
31372 16 7 24
0.445514 0.894593 0.034922 8.855543
32668 16 7 25
0.580083 0.663062 -0.473131 7.951047
30112 16 8 23
0.388619 0.333650 0.858868 9.934489
32704 16 8 25
0.189737 0.687930 -0.700537 9.633063
34000 16 8 26
0.264529 0.486460 -0.832695 7.740231
28852 16 9 22
-0.089649 -0.176365 0.980234 6.435606
30148 16 9 23
-0.021872 -0.746611 0.664901 9.363969
34036 16 9 26
0.113262 0.173825 -0.978242 8.811563
40516 16 9 31
-0.416596 0.669239 -0.615278 3.719239
30184 16 10 23
-0.418954 -0.495200 0.761088 7.885971
31480 16 10 24
-0.746906 -0.074565 0.660735 9.772954
32776 16 10 25
-0.994940 -0.030896 -0.095605 10.683296
34072 16 10 26
0.229260 -0.039005 -0.972583 9.066270
36664 16 10 28
0.633751 0.762109 0.132476 7.567203
39256 16 10 30
-0.437266 0.817996 -0.373739 8.273108
40552 16 10 31
-0.254479 0.056723 -0.965413 5.466442
27628 16 11 21
-0.907341 0.418229 0.042622 5.711733
34108 16 11 26
0.591093 -0.585666 -0.554620 8.277987
35404 16 11 27
0.847405 0.188268 0.496446 8.153348
36700 16 11 28
0.729703 0.512261 0.452905 9.699007
27664 16 12 21
-0.997319 -0.016736 0.071235 6.800005
31552 16 12 24
-0.861294 0.473514 0.184275 9.489065
35440 16 12 27
0.723265 -0.052658 0.688560 8.138084
36736 16 12 28
0.787642 -0.313813 0.530228 9.906436
27700 16 13 21
-0.767137 -0.606908 -0.207759 5.837942
28996 16 13 22
-0.655704 -0.754132 0.036556 5.341786
31588 16 13 24
-0.599110 -0.526542 0.603176 9.528960
32884 16 13 25
-0.138639 0.260144 -0.955565 9.422851
34180 16 13 26
0.271862 0.944441 -0.184724 8.283260
36772 16 13 28
0.988614 -0.097195 -0.114872 9.273321
38068 16 13 29
0.859458 -0.496244 0.122776 9.198245
39364 16 13 30
0.715654 -0.149245 -0.682324 8.644216
26440 16 14 20
0.520601 0.830296 -0.198952 6.427542
31624 16 14 24
-0.002356 -0.573318 0.819330 7.494321
32920 16 14 25
0.396402 -0.097595 0.912875 9.464279
35512 16 14 27
0.692879 0.644022 -0.324275 10.729686
39400 16 14 30
0.853093 -0.435676 -0.287088 7.097117
26476 16 15 20
0.634340 0.088961 -0.767918 7.305951
31660 16 15 24
0.219656 -0.522746 0.823703 5.175511
32956 16 15 25
0.449064 -0.397574 0.800173 8.884098
34252 16 15 26
0.871742 -0.350745 0.342117 10.832161
35548 16 15 27
0.540387 -0.553141 -0.634048 9.872328
14848 16 16 11
-0.299422 0.950007 -0.088504 7.795702
17440 16 16 13
-0.673485 0.648023 -0.355646 4.562449
23920 16 16 18
0.547288 0.339214 0.765121 9.706773
25216 16 16 19
0.811938 0.183046 -0.554302 10.360794
26512 16 16 20
0.453902 -0.219687 -0.863545 6.888549
34288 16 16 26
0.717630 -0.689322 0.099210 8.401742
35584 16 16 27
0.635058 -0.568007 -0.523517 6.886183
10996 16 17 8
0.087716 0.676320 0.731367 7.770782
12292 16 17 9
0.353545 0.927268 0.123208 9.794112
14884 16 17 11
-0.549102 0.805246 -0.223753 10.751558
16180 16 17 12
-0.544318 0.383180 -0.746251 8.945165
18772 16 17 14
-0.749157 0.348399 -0.563366 4.497521
23956 16 17 18
0.659273 0.098324 0.745448 10.627363
25252 16 17 19
0.583684 -0.293017 -0.757267 9.946399
11032 16 18 8
0.036436 0.235452 0.971203 10.051501
12328 16 18 9
0.771846 0.015143 -0.635629 11.310375
14920 16 18 11
-0.014124 -0.638104 0.769821 10.651701
16216 16 18 12
-0.199039 0.172212 -0.964742 9.744265
18808 16 18 14
-0.968553 -0.171557 -0.180204 4.788315
20104 16 18 15
-0.071947 0.812461 0.578559 5.517063
21400 16 18 16
0.366496 0.872409 0.323394 7.126431
23992 16 18 18
0.921010 -0.388651 -0.026294 10.368416
25288 16 18 19
0.337918 -0.474793 -0.812640 7.791800
11068 16 19 8
0.023793 -0.391509 0.919867 9.753594
12364 16 19 9
0.740525 -0.228636 -0.631940 10.955619
14956 16 19 11
-0.123532 0.334612 0.934224 10.542542
16252 16 19 12
-0.126690 -0.130013 -0.983385 9.962718
21436 16 19 16
0.565818 0.554999 0.609775 10.112727
22732 16 19 17
0.912613 -0.217569 -0.346123 9.928940
24028 16 19 18
0.570385 -0.660751 -0.487924 8.244026
25324 16 19 19
0.261625 -0.545784 -0.796036 5.059373
11104 16 20 8
0.032672 -0.642787 0.765348 7.076021
12400 16 20 9
0.342110 -0.580677 0.738766 10.304651
16288 16 20 12
-0.186612 -0.621332 -0.761001 8.241659
21472 16 20 16
0.004710 -0.995585 -0.093751 9.489100
12436 16 21 9
0.168293 -0.770272 0.615108 7.413978
13732 16 21 10
0.167565 -0.981805 -0.089337 9.015477
20212 16 21 15
-0.687193 -0.598552 0.411705 6.647284
20248 16 22 15
-0.706374 -0.686339 0.173132 4.659204
20284 16 23 15
-0.395377 -0.880496 0.261541 2.677412
26764 16 23 20
0.119159 0.989158 -0.085837 8.392308
24208 16 24 18
-0.056726 0.788682 0.612179 10.818424
26800 16 24 20
0.716955 -0.697047 0.010048 9.314394
28096 16 24 21
-0.124327 -0.005980 -0.992223 8.720886
29392 16 24 22
-0.193365 0.059023 -0.979350 5.660520
24244 16 25 18
-0.404503 -0.858310 0.315725 10.768484
24280 16 26 18
-0.451683 -0.837253 0.308203 8.052730
29464 16 26 22
-0.397338 -0.158835 -0.903822 5.649884
26908 16 27 20
-0.370149 -0.891465 0.261303 6.959491
28204 16 27 21
-0.276538 -0.858789 -0.431286 6.630241
33893 17 5 26
0.553910 0.787894 -0.269086 4.748573
32633 17 6 25
0.777033 0.609469 0.157378 9.139542
33929 17 6 26
0.847011 0.383527 -0.368076 8.219774
31373 17 7 24
-0.266246 0.719006 0.641984 9.375912
32669 17 7 25
0.840149 -0.452777 -0.298569 9.708334
35261 17 7 27
0.949251 0.050715 -0.310403 7.367206
30113 17 8 23
-0.667366 0.251661 0.700920 9.383403
31409 17 8 24
-0.858708 -0.198447 -0.472481 9.952630
28853 17 9 22
-0.412982 -0.306236 0.857709 5.306949
30149 17 9 23
-0.566766 -0.662687 0.489511 8.459713
31445 17 9 24
-0.549425 -0.834562 0.040484 8.959249
32741 17 9 25
-0.829734 0.031248 0.557284 9.376769
34037 17 9 26
0.215143 0.468711 -0.856752 9.030402
36629 17 9 28
0.434250 0.782692 -0.445893 6.300678
34073 17 10 26
0.607483 0.364480 -0.705775 9.775992
36665 17 10 28
0.276656 0.960910 -0.010619 9.279259
37961 17 10 29
-0.059883 0.954856 -0.290970 8.482093
39257 17 10 30
-0.357446 0.824448 -0.438768 7.268646
40553 17 10 31
-0.324092 0.389213 -0.862251 4.213279
36701 17 11 28
0.410598 0.294619 0.862907 10.842196
37997 17 11 29
0.368307 0.426482 -0.826113 10.611236
39293 17 11 30
0.131891 0.033743 -0.990690 9.020751
40589 17 11 31
0.012377 -0.073378 -0.997227 4.839409
36737 17 12 28
-0.540469 -0.699253 0.467908 10.160447
38033 17 12 29
-0.297759 -0.777168 -0.554391 10.132981
32885 17 13 25
-0.719733 0.669625 0.183267 8.821073
34181 17 13 26
0.278879 0.844186 -0.457796 8.519393
39365 17 13 30
-0.243529 0.421644 -0.873447 9.481400
26441 17 14 20
0.810605 0.585204 -0.021354 8.512531
36809 17 14 28
-0.120822 -0.533697 -0.837000 10.711216
39401 17 14 30
-0.038899 -0.443295 -0.895531 9.741076
40697 17 14 31
-0.001421 -0.085208 -0.996362 5.567465
23885 17 15 18
-0.065976 0.561054 0.825146 8.422976
25181 17 15 19
0.163610 0.979985 0.113404 10.455789
26477 17 15 20
0.501705 -0.169413 -0.848288 9.315331
36845 17 15 28
0.233268 -0.853401 -0.466148 8.861063
38141 17 15 29
0.378341 -0.924782 -0.040444 8.030680
39437 17 15 30
0.165524 -0.871497 -0.461621 7.418035
40733 17 15 31
0.088190 -0.472523 -0.876895 4.196941
12257 17 16 9
-0.182000 0.937800 0.295647 5.540332
23921 17 16 18
-0.582740 0.035751 0.811872 9.676569
25217 17 16 19
-0.845038 -0.182783 -0.502494 11.157459
26513 17 16 20
-0.134614 -0.386519 -0.912405 7.919112
34289 17 16 26
0.141806 -0.817018 0.558903 10.558658
35585 17 16 27
0.221087 -0.491572 -0.842305 9.363727
38177 17 16 29
0.282079 -0.946809 -0.154871 4.353588
12293 17 17 9
-0.387714 0.788301 0.477764 9.909244
13589 17 17 10
0.038357 0.999130 -0.016359 10.687940
14885 17 17 11
-0.116205 0.765305 -0.633091 9.926594
23957 17 17 18
-0.812606 0.043390 0.581195 9.774114
25253 17 17 19
-0.717792 -0.402876 -0.567860 10.036817
26549 17 17 20
-0.212947 -0.385079 -0.897980 6.050596
34325 17 17 26
0.361225 -0.902437 0.234784 6.894052
35621 17 17 27
0.330999 -0.792949 -0.511538 5.992378
12329 17 18 9
-0.606374 0.199757 0.769680 11.679421
21401 17 18 16
-0.548744 0.650787 0.524744 6.537583
22697 17 18 17
-0.709476 0.576457 0.405391 8.822248
12365 17 19 9
-0.556583 -0.575517 0.599162 11.150738
16253 17 19 12
-0.293980 -0.171773 -0.940250 9.086506
17549 17 19 13
-0.076350 -0.190626 -0.978689 5.063862
21437 17 19 16
-0.833510 0.082048 0.546379 8.503783
22733 17 19 17
-0.954635 -0.265164 -0.135499 9.661341
12401 17 20 9
-0.573735 -0.498589 0.649799 9.512593
14993 17 20 11
-0.304062 -0.666046 -0.681123 9.913314
16289 17 20 12
-0.081863 -0.554107 -0.828410 7.473439
21473 17 20 16
-0.805790 -0.543764 0.234569 7.309935
22769 17 20 17
-0.554571 -0.763203 -0.331622 6.959813
24065 17 20 18
-0.433005 -0.731103 -0.527252 4.768537
12437 17 21 9
-0.375329 -0.638175 0.672206 6.799888
13733 17 21 10
-0.299147 -0.951300 0.074428 8.933270
15029 17 21 11
0.114982 -0.809990 -0.575061 7.570908
26693 17 21 20
0.016773 0.993352 0.113887 3.564978
13769 17 22 10
-0.003870 -0.999304 0.037106 4.432071
26729 17 22 20
-0.099321 0.952167 0.288988 5.841806
28025 17 22 21
-0.020353 0.754029 -0.656526 5.198416
24173 17 23 18
0.005087 0.949727 0.313039 7.526296
29357 17 23 22
-0.217586 0.343974 -0.913421 4.447873
24209 17 24 18
-0.360426 0.625136 0.692313 10.283554
25505 17 24 19
-0.165455 0.677507 -0.716665 10.102582
26801 17 24 20
-0.841458 0.168583 -0.513350 9.083529
28097 17 24 21
-0.742390 -0.118649 -0.659378 7.593700
29393 17 24 22
-0.442712 -0.204282 -0.873084 4.584131
24245 17 25 18
-0.277892 -0.743401 0.608384 9.788635
25541 17 25 19
0.232819 -0.780132 -0.580680 9.907812
26837 17 25 20
-0.517402 -0.335751 -0.787125 8.864677
28133 17 25 21
-0.653279 -0.051586 -0.755358 7.105268
26873 17 26 20
-0.642248 -0.765366 -0.041627 8.096416
28169 17 26 21
-0.689685 -0.201593 -0.695482 6.944902
26909 17 27 20
-0.457679 -0.874825 0.158784 5.495072
28205 17 27 21
-0.526440 -0.735495 -0.426507 4.974814
33894 18 5 26
-0.066512 0.996468 0.051252 6.217654
35190 18 5 27
0.347668 0.918617 -0.187803 5.858244
31338 18 6 24
-0.271680 0.589735 0.760528 6.714350
32634 18 6 25
-0.541687 0.698297 0.467928 9.746400
33930 18 6 26
-0.196905 0.973406 0.117086 10.683576
35226 18 6 27
0.567267 0.779923 -0.264439 10.402437
36522 18 6 28
0.556348 0.570361 -0.604289 8.111471
31374 18 7 24
-0.295714 0.227524 0.927786 8.503992
32670 18 7 25
-0.358047 -0.798468 0.483996 10.027794
33966 18 7 26
0.104846 -0.689409 0.716744 11.076886
35262 18 7 27
0.984621 -0.100501 -0.142901 11.814360
36558 18 7 28
0.683516 0.039625 -0.728859 9.872149
35298 18 8 27
0.903981 -0.421748 -0.070333 10.763289
36594 18 8 28
0.740351 -0.273083 -0.614252 8.989420
30150 18 9 23
-0.607777 -0.346427 0.714559 6.149006
31446 18 9 24
-0.458214 -0.752106 0.473683 7.878762
32742 18 9 25
-0.101038 -0.136649 0.985453 8.865891
34074 18 10 26
0.272056 -0.028757 0.961852 10.398797
36666 18 10 28
0.316938 0.791556 -0.522484 9.776276
30222 18 11 23
0.453152 0.659871 0.599352 7.201508
34110 18 11 26
-0.361462 -0.663622 0.654944 9.615648
35406 18 11 27
0.262052 -0.798820 0.541493 10.446626
36702 18 11 28
-0.329699 -0.913667 -0.237720 10.843879
39294 18 11 30
-0.479866 0.515480 -0.709936 8.275182
30258 18 12 23
0.796146 0.351324 0.492669 8.942387
34146 18 12 26
-0.570508 -0.402906 0.715673 8.348927
35442 18 12 27
-0.027505 -0.930936 0.364144 9.163796
38034 18 12 29
-0.348469 -0.877933 0.328334 9.857399
39330 18 12 30
-0.062395 -0.113032 -0.991630 9.068080
40626 18 12 31
-0.030430 -0.019140 -0.999354 4.703775
26406 18 13 20
0.124653 0.894273 0.429810 7.384243
30294 18 13 23
0.991399 -0.130186 -0.013416 9.192719
34182 18 13 26
-0.582102 0.802194 0.132822 8.517971
35478 18 13 27
-0.849245 0.357019 0.388999 8.605561
39366 18 13 30
-0.411524 -0.274573 -0.869056 8.398659
23850 18 14 18
0.082318 0.648277 0.756942 5.498054
26442 18 14 20
-0.075005 0.591918 0.802500 10.049416
27738 18 14 21
0.912845 0.100173 -0.395827 10.421378
29034 18 14 22
0.923665 -0.197790 -0.328210 9.270864
30330 18 14 23
0.944961 -0.310074 -0.104419 8.584977
31626 18 14 24
0.952025 0.089642 0.292596 8.678725
32922 18 14 25
0.419019 0.735716 0.532115 9.484282
34218 18 14 26
0.266475 0.822152 -0.503048 9.510874
36810 18 14 28
-0.999943 -0.008359 -0.006658 9.386064
38106 18 14 29
-0.886675 -0.329042 -0.324868 8.853884
23886 18 15 18
-0.564119 -0.088852 0.820899 6.648460
25182 18 15 19
-0.861495 -0.220235 0.457518 9.085958
26478 18 15 20
-0.402064 -0.909164 -0.108469 9.556280
27774 18 15 21
0.341017 -0.873005 -0.348669 8.638577
29070 18 15 22
0.660198 -0.717943 -0.220671 7.305150
30366 18 15 23
0.851114 -0.495421 0.173675 7.152780
32958 18 15 25
0.844800 -0.055167 0.532231 9.894596
34254 18 15 26
0.665675 0.671301 -0.325933 10.346813
40734 18 15 31
-0.576366 -0.392670 -0.716668 3.000885
13554 18 16 10
-0.540992 0.817981 0.195537 4.858936
38178 18 16 29
-0.301583 -0.847308 -0.437169 4.182111
14886 18 17 11
-0.331872 0.934156 -0.131199 9.567006
16182 18 17 12
0.380131 0.733725 -0.563159 8.066852
30438 18 17 23
0.809837 0.155219 0.565749 6.687628
31734 18 17 24
0.984518 -0.145205 -0.098181 7.976059
34326 18 17 26
0.213852 -0.955413 0.203602 8.162350
35622 18 17 27
0.141511 -0.799740 -0.583430 7.112615
13626 18 18 10
-0.747000 0.492389 0.446702 11.510104
14922 18 18 11
0.320883 0.362770 -0.874890 11.434815
22698 18 18 17
-0.949403 0.236552 0.206587 4.422479
23994 18 18 18
-0.996521 -0.079066 -0.026360 4.856505
25290 18 18 19
-0.874003 -0.370144 -0.314822 4.113200
12366 18 19 9
-0.540945 -0.188051 0.819765 8.812026
13662 18 19 10
-0.016199 -0.897390 0.440940 11.472245
15030 18 21 11
0.439323 -0.890155 -0.120910 8.458952
22878 18 23 17
0.625229 0.644860 0.439596 7.060746
25470 18 23 19
-0.038439 0.952474 -0.302185 7.481264
22914 18 24 17
0.585987 0.001848 0.810318 8.171662
25506 18 24 19
-0.135304 0.568828 -0.811251 9.681618
21654 18 25 16
0.841935 -0.197051 0.502311 5.516260
25542 18 25 19
-0.229909 -0.566740 -0.791169 9.659092
24282 18 26 18
0.281721 -0.938726 0.198561 6.625667
25578 18 26 19
-0.316802 -0.926997 -0.200780 6.654768
35191 19 5 27
-0.111481 0.980822 0.159876 6.402138
35227 19 6 27
-0.619369 0.681831 0.389216 10.158724
36523 19 6 28
-0.097609 0.666299 -0.739269 9.274601
37819 19 6 29
0.143386 0.578042 -0.803310 5.531679
31375 19 7 24
-0.389426 0.582406 0.713548 7.620134
32671 19 7 25
-0.762453 0.638179 0.106740 8.731570
35263 19 7 27
-0.906337 0.155807 0.392783 11.102839
36559 19 7 28
-0.445023 0.403571 -0.799428 10.796716
37855 19 7 29
0.335101 0.366158 -0.868122 7.807559
31411 19 8 24
-0.291625 -0.247795 0.923879 8.382714
35299 19 8 27
-0.694992 0.481173 0.534284 11.684956
36595 19 8 28
0.408445 0.200845 -0.890412 11.449160
37891 19 8 29
0.613601 -0.004170 -0.789606 8.662022
31447 19 9 24
-0.443543 -0.557101 0.702074 6.957087
32743 19 9 25
-0.313915 -0.497059 0.808943 8.690906
34039 19 9 26
-0.217293 -0.086531 0.972263 10.737428
35335 19 9 27
0.793177 -0.103248 0.600175 12.113422
36631 19 9 28
0.767879 -0.105488 -0.631849 11.360162
32779 19 10 25
-0.597119 -0.326134 0.732861 7.689932
34075 19 10 26
-0.515249 -0.521396 0.680194 9.759817
35371 19 10 27
-0.035239 -0.837793 0.544849 11.377489
36667 19 10 28
0.631715 -0.078563 -0.771209 11.116769
30223 19 11 23
-0.467326 0.639128 0.610837 7.214005
31519 19 11 24
-0.529231 0.764989 -0.367024 7.992840
34111 19 11 26
-0.697989 -0.566393 0.438190 7.787860
35407 19 11 27
-0.584638 -0.607280 0.537968 9.607284
36703 19 11 28
-0.486841 -0.837882 -0.246860 10.514536
30259 19 12 23
-0.665265 0.463387 0.585401 9.284821
31555 19 12 24
-0.491307 0.168930 -0.854447 9.025952
36739 19 12 28
-0.622064 -0.778885 0.079840 8.782228
39331 19 12 30
-0.721153 0.195991 -0.664475 7.540930
40627 19 12 31
-0.392777 0.122201 -0.911479 3.740864
27703 19 13 21
-0.189632 0.955454 0.226156 8.515139
28999 19 13 22
-0.408135 0.837246 0.363929 9.308724
30295 19 13 23
-0.985128 0.085667 0.148945 10.065323
31591 19 13 24
-0.286286 0.092403 -0.953678 9.173700
35479 19 13 27
-0.974945 0.110120 0.193275 7.485413
36775 19 13 28
-0.964175 -0.265253 0.002751 7.595688
38071 19 13 29
-0.869727 -0.486898 0.080653 7.794773
39367 19 13 30
-0.576813 -0.502411 -0.644104 6.882578
40663 19 13 31
-0.319003 -0.284909 -0.903916 3.336982
23851 19 14 18
0.551381 0.022098 0.833961 6.254288
25147 19 14 19
0.282102 0.573685 0.768963 7.588797
27739 19 14 21
-0.925880 -0.251231 0.282185 9.956242
29035 19 14 22
-0.788937 -0.575444 -0.215505 9.987129
34219 19 14 26
-0.322020 0.926964 -0.192460 9.184431
38107 19 14 29
-0.742382 -0.480078 -0.467327 6.357198
17407 19 15 13
0.941060 0.217698 0.258869 2.895252
25183 19 15 19
-0.428010 -0.755653 0.495778 7.004350
26479 19 15 20
-0.610222 -0.777282 0.153174 7.827299
27775 19 15 21
-0.498995 -0.865378 0.046085 8.116998
29071 19 15 22
-0.159366 -0.984515 0.073026 8.222009
30367 19 15 23
0.243779 -0.664749 0.706173 8.975887
31663 19 15 24
0.572963 0.175222 0.800631 10.778847
32959 19 15 25
0.621513 0.765824 -0.165030 11.478308
34255 19 15 26
0.002079 0.793718 -0.608282 10.949107
35551 19 15 27
0.151588 0.481259 -0.863372 9.921944
36847 19 15 28
-0.264672 -0.180193 -0.947354 7.743386
32995 19 16 25
0.774802 -0.555048 -0.302660 11.463859
34291 19 16 26
-0.208972 -0.946436 -0.246150 11.157744
35587 19 16 27
-0.086440 -0.287786 -0.953786 10.043133
36883 19 16 28
-0.117202 -0.451630 -0.884474 6.395359
16183 19 17 12
-0.491461 0.870735 0.016926 7.924652
17479 19 17 13
-0.039279 0.915745 -0.399835 7.030286
30439 19 17 23
0.098875 0.457771 0.883555 9.232348
31735 19 17 24
0.995846 0.070290 -0.057881 11.217207
35623 19 17 27
0.028189 -0.773850 -0.632741 7.714282
14923 19 18 11
-0.652812 0.676425 0.341005 10.287353
16219 19 18 12
-0.389916 0.920171 0.035380 10.982073
17515 19 18 13
0.364961 0.712387 -0.599423 10.220505
18811 19 18 14
0.391065 0.390304 -0.833505 7.341840
30475 19 18 23
0.541492 -0.313219 0.780180 9.973373
31771 19 18 24
0.748165 -0.493588 -0.443418 10.479228
13663 19 19 10
-0.486734 0.281781 0.826855 10.480379
14959 19 19 11
-0.617663 0.757790 -0.210350 11.776944
16255 19 19 12
0.864424 -0.378076 -0.331405 11.433763
17551 19 19 13
0.888300 -0.205497 -0.410723 10.759264
18847 19 19 14
0.667683 -0.058743 -0.742124 8.039253
30511 19 19 23
0.618609 -0.705894 0.345017 7.151230
31807 19 19 24
0.711506 -0.658727 -0.244616 7.423632
13699 19 20 10
0.082121 -0.604497 0.792364 9.750511
14995 19 20 11
0.430870 -0.819322 0.378237 11.312643
16291 19 20 12
0.847459 -0.114567 -0.518351 11.052392
15031 19 21 11
0.248674 -0.678225 0.691501 9.896398
16327 19 21 12
0.857619 -0.438080 -0.269398 10.536389
15067 19 22 11
0.409862 -0.752246 0.515886 6.786567
22843 19 22 17
0.765913 0.623656 0.156305 6.992781
26731 19 22 20
-0.341291 0.749767 -0.566895 2.978730
22879 19 23 17
0.498446 0.650640 0.572904 8.609037
26767 19 23 20
-0.142581 0.404789 -0.903226 4.880596
22915 19 24 17
-0.294488 0.318456 0.901034 8.902884
25507 19 24 19
0.119455 0.323900 -0.938520 9.729494
21655 19 25 16
0.894175 -0.114581 0.432807 8.573336
24247 19 25 18
0.727127 -0.473060 0.497494 11.145407
25543 19 25 19
-0.028529 -0.456136 -0.889452 9.204580
21691 19 26 16
0.489256 -0.712537 0.502912 7.132531
22987 19 26 17
0.522691 -0.841594 0.136064 8.269732
24283 19 26 18
0.220540 -0.948408 -0.227779 8.140409
25579 19 26 19
-0.115282 -0.780774 -0.614086 5.575546
21727 19 27 16
0.168780 -0.941216 0.292620 3.395047
36488 20 5 28
0.007996 0.914004 -0.405627 5.681294
36524 20 6 28
0.132365 0.712114 -0.689474 9.085729
31376 20 7 24
-0.719013 0.520069 0.461030 5.062648
32672 20 7 25
-0.628016 0.743305 0.230421 6.533486
39152 20 7 30
0.411054 0.350947 -0.841350 5.952840
31412 20 8 24
-0.777349 -0.116830 0.618126 6.160848
32708 20 8 25
-0.836445 0.007074 0.548006 8.361433
34004 20 8 26
-0.570039 0.492739 0.657468 9.681402
37892 20 8 29
0.086565 0.320077 -0.943428 10.339458
36632 20 9 28
-0.956149 0.276743 -0.095879 11.858281
37928 20 9 29
-0.055449 -0.302801 -0.951439 10.083964
35372 20 10 27
-0.546395 -0.609218 0.574723 10.171964
36668 20 10 28
-0.686340 -0.688458 -0.234442 11.211204
37964 20 10 29
-0.178411 -0.319383 -0.930679 8.580616
31520 20 11 24
-0.977658 0.183398 0.102718 5.101616
32816 20 11 25
-0.969580 -0.217330 -0.112617 4.990417
34112 20 11 26
-0.710881 -0.630301 0.312041 5.240111
36704 20 11 28
-0.704231 -0.697772 0.131045 8.938804
38000 20 11 29
-0.484305 -0.258201 -0.835931 7.331519
25076 20 12 19
0.548627 0.821947 0.153009 5.960248
26372 20 12 20
0.666045 0.743602 -0.058653 5.962948
28964 20 12 22
-0.493095 0.861671 -0.119917 5.485275
34148 20 12 26
-0.967078 -0.230229 0.108415 3.662808
36740 20 12 28
-0.791149 -0.568338 0.225998 6.519851
38036 20 12 29
-0.840021 -0.367516 -0.399119 6.181670
23816 20 13 18
0.368677 0.642352 0.671909 7.262679
25112 20 13 19
0.603942 0.794535 -0.062986 7.992280
31592 20 13 24
-0.917488 0.359633 -0.169941 6.696917
36776 20 13 28
-0.992534 -0.101258 -0.067999 5.239642
39368 20 13 30
-0.845397 -0.275229 -0.457770 3.924259
17372 20 14 13
0.971306 0.232418 -0.050472 5.825375
23852 20 14 18
0.461996 -0.414704 0.783951 7.857250
26444 20 14 20
0.707522 -0.654145 0.267406 8.658961
29036 20 14 22
-0.655952 0.528736 -0.538670 9.045750
30332 20 14 23
-0.883820 0.450733 -0.125308 8.514284
31628 20 14 24
-0.766163 0.624070 0.153399 8.717082
32924 20 14 25
-0.329716 0.942897 -0.047252 8.984117
39404 20 14 30
-0.644285 -0.586672 -0.490625 2.343694
20000 20 15 15
0.919645 0.351873 -0.174465 5.829324
21296 20 15 16
0.909133 0.172541 -0.379086 5.151388
30368 20 15 23
-0.389361 -0.553528 0.736209 8.861835
31664 20 15 24
-0.679007 0.297974 0.670940 10.368417
32960 20 15 25
-0.810366 0.556633 -0.182939 11.273665
35552 20 15 27
-0.433357 -0.001217 -0.901222 9.594139
36848 20 15 28
-0.327826 -0.129102 -0.935876 6.649252
20036 20 16 15
0.649370 -0.600134 -0.467074 5.448306
31700 20 16 24
-0.534821 0.001649 0.844964 10.600747
32996 20 16 25
-0.844763 -0.156370 -0.511784 11.271376
31736 20 17 24
-0.610246 0.262995 0.747284 10.890950
34328 20 17 26
0.041809 -0.279284 -0.959298 9.932787
35624 20 17 27
-0.274719 -0.458011 -0.845432 7.021908
14924 20 18 11
-0.494388 0.776676 0.390327 7.249409
16220 20 18 12
-0.591432 0.786752 0.176717 8.740967
17516 20 18 13
-0.551881 0.827797 -0.100887 9.018613
18812 20 18 14
-0.202250 0.641178 -0.740261 7.389090
29180 20 18 22
-0.178353 0.161107 0.970688 6.422968
30476 20 18 23
-0.546479 0.254853 0.797754 9.686071
31772 20 18 24
-0.729622 -0.160208 0.664819 11.315552
33068 20 18 25
0.737040 -0.414951 -0.533468 11.003652
14960 20 19 11
-0.626304 0.720980 0.296534 10.709843
16256 20 19 12
-0.967330 0.203272 0.151504 10.903944
17552 20 19 13
-0.838990 0.542803 0.038226 11.293809
18848 20 19 14
0.058990 0.484463 -0.872821 9.787841
29216 20 19 22
0.175336 -0.332166 0.926781 5.944371
30512 20 19 23
0.226061 -0.590607 0.774648 9.218162
31808 20 19 24
0.483352 -0.874196 -0.046403 10.182602
33104 20 19 25
0.706855 -0.483032 -0.516756 8.945320
13700 20 20 10
-0.050282 -0.225041 0.973051 9.795051
18884 20 20 14
0.598096 0.134011 -0.790141 10.820176
22772 20 20 17
0.457224 0.882719 -0.108410 5.355625
30548 20 20 23
0.643411 -0.595393 0.481174 6.960099
31844 20 20 24
0.826361 -0.562732 0.021470 8.144385
33140 20 20 25
0.832392 -0.352938 -0.427268 7.023139
13736 20 21 10
0.233174 -0.696440 0.678676 7.444821
16328 20 21 12
-0.954883 0.231243 0.186348 10.268439
17624 20 21 13
-0.860839 0.075990 0.503171 10.875752
18920 20 21 14
0.883115 0.021400 -0.468669 10.907443
20216 20 21 15
0.836601 0.268591 -0.477449 9.359292
22808 20 21 17
0.773073 0.620039 -0.133829 8.107226
15068 20 22 11
0.151860 -0.539773 0.828000 8.108500
16364 20 22 12
0.227832 -0.795717 0.561183 10.267864
17660 20 22 13
0.332804 -0.941168 0.058690 10.538058
18956 20 22 14
0.824552 -0.565084 -0.028189 10.598931
20252 20 22 15
0.916224 0.092740 -0.389785 10.079506
22844 20 22 17
0.974270 0.193756 0.115139 9.344357
24140 20 22 18
0.421017 0.559657 -0.713813 8.202704
16400 20 23 12
0.462307 -0.849093 0.255566 7.460467
17696 20 23 13
0.428820 -0.903323 0.011007 7.824309
18992 20 23 14
0.411360 -0.794082 0.447456 8.583829
20288 20 23 15
0.910240 -0.357538 0.208877 9.900533
20324 20 24 15
0.120252 -0.458222 0.880665 9.133882
21620 20 24 16
-0.243153 0.131630 -0.961015 8.990261
25508 20 24 19
0.241753 0.286915 -0.926949 10.296967
28100 20 24 21
0.116064 -0.010374 -0.993188 2.196874
20360 20 25 15
-0.035792 -0.530974 0.846632 7.393323
21656 20 25 16
-0.943946 -0.108934 0.311608 9.316317
24248 20 25 18
-0.878858 -0.205306 0.430649 11.132115
25544 20 25 19
0.023323 -0.587410 -0.808953 9.288983
21692 20 26 16
-0.221917 -0.831397 0.509442 7.597017
22988 20 26 17
-0.246274 -0.960118 0.132375 8.889882
24284 20 26 18
-0.183816 -0.916373 -0.355628 8.288248
25580 20 26 19
-0.077226 -0.776433 -0.625451 5.133250
35193 21 5 27
-0.467714 0.752397 0.463834 4.236036
36489 21 5 28
-0.405790 0.890165 -0.207224 4.860288
35229 21 6 27
-0.499589 0.560484 0.660506 7.566483
36525 21 6 28
-0.498659 0.833597 -0.237604 8.817926
37821 21 6 29
-0.164428 0.805126 -0.569856 6.820937
35265 21 7 27
-0.502700 0.323022 0.801841 9.478872
36561 21 7 28
-0.450658 0.832770 -0.321560 10.524185
39153 21 7 30
-0.126510 0.350895 -0.927830 6.799048
40449 21 7 31
-0.057903 0.146932 -0.987450 3.099473
34005 21 8 26
-0.707957 0.162581 0.687288 7.945230
35301 21 8 27
-0.697777 -0.074058 0.712477 9.768188
37893 21 8 29
-0.410212 -0.372535 -0.832433 9.850498
40485 21 8 31
-0.063218 -0.363922 -0.929282 2.609012
34041 21 9 26
-0.505661 -0.361610 0.783291 7.530812
35337 21 9 27
-0.817198 -0.367973 0.443602 9.504082
35373 21 10 27
-0.625283 -0.709413 0.325198 7.616313
36669 21 10 28
-0.851073 -0.497636 -0.167428 7.961719
38001 21 11 29
-0.801645 -0.263019 -0.536830 4.442350
27669 21 12 21
0.124766 0.416152 -0.900695 6.839931
28965 21 12 22
-0.364519 0.211982 -0.906747 4.517289
36741 21 12 28
-0.858783 -0.452487 0.240306 3.471879
38037 21 12 29
-0.837694 -0.393483 -0.378734 3.244657
27705 21 13 21
-0.294167 0.810265 -0.506889 8.077682
16077 21 14 12
0.568120 -0.204717 0.797076 7.109128
17373 21 14 13
0.745727 0.500301 -0.439988 8.470035
19965 21 14 15
0.580194 0.805320 -0.121795 6.119868
23853 21 14 18
-0.607239 -0.426671 0.670234 7.561922
26445 21 14 20
-0.430306 -0.515167 0.741242 8.958240
27741 21 14 21
-0.717046 0.677577 0.163507 9.442516
29037 21 14 22
-0.301086 0.717662 -0.627940 8.482067
34221 21 14 26
-0.450288 0.892084 -0.037767 7.401312
17409 21 15 13
0.710533 -0.326070 0.623556 8.449397
18705 21 15 14
0.648496 0.404652 -0.644755 8.332538
23889 21 15 18
-0.426825 -0.790081 0.439992 5.837057
25185 21 15 19
-0.288282 -0.765345 0.575448 7.126085
29073 21 15 22
0.983834 0.161404 -0.077585 9.772441
30369 21 15 23
-0.113121 0.665408 -0.737859 8.474950
32961 21 15 25
-0.917761 0.261693 0.298716 9.188540
34257 21 15 26
-0.948049 -0.273413 -0.162630 9.358784
35553 21 15 27
-0.653782 -0.186150 -0.733429 8.290405
36849 21 15 28
-0.431229 -0.111671 -0.895305 5.018656
18741 21 16 14
0.740418 -0.473549 -0.477004 8.257668
21333 21 16 16
0.273626 -0.927247 -0.255620 5.908801
22629 21 16 17
0.180675 -0.719631 -0.670439 4.789704
26517 21 16 20
0.835352 -0.423048 0.351023 7.490382
27813 21 16 21
0.831936 -0.528822 0.168019 7.974238
29109 21 16 22
0.839100 -0.477004 0.261490 8.943772
31701 21 16 24
-0.803368 0.538310 0.254604 9.169846
32997 21 16 25
-0.956765 -0.047814 -0.286904 9.070691
25257 21 17 19
0.820432 -0.473222 0.320863 5.053830
31737 21 17 24
-0.670008 0.528100 0.521727 9.696756
34329 21 17 26
-0.371923 0.744382 -0.554589 9.318595
33069 21 18 25
-0.744708 0.131309 0.654346 11.323550
34365 21 18 26
0.414432 -0.027048 -0.909678 10.862170
14961 21 19 11
-0.424344 0.835446 0.349230 9.181533
16257 21 19 12
-0.684635 0.695476 0.218148 9.646214
17553 21 19 13
-0.266477 0.834850 0.481680 10.286762
34401 21 19 26
0.535201 -0.459030 -0.709120 9.328019
13701 21 20 10
-0.035204 0.407056 0.912724 9.680099
14997 21 20 11
-0.079674 -0.271131 -0.959239 10.113824
20181 21 20 15
0.239788 0.554693 -0.796754 9.866387
24069 21 20 18
0.009404 0.731153 -0.682149 4.915228
30549 21 20 23
0.299158 -0.585602 0.753376 8.633068
33141 21 20 25
0.772725 -0.295585 -0.561717 10.126688
34437 21 20 26
0.451232 -0.359899 -0.816617 7.336262
13737 21 21 10
0.356768 -0.627632 0.691950 8.908556
20217 21 21 15
0.136979 0.523351 -0.841035 11.174909
21513 21 21 16
-0.069503 0.821093 -0.566547 9.584337
22809 21 21 17
-0.423897 0.859932 -0.284303 8.969039
24105 21 21 18
-0.136196 0.391811 -0.909909 7.001068
31881 21 21 24
0.584908 -0.774854 0.239757 8.333394
33177 21 21 25
0.568676 -0.740017 -0.359141 8.021842
15069 21 22 11
0.254213 -0.551285 0.794645 8.828100
16365 21 22 12
0.514145 0.705839 0.487286 10.402219
22845 21 22 17
-0.748635 0.158593 -0.643734 9.944263
30621 21 22 23
0.662340 -0.736130 0.139347 4.172266
16401 21 23 12
0.092630 -0.914556 0.393709 8.846867
22881 21 23 17
0.356356 -0.920633 -0.159513 9.262790
24177 21 23 18
-0.923506 0.382843 -0.023838 9.251729
25473 21 23 19
-0.425715 0.673663 -0.604107 8.299230
25509 21 24 19
-0.716463 0.243533 -0.653737 10.085804
26805 21 24 20
-0.196602 0.133534 -0.971348 6.523176
24249 21 25 18
-0.845951 -0.459332 0.270889 9.269024
25545 21 25 19
-0.405246 -0.772998 -0.488108 8.659940
26841 21 25 20
-0.120418 -0.584810 -0.802182 5.357085
22989 21 26 17
-0.600669 -0.799397 0.012664 6.902524
24285 21 26 18
-0.513449 -0.815043 -0.268467 6.237958
36562 22 7 28
-0.887769 0.445359 0.116285 8.000038
37858 22 7 29
-0.815100 0.438662 -0.378401 7.263683
36598 22 8 28
-0.986005 0.047511 0.159803 9.315017
37894 22 8 29
-0.712236 -0.197940 -0.673454 8.086019
39190 22 8 30
-0.579420 -0.294991 -0.759771 4.631868
35338 22 9 27
-0.715623 -0.472528 0.514393 7.862513
37930 22 9 29
-0.394380 -0.662207 -0.637139 5.828718
15934 22 10 12
-0.135235 0.965749 0.221449 2.920731
18526 22 10 14
0.339930 0.930942 0.133394 4.403645
26302 22 10 20
-0.299153 0.925294 -0.233104 3.632945
35374 22 10 27
-0.468483 -0.878550 0.093129 5.191789
15970 22 11 12
0.008453 0.825928 0.563713 4.747302
17266 22 11 13
0.366862 0.860161 0.354308 5.293240
18562 22 11 14
0.987982 -0.154117 -0.011802 5.652689
21154 22 11 16
0.511512 0.007498 -0.859243 3.257056
23746 22 11 18
-0.008920 0.745324 0.666643 5.472265
25042 22 11 19
-0.431816 0.891252 0.138577 6.842137
26338 22 11 20
-0.722782 0.602106 -0.339197 6.496613
27634 22 11 21
-0.565728 0.522742 -0.637724 4.901861
17302 22 12 13
0.139606 0.413925 -0.899542 5.907754
23782 22 12 18
0.118658 0.391494 0.912498 7.226687
25078 22 12 19
-0.343090 0.214141 -0.914567 7.638176
26374 22 12 20
-0.932839 -0.080049 -0.351290 6.797923
27670 22 12 21
-0.774641 0.035670 -0.631394 5.676170
16042 22 13 12
0.279536 0.763669 0.581953 8.425884
17338 22 13 13
-0.108837 0.578126 -0.808656 7.237393
19930 22 13 15
0.259132 0.885004 -0.386806 4.582272
23818 22 13 18
-0.223745 -0.300051 0.927312 7.404248
16078 22 14 12
0.286990 -0.291418 0.912531 8.777767
17374 22 14 13
-0.172805 0.561969 -0.808906 8.918876
19966 22 14 15
-0.096111 0.914237 -0.393615 6.996102
26446 22 14 20
-0.535083 0.009117 0.844750 8.501435
27742 22 14 21
-0.726707 0.580528 -0.367267 8.418577
29038 22 14 22
-0.436561 0.765670 -0.472403 6.950556
14818 22 15 11
0.298561 -0.115712 0.947350 4.394473
21298 22 15 16
-0.643404 0.065997 -0.762677 6.373894
25186 22 15 19
-0.342220 -0.269655 0.900096 6.149779
29074 22 15 22
-0.378320 0.922367 -0.078190 9.824884
32962 22 15 25
-0.201976 0.919396 0.337516 7.527771
35554 22 15 27
-0.679707 0.191402 -0.708070 5.983597
16150 22 16 12
0.537157 -0.412195 0.735906 6.998072
18742 22 16 14
-0.814765 -0.364231 -0.451103 7.687333
21334 22 16 16
-0.622787 -0.729290 -0.283323 5.209550
26518 22 16 20
0.360562 -0.310741 0.879451 8.917313
27814 22 16 21
0.646474 -0.667280 0.369877 9.858995
29110 22 16 22
0.470672 -0.309626 0.826196 10.936835
30406 22 16 23
0.226386 0.594569 -0.771516 10.666162
32998 22 16 25
-0.273320 -0.631673 -0.725455 7.586320
35590 22 16 27
-0.249922 -0.203287 -0.946686 5.644051
16186 22 17 12
0.177684 -0.621192 0.763249 5.434732
17482 22 17 13
-0.666146 -0.656982 0.353022 6.566542
18778 22 17 14
-0.866834 -0.313073 -0.388053 6.499094
20074 22 17 15
-0.583101 -0.352790 -0.731801 4.386987
23962 22 17 18
-0.472949 -0.222030 0.852656 3.730793
25258 22 17 19
-0.300409 -0.406557 0.862824 6.020634
29146 22 17 22
0.354769 -0.696515 0.623704 8.947722
30442 22 17 23
0.767024 -0.590581 0.250778 10.842466
31738 22 17 24
-0.085841 0.224853 -0.970604 9.475127
18814 22 18 14
-0.684868 0.649784 -0.329751 6.961791
20110 22 18 15
-0.377137 0.471601 -0.797095 4.637029
26590 22 18 20
0.467273 -0.870092 -0.156831 4.390106
30478 22 18 23
0.475237 -0.000008 0.879858 10.148311
34366 22 18 26
-0.749771 0.649282 -0.127577 10.546035
35662 22 18 27
0.026399 0.034059 -0.999071 7.407619
14962 22 19 11
-0.417414 0.847576 0.327690 7.670060
16258 22 19 12
-0.566686 0.769001 0.295811 8.548001
18850 22 19 14
-0.580709 0.755844 -0.302452 9.811372
20146 22 19 15
-0.299815 0.608718 -0.734556 7.375095
30514 22 19 23
0.750277 0.021138 0.660785 10.538964
34402 22 19 26
-0.296364 -0.635760 -0.712726 10.173781
35698 22 19 27
0.030065 -0.407329 -0.912787 6.076160
13702 22 20 10
-0.369983 0.557768 0.742972 8.975791
18886 22 20 14
-0.991272 -0.081568 -0.103568 10.943196
20182 22 20 15
-0.480026 0.360447 -0.799783 9.491924
29254 22 20 22
0.536411 -0.261140 0.802539 7.738907
34438 22 20 26
0.012929 -0.369736 -0.929047 8.448347
13738 22 21 10
-0.284286 -0.461683 0.840256 9.295676
18922 22 21 14
-0.912762 -0.340490 0.225680 10.542134
20218 22 21 15
-0.813042 0.148714 -0.562891 10.138514
24106 22 21 18
-0.691146 0.221600 -0.687903 5.216932
31882 22 21 24
0.485181 -0.473690 0.734995 10.047490
33178 22 21 25
0.429556 -0.696281 -0.575044 10.202918
34474 22 21 26
0.146464 -0.480622 -0.864610 6.375344
15070 22 22 11
-0.265790 -0.790835 0.551303 8.955286
16366 22 22 12
-0.695692 -0.699880 0.161802 10.322203
17662 22 22 13
-0.802142 -0.510016 -0.310566 9.972032
18958 22 22 14
-0.885373 -0.440524 0.148503 9.834611
20254 22 22 15
-0.986132 -0.146664 -0.077679 10.157226
16402 22 23 12
-0.592020 -0.741713 0.315237 7.507982
17698 22 23 13
-0.725612 -0.684598 -0.069379 7.949907
18994 22 23 14
-0.808753 -0.520359 0.274127 8.180210
20290 22 23 15
-0.916486 -0.249646 0.312619 9.497922
21586 22 23 16
-0.951912 0.075909 -0.296819 9.607436
22882 22 23 17
-0.836932 0.239508 -0.492119 8.522740
17734 22 24 13
-0.489548 -0.855954 0.166389 4.468539
19030 22 24 14
-0.537223 -0.603468 0.589252 5.907374
20326 22 24 15
-0.653026 -0.331427 0.680965 8.629238
21622 22 24 16
-0.811343 -0.438077 -0.387055 9.521252
22918 22 24 17
-0.322573 -0.387714 -0.863495 8.688998
24214 22 24 18
-0.957816 0.010077 -0.287205 7.881763
25510 22 24 19
-0.919300 0.097979 -0.381166 6.680704
26806 22 24 20
-0.742855 0.098000 -0.662241 4.068758
20362 22 25 15
-0.291168 -0.611675 0.735578 6.850384
21658 22 25 16
-0.191043 -0.981421 -0.017780 8.427314
25546 22 25 19
-0.781763 -0.529173 -0.329883 5.558311
26842 22 25 20
-0.677907 -0.425183 -0.599719 3.375258
20398 22 26 15
-0.154984 -0.793637 0.588320 3.692179
21694 22 26 16
-0.216276 -0.967293 0.132551 5.337633
35339 23 9 27
-0.851777 -0.142329 0.504201 5.590997
36635 23 9 28
-0.833979 -0.446519 -0.324190 5.899358
37931 23 9 29
-0.605437 -0.423032 -0.674158 3.673310
19823 23 10 15
-0.296861 0.835546 -0.462316 3.849478
18563 23 11 14
0.266017 0.610131 0.746308 6.468685
19859 23 11 15
-0.092108 0.179267 -0.979479 5.625329
25043 23 11 19
-0.887678 0.442576 -0.127103 4.090065
19895 23 12 15
0.263419 -0.428004 -0.864536 5.102659
23783 23 12 18
-0.890012 0.205986 0.406753 5.350739
25079 23 12 19
-0.918686 0.252832 -0.303466 5.407088
14747 23 13 11
-0.231204 0.059550 0.971081 5.220118
16043 23 13 12
-0.859344 0.470742 0.199824 7.829751
19931 23 13 15
-0.148940 0.237057 -0.960011 4.602783
23819 23 13 18
-0.815392 -0.204437 0.541610 5.359943
25115 23 13 19
-0.980204 0.194912 -0.034789 6.430173
14783 23 14 11
-0.379218 -0.189384 0.905719 4.765679
16079 23 14 12
-0.782660 -0.100761 0.614240 7.982084
17375 23 14 13
-0.600213 0.653894 -0.460616 8.060954
25151 23 14 19
-0.742093 -0.341560 0.576745 6.097131
26447 23 14 20
-0.886671 0.446087 0.121737 7.441607
27743 23 14 21
-0.599886 0.638741 -0.481816 6.509220
17411 23 15 13
-0.789655 -0.528298 -0.312004 8.440455
18707 23 15 14
-0.564277 -0.645351 -0.514891 7.461698
20003 23 15 15
-0.702019 -0.445243 -0.555813 6.007594
30371 23 15 23
0.055321 0.973698 -0.221025 8.582800
32963 23 15 25
0.585597 0.785546 0.199982 8.333185
16151 23 16 12
-0.662079 -0.538454 0.521266 6.727755
26519 23 16 20
0.134963 -0.176245 0.975050 9.514250
27815 23 16 21
0.995420 0.076313 -0.057584 10.895153
29111 23 16 22
-0.162732 0.985777 0.041988 10.817394
32999 23 16 25
0.718567 -0.694437 -0.037669 8.317357
16187 23 17 12
-0.655080 -0.691989 0.303351 4.525456
29147 23 17 22
0.462789 -0.781124 0.419133 10.179646
30443 23 17 23
-0.665292 -0.514119 -0.541357 10.775090
31739 23 17 24
-0.198184 0.077098 -0.977128 9.016507
26591 23 18 20
0.417574 -0.726140 0.546217 5.553807
35663 23 18 27
-0.035861 -0.102747 -0.994061 6.953660
17555 23 19 13
-0.799288 0.599062 0.047582 6.847270
18851 23 19 14
-0.826490 0.508562 -0.241409 6.306404
30515 23 19 23
-0.399925 0.506292 0.764021 10.911186
31811 23 19 24
-0.294441 0.723311 -0.624601 10.830336
33107 23 19 25
-0.451999 0.798278 -0.398056 9.595685
34403 23 19 26
-0.678293 -0.300372 -0.670593 8.601741
35699 23 19 27
-0.177683 -0.476589 -0.860983 5.369329
13703 23 20 10
-0.723593 0.344037 0.598375 6.050004
14999 23 20 11
-0.826723 0.517772 0.220095 8.139795
16295 23 20 12
-0.713364 0.687179 0.137465 8.645148
17591 23 20 13
-0.864725 0.502109 -0.011722 8.955625
18887 23 20 14
-0.914671 0.286294 -0.285330 8.286311
20183 23 20 15
-0.823809 0.440328 -0.357001 6.904125
21479 23 20 16
-0.570862 0.612753 -0.546489 5.088243
29255 23 20 22
0.329823 -0.238852 0.913327 9.074039
30551 23 20 23
0.043429 -0.904910 0.423381 10.286051
31847 23 20 24
0.291695 -0.595446 0.748570 11.243454
33143 23 20 25
-0.328248 0.378143 -0.865599 10.988060
34439 23 20 26
-0.305164 -0.186570 -0.933845 7.765649
13739 23 21 10
-0.723991 -0.249462 0.643122 6.352012
15035 23 21 11
-0.894331 -0.187460 0.406239 9.077411
16331 23 21 12
-0.985875 -0.004089 0.167435 9.972455
17627 23 21 13
-0.863258 -0.235531 -0.446442 9.709068
18923 23 21 14
-0.935338 -0.182954 -0.302773 8.745140
21515 23 21 16
-0.650013 0.293133 -0.701110 6.798648
22811 23 21 17
-0.742586 0.216916 -0.633651 4.547359
29291 23 21 22
0.598179 -0.750930 0.279795 8.179697
31883 23 21 24
-0.405173 -0.539504 0.738086 10.222552
33179 23 21 25
-0.452812 -0.641907 -0.618803 10.338506
34475 23 21 26
-0.223210 -0.403897 -0.887155 6.255011
15071 23 22 11
-0.603871 -0.699863 0.381486 6.374059
16367 23 22 12
-0.640175 -0.760533 0.108471 7.833291
20255 23 22 15
-0.829394 -0.545734 0.119501 7.504748
21551 23 22 16
-0.788712 -0.217126 -0.575143 6.794968
24143 23 22 18
-0.842125 0.013662 -0.539109 2.772391
28031 23 22 21
0.077667 -0.534282 0.841731 5.226321
29327 23 22 22
-0.059604 -0.888441 0.455105 7.202298
30623 23 22 23
-0.460176 -0.862748 0.209535 7.601411
31919 23 22 24
-0.361438 -0.932164 -0.020792 7.962998
33215 23 22 25
-0.240900 -0.843551 -0.479988 6.634170
21587 23 23 16
-0.993630 -0.038601 -0.105878 6.203905
29363 23 23 22
-0.115799 -0.963120 0.242881 4.410058
30659 23 23 23
-0.151715 -0.981974 -0.112740 4.564271
22919 23 24 17
-0.944508 0.201016 -0.259804 6.379180
24215 23 24 18
-0.845353 0.145777 -0.513933 4.597466
21659 23 25 16
-0.907634 -0.345550 0.238317 6.094776
22955 23 25 17
-0.810485 -0.479060 -0.337070 5.906507
24251 23 25 18
-0.714769 -0.441200 -0.542631 3.997639
21695 23 26 16
-0.640260 -0.752608 0.153781 3.603384
22991 23 26 17
-0.539035 -0.782005 -0.312905 3.233161
14676 24 11 11
-0.341086 0.594861 0.727874 2.228819
15972 24 11 12
-0.351324 0.865965 0.355916 3.580106
18564 24 11 14
-0.155969 0.978191 0.137172 6.511218
16008 24 12 12
-0.667160 0.607727 0.430773 5.516870
18600 24 12 14
0.712916 -0.697512 0.072305 7.014165
19896 24 12 15
-0.139164 -0.162673 -0.976817 5.206573
16044 24 13 12
-0.789029 -0.071555 0.610175 6.132302
19932 24 13 15
-0.099857 -0.231072 -0.967799 4.376229
35520 24 14 27
0.316862 0.820402 -0.475961 4.687160
17412 24 15 13
-0.908094 -0.414795 0.057540 6.053443
18708 24 15 14
-0.750249 -0.536221 -0.386772 5.366030
27780 24 15 21
-0.312180 0.942461 -0.119630 8.220642
30372 24 15 23
0.039553 0.926719 0.373668 8.712334
31668 24 15 24
0.382132 0.922391 -0.056292 8.849854
34260 24 15 26
0.717802 0.677095 -0.162183 10.502856
35556 24 15 27
0.587710 0.394950 -0.706124 8.227963
17448 24 16 13
-0.756682 -0.623654 -0.196183 3.918596
26520 24 16 20
-0.288632 0.118878 0.950031 9.238332
27816 24 16 21
0.068005 0.979882 0.187637 12.035126
29112 24 16 22
0.200608 0.840475 -0.503347 11.183642
34296 24 16 26
0.854454 -0.518578 0.031400 10.403490
35592 24 16 27
0.741746 -0.026630 -0.670152 8.958784
26556 24 17 20
-0.062697 -0.340017 0.938327 8.409536
27852 24 17 21
0.443847 -0.794062 0.415290 11.703859
29148 24 17 22
0.505411 -0.750556 -0.425706 11.596232
30444 24 17 23
-0.035993 -0.139232 -0.989605 10.427849
31740 24 17 24
0.139723 -0.064552 -0.988084 8.877370
33036 24 17 25
0.722661 -0.568150 0.393657 8.275316
34332 24 17 26
0.844846 -0.083310 0.528483 9.489617
35628 24 17 27
0.746573 0.020206 -0.664997 8.932471
27888 24 18 21
0.527719 -0.804625 0.272199 8.870002
30480 24 18 23
0.208521 -0.973235 -0.096602 9.617237
34368 24 18 26
0.682804 -0.478243 0.552324 9.194422
35664 24 18 27
0.587427 -0.386132 -0.711218 8.350384
26628 24 19 20
0.251824 -0.115124 0.960901 5.586731
27924 24 19 21
0.817504 0.205669 0.537948 7.933569
26664 24 20 20
0.285495 -0.185994 0.940159 5.086015
27960 24 20 21
0.602047 0.094763 0.792817 8.604020
30552 24 20 23
-0.377459 -0.728185 0.572076 9.866379
31848 24 20 24
-0.858923 -0.508386 -0.061613 10.592939
33144 24 20 25
-0.648355 -0.076285 -0.757507 9.174640
16332 24 21 12
-0.969141 -0.044985 0.242367 6.357039
17628 24 21 13
-0.977955 -0.026272 -0.207154 6.466286
27996 24 21 21
0.208631 -0.604875 0.768505 7.617186
17664 24 22 13
-0.704832 -0.700530 -0.111666 4.483981
20256 24 22 15
-0.910429 -0.404706 0.085631 4.414638
21552 24 22 16
-0.879603 -0.245055 -0.407734 3.824056
18565 25 11 14
-0.645335 0.747490 -0.157483 5.359934
18601 25 12 14
-0.941581 0.055631 -0.332159 6.473831
19897 25 12 15
-0.484914 -0.008382 -0.874521 3.948275
18637 25 13 14
-0.716497 -0.299560 -0.629997 6.196144
17377 25 14 13
-0.715972 -0.645141 0.266790 5.201939
18673 25 14 14
-0.630832 -0.617717 -0.469549 4.847167
30373 25 15 23
-0.392842 0.817035 0.422054 8.223787
31669 25 15 24
-0.382058 0.923467 -0.035206 8.850480
34261 25 15 26
-0.625672 0.773073 0.104370 10.623750
35557 25 15 27
-0.414220 0.567344 -0.711718 9.072465
36853 25 15 28
-0.194637 0.347374 -0.917305 4.474161
27817 25 16 21
-0.757277 0.517386 0.398553 9.866102
29113 25 16 22
-0.580952 0.805919 -0.113973 10.612949
35593 25 16 27
-0.559068 -0.059398 -0.826991 10.126418
36889 25 16 28
-0.200667 0.083416 -0.976102 5.529890
27853 25 17 21
-0.713700 -0.263939 0.648820 10.662760
29149 25 17 22
-0.684251 -0.567380 -0.458127 11.639268
30445 25 17 23
-0.296093 0.009905 -0.955108 10.253724
31741 25 17 24
-0.100249 0.375050 -0.921568 9.061949
33037 25 17 25
-0.115157 -0.615633 0.779573 8.776430
35629 25 17 27
-0.738884 -0.047695 -0.672142 9.834177
36925 25 17 28
-0.176932 0.034211 -0.983628 5.799260
27889 25 18 21
-0.418738 -0.502557 0.756370 8.896053
30481 25 18 23
0.070536 -0.926575 -0.369436 9.887616
33073 25 18 25
0.749713 0.608145 -0.260942 9.015729
34369 25 18 26
-0.808166 -0.364669 0.462477 9.544591
35665 25 18 27
-0.592216 -0.455831 -0.664453 9.355388
27925 25 19 21
-0.433744 0.083293 0.897178 8.224246
30517 25 19 23
-0.630505 -0.409048 0.659654 9.415603
34405 25 19 26
-0.214876 -0.943795 -0.251157 7.697127
35701 25 19 27
-0.114329 -0.915400 -0.385968 6.735985
36997 25 19 28
0.091093 -0.588456 -0.803382 4.209342
27961 25 20 21
-0.616416 0.009649 0.787362 8.585750
29257 25 20 22
-0.868806 0.098491 -0.485259 8.908304
30553 25 20 23
-0.849653 -0.265395 0.455691 8.892230
31849 25 20 24
-0.870619 -0.434153 -0.231373 9.490315
27997 25 21 21
-0.392880 -0.627446 0.672277 7.301785
29293 25 21 22
-0.679658 -0.732433 -0.040101 8.545914
31885 25 21 24
-0.390565 -0.783918 -0.482631 8.102436
29329 25 22 22
-0.249865 -0.923648 0.290588 5.715872
30625 25 22 23
-0.219992 -0.973560 -0.061513 6.250952
31921 25 22 24
-0.210413 -0.852775 -0.478019 5.094915
18566 26 11 14
-0.881785 0.429569 -0.194743 2.833063
18602 26 12 14
-0.974299 0.033567 -0.222742 3.464001
18638 26 13 14
-0.947328 -0.137260 -0.289360 3.309317
31670 26 15 24
-0.781539 0.622986 0.032931 6.331692
34262 26 15 26
-0.821314 0.565004 -0.078831 6.824034
35558 26 15 27
-0.794757 0.390282 -0.464802 5.238193
30410 26 16 23
-0.885316 0.463203 0.040730 7.896453
31706 26 16 24
-0.989377 0.137951 0.045848 7.933698
33002 26 16 25
-0.975349 0.102425 0.195459 8.344805
34298 26 16 26
-0.956616 -0.082466 -0.279436 8.250415
29150 26 17 22
-0.863892 0.377505 0.333437 9.682656
33038 26 17 25
-0.930889 -0.295210 -0.215168 7.931792
29186 26 18 22
-0.700289 -0.402507 0.589562 9.879246
31778 26 18 24
-0.988506 -0.010344 -0.150824 8.415112
33074 26 18 25
-0.919192 -0.066176 -0.388209 7.614947
36962 26 18 28
-0.798040 0.022595 -0.602181 3.540005
29222 26 19 22
-0.343267 -0.935678 0.081692 8.876717
31814 26 19 24
-0.967453 -0.248875 -0.045774 7.902739
33110 26 19 25
-0.892956 -0.229104 -0.387481 7.051829
34406 26 19 26
-0.875870 -0.331317 -0.350829 5.309677
36998 26 19 28
-0.723113 -0.408492 -0.556994 2.924778
31850 26 20 24
-0.961732 -0.273213 -0.020638 6.894417
33146 26 20 25
-0.785441 -0.360892 -0.502831 5.877004
34442 26 20 26
-0.575409 -0.533041 -0.620300 3.614140
31886 26 21 24
-0.883587 -0.426334 -0.193682 5.597263
33182 26 21 25
-0.589770 -0.582287 -0.559565 4.026106
30626 26 22 23
-0.744949 -0.665343 -0.048677 4.016121
34299 27 16 26
-0.909716 0.206894 -0.360017 4.671082
35595 27 16 27
-0.748212 0.048572 -0.661679 2.589793
30447 27 17 23
-0.911003 0.318244 -0.262285 6.035440
33039 27 17 25
-0.973145 -0.228528 -0.027642 5.135600
34335 27 17 26
-0.766651 -0.414460 -0.490376 4.141822
29187 27 18 22
-0.957338 0.069894 0.280389 7.168614
30483 27 18 23
-0.882141 -0.109617 -0.458051 6.433393
29223 27 19 22
-0.978824 -0.186710 0.083920 6.918966
27963 27 20 21
-0.658461 -0.297291 0.691409 4.374319
29259 27 20 22
-0.852690 -0.520241 -0.047637 5.786782
30555 27 20 23
-0.756622 -0.391793 -0.523470 4.534392
29295 27 21 22
-0.668165 -0.743915 0.012073 3.756765
