5.000000
48 48 48
118.080002 118.080002 118.080002
-1.919998 -1.919998 -1.919998
9.779420 346.808117 106.330438
35535 15 20 15
0.919399 0.130175 -0.371161 0.841299
65535 15 21 28
0.953319 0.204145 -0.222501 7.167056
67935 15 23 29
0.826061 0.210568 -0.522766 8.036846
56463 15 24 24
0.526444 0.730717 0.434637 9.176497
61071 15 24 26
0.800116 0.593658 0.085937 12.476251
63375 15 24 27
0.942643 0.277458 -0.185582 12.324205
65679 15 24 28
0.911893 -0.158716 -0.378498 11.147244
56511 15 25 24
0.767222 -0.421793 0.483178 10.738759
58815 15 25 25
0.813113 -0.532570 0.234983 12.392408
61119 15 25 26
0.864919 -0.495301 -0.081192 12.694810
63423 15 25 27
0.915661 -0.276332 -0.291898 11.869164
63471 15 26 27
0.963819 -0.265984 -0.017486 10.445316
65775 15 26 28
0.913273 -0.233285 -0.333931 9.204986
65488 16 20 28
0.401217 0.897332 -0.183900 8.026056
63232 16 21 27
0.614635 0.590966 0.522477 11.069566
65536 16 21 28
0.772701 0.498671 -0.392761 11.640293
67840 16 21 29
0.639043 0.486481 -0.595785 9.028955
60976 16 22 26
0.571919 0.508675 0.643552 10.806561
63280 16 22 27
0.946083 0.156710 0.283495 12.277072
67888 16 22 29
0.789930 0.336297 -0.512752 11.025716
61024 16 23 26
0.536019 0.805224 0.253570 12.516566
65632 16 23 28
0.031097 0.473358 0.880321 12.958072
67936 16 23 29
0.583069 0.281123 -0.762234 12.598754
58768 16 24 25
0.247934 0.879005 0.407283 13.861273
63376 16 24 27
-0.948599 0.256204 -0.185795 12.281037
24256 16 25 10
0.878228 0.034766 0.476976 4.200137
54208 16 25 23
0.280847 -0.032735 0.959194 10.095478
22000 16 26 9
0.335230 -0.446725 0.829492 1.826200
58864 16 26 25
0.576504 -0.526981 0.624447 12.490631
63472 16 26 27
0.975608 0.198358 -0.094035 15.666082
65776 16 26 28
0.826708 -0.010477 -0.562534 14.217903
68080 16 26 29
0.586133 -0.197458 -0.785785 10.849631
56608 16 27 24
0.516839 -0.608594 0.602072 7.782563
58912 16 27 25
0.544863 -0.742404 0.389821 10.146810
63520 16 27 27
0.860917 -0.507992 -0.027671 14.370310
61264 16 28 26
0.597943 -0.692884 0.402958 7.927261
63568 16 28 27
0.755738 -0.654866 -0.003207 9.780277
33137 17 18 14
0.561535 0.802967 0.199807 3.696358
35489 17 19 15
0.822327 0.302300 -0.482071 4.622381
30929 17 20 13
0.864354 0.319352 0.388466 5.385132
63185 17 20 27
0.291352 0.910995 0.291895 9.350118
60929 17 21 26
0.509252 0.579914 0.635895 10.940152
63233 17 21 27
0.441269 0.623696 0.645201 12.554141
67841 17 21 29
0.283993 0.770855 -0.570202 11.513435
70193 17 22 30
0.144269 -0.079352 -0.986352 9.815082
72497 17 22 31
0.244499 -0.035149 -0.969012 4.902848
31073 17 23 13
0.889331 -0.270988 -0.368316 5.400862
67937 17 23 29
-0.661680 -0.254212 -0.705376 12.447146
56465 17 24 24
-0.138723 0.846611 0.513815 11.423846
58769 17 24 25
-0.658444 0.747537 0.087402 12.925840
67985 17 24 29
-0.718825 -0.029182 -0.694578 12.064175
24257 17 25 10
-0.339891 -0.606723 0.718583 4.688973
26561 17 25 11
0.168247 -0.798450 -0.578075 4.386346
56513 17 25 24
-0.314617 -0.377451 0.870946 13.519979
58817 17 25 25
-0.787704 -0.537356 -0.301283 13.593386
63425 17 25 27
0.027929 0.996988 -0.072350 13.953049
68033 17 25 29
-0.177928 0.137267 -0.974423 12.234438
54257 17 26 23
0.206568 -0.564049 0.799487 9.072711
56561 17 26 24
0.083550 -0.900633 0.426473 11.643226
63473 17 26 27
-0.738826 0.633186 0.230676 16.485664
63521 17 27 27
-0.552930 -0.531889 0.641375 16.709394
68129 17 27 29
0.455531 -0.253834 -0.853264 12.240635
45137 17 28 19
0.900696 0.009715 0.434342 6.095835
49745 17 28 21
0.937286 0.289625 -0.193940 8.509056
56657 17 28 24
0.398322 -0.844862 0.357138 5.494310
63569 17 28 27
0.385027 -0.879594 0.279406 14.131412
65873 17 28 28
0.684735 -0.616487 -0.388692 13.457937
49793 17 29 21
0.953130 -0.273208 -0.130003 8.571048
68225 17 29 29
0.958817 -0.139682 -0.247303 10.097686
70625 17 31 30
0.894666 -0.422703 -0.144553 5.001002
69858 18 15 30
0.905847 0.364145 0.216424 7.787552
69906 18 16 30
0.962848 0.119083 0.242368 8.921077
72210 18 16 31
0.772621 0.239979 -0.587765 7.783862
76818 18 16 33
0.391393 0.235255 -0.889644 2.348913
69954 18 17 30
0.958879 -0.187138 0.213381 8.736896
74562 18 17 32
0.662496 -0.226987 -0.713846 5.236275
35442 18 18 15
0.213776 0.938960 -0.269545 4.365029
70002 18 18 30
0.935399 -0.331484 -0.123074 7.782741
35490 18 19 15
0.598938 0.760732 -0.250119 7.058176
30930 18 20 13
0.287970 0.587639 0.756144 8.085130
35538 18 20 15
0.713194 0.000050 -0.700967 8.362161
65490 18 20 28
0.482951 0.846720 -0.223210 10.909499
30978 18 21 13
0.358206 0.296076 0.885453 9.743862
33282 18 21 14
0.694054 -0.291140 -0.658428 10.106824
35586 18 21 15
0.318415 -0.515934 -0.795251 7.018466
60930 18 21 26
0.337347 0.428173 0.838371 12.021285
67842 18 21 29
0.135133 0.740721 -0.658082 12.255503
31026 18 22 13
0.994963 -0.073360 0.068314 10.129172
63282 18 22 27
-0.150782 -0.014159 0.988466 12.711134
65586 18 22 28
-0.607307 -0.699780 0.376145 14.021174
67890 18 22 29
-0.298430 -0.604450 -0.738634 12.882763
72498 18 22 31
0.036226 -0.001156 -0.999343 5.394081
26466 18 23 11
0.497868 0.586643 0.638731 8.383648
28770 18 23 12
0.931980 0.299911 0.203632 10.573750
61026 18 23 26
0.745888 0.387973 0.541414 12.219456
63330 18 23 27
0.082212 -0.706873 0.702547 12.669784
65634 18 23 28
-0.501026 -0.729008 -0.466391 12.305283
72546 18 23 31
0.181331 -0.415330 -0.891415 4.214708
21906 18 24 9
0.076152 -0.113396 0.990627 2.847939
24210 18 24 10
0.121928 -0.324811 0.937887 6.005094
26514 18 24 11
0.447638 -0.754537 0.479890 8.541167
54162 18 24 23
0.365335 0.660001 0.656452 8.612910
63378 18 24 27
0.294301 0.456475 -0.839653 12.462468
65682 18 24 28
-0.506941 0.582809 -0.635094 11.402977
61122 18 25 26
0.414172 -0.062853 0.908026 13.532971
65730 18 25 28
-0.000097 0.967467 -0.252997 13.336047
56562 18 26 24
0.171894 -0.962075 0.211811 11.752221
58866 18 26 25
0.211620 -0.974152 0.079021 11.710326
65778 18 26 28
-0.760691 0.622068 -0.185421 14.579138
68082 18 26 29
0.495244 0.363312 -0.789137 13.366428
49698 18 27 21
0.478490 0.860797 0.173426 9.415426
56610 18 27 24
0.684114 -0.699945 0.205099 9.999386
63522 18 27 27
-0.775663 0.069219 0.627340 14.200863
65826 18 27 28
-0.999378 -0.021324 0.028085 15.123509
68130 18 27 29
0.268256 -0.163015 -0.949455 13.841918
45138 18 28 19
0.167199 -0.098071 0.981033 8.124221
49746 18 28 21
0.711149 0.694989 0.106104 12.073595
58962 18 28 25
0.618340 -0.597262 0.510816 9.056590
68178 18 28 29
0.018534 -0.125218 -0.991956 13.024308
49794 18 29 21
0.861711 -0.301574 0.408053 12.262813
52098 18 29 22
0.789751 -0.055242 -0.610936 10.863316
61314 18 29 26
0.440594 -0.320371 0.838594 10.296890
63618 18 29 27
0.606780 -0.105164 0.787882 13.525788
68226 18 29 29
0.080564 0.312621 -0.946455 13.455940
70530 18 29 30
0.116750 0.396546 -0.910561 10.478147
72834 18 29 31
0.241296 0.468981 -0.849607 6.000928
47538 18 30 20
0.577208 -0.582866 0.571925 8.403172
49842 18 30 21
0.726253 -0.677805 0.114617 10.368792
61362 18 30 26
0.312109 -0.630274 0.710875 7.505574
63666 18 30 27
0.422885 -0.704191 0.570336 11.779155
65970 18 30 28
0.739078 -0.663490 0.116380 13.593268
72882 18 30 31
0.549047 0.173604 -0.817563 7.884469
70626 18 31 30
0.685852 -0.680104 -0.258970 9.407713
72930 18 31 31
0.646714 -0.469672 -0.600973 7.108921
72019 19 12 31
0.507417 0.758067 -0.409710 3.238880
65155 19 13 28
0.886695 0.446659 0.119447 6.531087
72067 19 13 31
0.550674 0.613037 -0.566519 5.698650
65203 19 14 28
0.995727 0.072891 -0.056699 7.459857
69811 19 14 30
0.439439 0.703772 0.558210 8.716510
65251 19 15 28
0.961997 0.256109 -0.094714 7.911342
69859 19 15 30
0.215398 0.450216 0.866550 10.204035
72163 19 15 31
0.473005 0.160831 -0.866256 9.340157
35347 19 16 15
-0.511646 0.810472 -0.285224 0.856413
69907 19 16 30
-0.118771 -0.450747 0.884715 10.413516
65347 19 17 28
0.976975 -0.143633 0.157762 9.965167
72259 19 17 31
0.346913 0.015712 -0.937766 9.930372
74563 19 17 32
0.035137 -0.117641 -0.992434 6.839072
67699 19 18 29
0.751674 0.639888 -0.159780 10.460043
37795 19 19 16
0.668520 0.722638 -0.175713 8.367198
65443 19 19 28
0.530596 0.478721 0.699496 11.015903
67747 19 19 29
0.793947 -0.110345 -0.597890 11.205769
72355 19 19 31
0.666379 -0.497695 -0.555192 7.250793
30931 19 20 13
-0.556124 0.317315 0.768139 7.139004
33235 19 20 14
-0.880906 0.391668 0.265707 9.227373
44755 19 20 19
0.840738 0.529084 -0.115020 9.348151
60883 19 20 26
0.196591 0.890859 0.409540 10.870639
63187 19 20 27
0.110654 0.975801 0.188598 12.194428
42499 19 21 18
0.930299 -0.357449 0.082307 10.423621
44803 19 21 19
0.958929 -0.279499 -0.048327 10.371141
51715 19 21 22
0.978263 0.117412 -0.170929 8.687076
58627 19 21 25
0.559427 0.307085 0.769896 10.544147
60931 19 21 26
0.553580 -0.376211 0.742977 13.048736
65539 19 21 28
-0.974064 -0.222991 -0.038385 13.694673
67843 19 21 29
-0.080853 0.550543 -0.830882 12.774996
33331 19 22 14
-0.173887 -0.348737 -0.920948 8.580472
42547 19 22 18
0.627691 -0.774621 0.077249 5.595143
58675 19 22 25
0.605076 0.332657 0.723341 11.386580
70195 19 22 30
-0.109896 -0.606279 -0.787623 9.657143
28771 19 23 12
-0.836688 0.368449 0.405213 11.098719
31075 19 23 13
-0.115055 -0.619623 -0.776421 9.897164
35683 19 23 15
0.199268 -0.593656 -0.779656 2.616017
58723 19 23 25
0.766411 0.472953 0.434660 12.671496
26515 19 24 11
-0.544020 -0.675839 0.497277 7.836286
56467 19 24 24
0.949155 0.313696 -0.026468 13.349682
61075 19 24 26
-0.467354 0.373381 -0.801353 13.091590
70291 19 24 30
0.427089 0.876333 -0.222791 9.976829
51907 19 25 22
0.488367 0.143737 0.860719 9.421715
54211 19 25 23
0.779111 -0.229857 0.583225 12.879408
58819 19 25 25
0.729184 -0.518793 0.446256 13.279222
65731 19 25 28
0.325399 0.879148 0.348159 13.941876
68035 19 25 29
0.675443 0.726068 0.128853 14.938004
74947 19 25 32
0.657604 0.690394 -0.301518 11.130573
77251 19 25 33
0.608371 0.635945 -0.474825 8.190090
79555 19 25 34
0.570194 0.543496 -0.616028 4.453902
51955 19 26 22
0.384787 0.145493 0.911466 9.878764
54259 19 26 23
0.617797 -0.533637 0.577545 11.734707
56563 19 26 24
0.658622 -0.741019 0.130800 12.412908
58867 19 26 25
0.641909 -0.718899 0.266716 12.546101
72691 19 26 31
0.853148 -0.485972 -0.189658 14.297722
49699 19 27 21
-0.245276 0.869627 0.428473 9.697664
65827 19 27 28
-0.782413 -0.485275 0.390305 13.857509
68131 19 27 29
0.004621 -0.990856 -0.134847 14.357436
70435 19 27 30
0.284675 -0.718363 -0.634755 12.367735
84259 19 27 36
0.799212 0.070261 -0.596928 4.152572
45139 19 28 19
-0.308284 -0.022091 0.951038 7.541727
47443 19 28 20
-0.334275 0.058131 0.940681 10.280350
54355 19 28 23
0.794493 -0.427592 -0.431214 11.078241
56659 19 28 24
0.528650 -0.804241 -0.271525 10.501934
65875 19 28 28
-0.843702 -0.161580 -0.511916 13.161138
70483 19 28 30
0.159827 -0.270603 -0.949331 9.541810
65923 19 29 28
-0.607073 0.549739 -0.573802 13.760906
47539 19 30 20
0.153333 -0.488870 0.858776 10.080964
49843 19 30 21
0.090696 -0.475273 0.875151 12.355138
52147 19 30 22
0.719329 -0.286450 -0.632861 12.630389
68275 19 30 29
-0.701954 0.086836 -0.706909 13.206085
70579 19 30 30
-0.106144 0.667401 -0.737095 11.694994
52195 19 31 22
0.666418 -0.741030 -0.082229 10.426727
54499 19 31 23
0.655737 -0.634621 -0.408980 8.822256
68323 19 31 29
-0.128713 -0.974114 0.185837 11.311382
72931 19 31 31
0.653585 -0.534181 -0.536169 10.278811
65108 20 12 28
0.313975 0.830976 0.459237 6.126646
72020 20 12 31
0.165292 0.789494 -0.591082 4.220295
65156 20 13 28
0.165187 0.674969 0.719117 8.657611
72116 20 14 31
-0.535316 0.612919 -0.581177 8.591585
74420 20 14 32
0.014098 0.290947 -0.956635 5.527451
60644 20 15 26
0.523218 -0.002288 0.852196 7.119241
62948 20 15 27
0.556910 0.237405 0.795921 9.944375
72164 20 15 31
-0.719187 0.148122 -0.678845 9.520619
74468 20 15 32
-0.060042 0.012361 -0.998119 6.058683
62996 20 16 27
-0.045525 -0.024909 0.998653 10.017530
65300 20 16 28
-0.528697 0.609870 -0.590371 11.019650
69908 20 16 30
-0.864737 0.047733 0.499952 9.564085
72212 20 16 31
-0.533411 0.028382 -0.845380 9.616213
65348 20 17 28
-0.875404 -0.471247 0.107674 11.105773
69956 20 17 30
-0.155668 0.784743 0.599955 9.822113
33140 20 18 14
-0.643002 0.724486 0.248331 2.649456
67700 20 18 29
0.313774 0.932561 -0.178540 11.385900
72308 20 18 31
-0.089188 0.121381 -0.988591 10.337175
37796 20 19 16
-0.234295 0.903103 0.359875 9.455405
40100 20 19 17
0.123417 0.947809 -0.293984 9.469758
70052 20 19 30
0.655319 -0.617938 -0.434407 11.820971
72356 20 19 31
0.231855 -0.425453 -0.874776 9.853806
33236 20 20 14
-0.833908 0.198195 0.515089 6.429025
37844 20 20 16
0.070748 0.083628 0.993982 12.182844
40148 20 20 17
0.513482 0.811411 0.279193 14.533746
44756 20 20 19
0.252801 0.967494 0.006816 14.455999
47060 20 20 20
0.431340 0.889103 -0.153103 14.022673
60884 20 20 26
-0.508331 0.856388 0.090545 9.918171
72404 20 20 31
0.261703 -0.692317 -0.672464 6.925745
37892 20 21 16
0.269694 -0.705455 0.655437 10.171576
40196 20 21 17
0.281042 -0.799299 0.531165 13.727925
42500 20 21 18
0.496625 -0.811351 0.308339 15.968527
47108 20 21 20
0.939183 -0.341317 -0.037926 17.429163
49412 20 21 21
0.952536 0.115298 -0.281748 16.712370
51716 20 21 22
0.789345 0.558106 -0.255834 15.298385
54020 20 21 23
0.711618 0.672461 -0.203459 14.032236
56324 20 21 24
0.726619 0.661030 -0.187254 12.787485
60932 20 21 26
-0.969672 -0.008294 -0.244270 12.243843
67844 20 21 29
-0.907333 -0.296714 -0.297839 10.671317
40244 20 22 17
0.141121 -0.954111 0.264116 7.207310
47156 20 22 20
0.345577 -0.936746 0.055538 12.289817
49460 20 22 21
0.477250 -0.862134 0.170166 12.913032
54068 20 22 23
0.998467 0.027125 -0.048240 15.786394
70196 20 22 30
-0.819259 -0.466631 -0.333273 7.307034
31076 20 23 13
-0.440262 -0.818722 -0.368597 8.998392
33380 20 23 14
-0.027363 -0.652427 -0.757357 6.593118
47204 20 23 20
0.555458 -0.830984 0.030533 6.176877
58724 20 23 25
-0.281876 0.480397 -0.830521 13.419063
70244 20 23 30
-0.978281 0.202997 0.041937 5.709456
51860 20 24 22
0.321177 -0.142497 0.936237 11.782952
54164 20 24 23
0.327072 -0.491782 0.806954 15.782454
56468 20 24 24
0.692888 -0.413258 -0.590868 16.250017
58772 20 24 25
-0.082943 0.014187 -0.996453 14.273794
70292 20 24 30
-0.493244 0.863183 0.107824 9.592017
72596 20 24 31
-0.218294 0.929216 -0.298169 9.008487
54212 20 25 23
-0.185677 -0.654921 0.732532 14.102106
65732 20 25 28
-0.296812 0.932560 0.205512 14.192752
68036 20 25 29
-0.604580 0.792774 0.077415 14.894357
70340 20 25 30
-0.779649 0.623373 0.059605 15.237710
72644 20 25 31
-0.492111 0.859080 -0.140744 15.253276
77252 20 25 33
-0.141236 0.901858 -0.408294 10.140816
56564 20 26 24
0.486788 -0.873452 -0.010886 13.338392
68084 20 26 29
-0.818794 -0.558956 0.130939 16.006699
70388 20 26 30
-0.830201 -0.532644 -0.164492 15.421455
72692 20 26 31
-0.588924 -0.768638 0.249730 15.592113
74996 20 26 32
-0.672771 -0.683204 0.283923 16.735561
77300 20 26 33
0.001535 0.785763 -0.618525 15.669716
79604 20 26 34
0.231820 0.730496 -0.642366 12.307322
54308 20 27 23
0.744898 -0.265199 0.612206 12.057833
61220 20 27 26
-0.848209 -0.484278 0.214515 12.340575
63524 20 27 27
-0.922498 -0.266124 -0.279597 12.145298
68132 20 27 29
-0.687186 -0.717442 0.114243 12.988637
77348 20 27 33
0.435057 -0.872885 0.220898 15.605173
79652 20 27 34
0.651699 -0.218497 -0.726324 14.623260
81956 20 27 35
0.518444 0.207318 -0.829599 11.428120
47444 20 28 20
-0.021368 -0.034234 0.999185 10.099317
49748 20 28 21
0.935893 0.349204 0.046489 11.395942
61268 20 28 26
-0.796085 -0.169904 0.580846 11.282511
63572 20 28 27
-0.958793 0.192563 -0.208889 12.018247
70484 20 28 30
-0.192917 0.069114 -0.978778 9.915605
77396 20 28 33
0.471434 -0.832560 0.290851 11.987258
79700 20 28 34
0.427179 -0.847723 -0.314457 11.593478
59012 20 29 25
0.732557 0.571284 0.370128 9.636539
61316 20 29 26
-0.408302 -0.254758 0.876578 11.078928
70532 20 29 30
0.590780 0.640612 -0.490505 10.947750
79748 20 29 34
0.485971 -0.688382 -0.538482 7.457007
45236 20 30 19
-0.422421 -0.275827 0.863412 6.024403
47540 20 30 20
-0.422087 -0.340144 0.840324 9.491259
56756 20 30 24
0.700758 -0.094191 -0.707154 11.430213
63668 20 30 27
0.019612 -0.845146 0.534175 11.084907
65972 20 30 28
-0.220929 -0.973297 0.062324 12.378929
72884 20 30 31
0.380440 0.821513 -0.424714 11.408721
75188 20 30 32
0.598870 0.370824 -0.709820 10.150497
79796 20 30 34
0.383762 -0.499983 -0.776365 4.758401
52196 20 31 22
-0.233319 -0.967655 0.095952 11.747664
54500 20 31 23
0.204258 -0.909796 -0.361318 11.128495
56804 20 31 24
0.443616 -0.702998 -0.555877 8.963669
70628 20 31 30
-0.690915 -0.521154 0.501034 11.261300
72932 20 31 31
-0.373120 -0.855427 -0.359203 11.603061
75236 20 31 32
0.260227 -0.504896 -0.823020 9.834300
77540 20 31 33
0.303328 -0.515781 -0.801226 6.173770
52244 20 32 22
-0.070129 -0.988888 0.131080 7.082200
72980 20 32 31
0.363267 -0.871598 -0.329172 9.003869
70724 20 33 30
0.619823 -0.757312 -0.205666 6.455923
68468 20 34 29
0.951039 -0.115546 0.286661 4.994301
69717 21 12 30
0.259512 0.710049 -0.654587 7.287654
67461 21 13 29
-0.838925 0.539654 0.070560 9.359958
67509 21 14 29
-0.357162 -0.440806 -0.823484 9.340562
69813 21 14 30
-0.531446 -0.408965 -0.741831 7.652127
74421 21 14 32
-0.548039 0.191112 -0.814327 4.206443
58341 21 15 25
0.137034 -0.053418 0.989125 4.464829
60645 21 15 26
0.136503 -0.125576 0.982648 8.316927
62949 21 15 27
-0.150154 -0.312585 0.937947 10.163476
65253 21 15 28
-0.383381 -0.450643 -0.806188 10.056722
67557 21 15 29
-0.351941 -0.445997 -0.822936 8.256241
65301 21 16 28
-0.889419 -0.270739 -0.368285 9.180768
67605 21 16 29
-0.825584 0.154812 -0.542626 7.810152
72213 21 16 31
-0.830613 0.462852 -0.309597 7.676782
63045 21 17 27
-0.431638 -0.564400 0.703663 8.428894
72261 21 17 31
-0.677178 0.245440 -0.693678 8.648310
74565 21 17 32
-0.031754 -0.018504 -0.999324 5.617559
65397 21 18 28
-0.542810 0.097640 0.834161 9.419015
67701 21 18 29
-0.664785 0.743590 0.071650 10.934538
70005 21 18 30
-0.841569 0.425792 -0.332360 10.359902
40101 21 19 17
-0.559650 0.828586 -0.015398 7.674689
67749 21 19 29
-0.991674 -0.070596 0.107699 11.892517
70053 21 19 30
-0.866812 -0.171134 -0.468348 10.861508
40149 21 20 17
-0.823495 0.471786 0.315079 12.426285
42453 21 20 18
-0.630432 0.770614 -0.093324 12.889317
49365 21 20 21
-0.149359 0.962790 -0.225228 13.216558
58581 21 20 25
-0.119873 0.971298 -0.205450 8.607924
65493 21 20 28
-0.645232 -0.218443 0.732092 9.192054
67797 21 20 29
-0.544245 -0.813856 -0.203560 10.403016
72405 21 20 31
-0.157393 -0.876893 -0.454187 7.100922
28677 21 21 12
0.254538 0.439571 0.861387 5.365783
30981 21 21 13
-0.015258 0.996260 -0.085049 6.869395
42501 21 21 18
-0.784272 -0.474558 0.399641 14.748882
44805 21 21 19
-0.972749 -0.193878 0.127162 16.041336
47109 21 21 20
-0.942367 -0.290461 0.166061 16.557232
49413 21 21 21
-0.976094 -0.003354 0.217325 17.415110
51717 21 21 22
-0.095952 0.937586 -0.334254 16.935787
58629 21 21 25
-0.629144 0.382242 -0.676808 11.361926
63237 21 21 27
-0.981282 -0.057946 -0.183654 7.568234
65541 21 21 28
-0.771670 -0.629438 0.091285 7.674640
31029 21 22 13
-0.982824 0.158478 0.094558 8.219759
37941 21 22 16
0.153337 -0.982002 0.110270 6.125760
42549 21 22 18
-0.102770 -0.864923 0.491271 9.783863
44853 21 22 19
-0.163849 -0.959811 0.227849 12.205536
51765 21 22 22
-0.015600 -0.666753 0.745116 17.455799
56373 21 22 24
-0.600171 0.061372 -0.797514 15.263743
63285 21 22 27
-0.818606 -0.356101 -0.450639 6.650605
28773 21 23 12
-0.611609 -0.459174 0.644278 6.102314
51813 21 23 22
-0.084377 -0.704512 0.704658 14.845824
54117 21 23 23
-0.830077 -0.557009 0.026704 16.370661
56421 21 23 24
-0.792927 -0.038176 -0.608119 15.215763
63333 21 23 27
-0.825461 0.072387 -0.559798 5.874917
28821 21 24 12
-0.500103 -0.808870 0.309236 3.598978
51861 21 24 22
-0.410796 -0.668798 0.619642 11.498712
56469 21 24 24
-0.986653 -0.125671 -0.103550 14.876093
63381 21 24 27
-0.674833 0.663388 -0.323290 7.852183
47301 21 25 20
0.787834 0.615808 0.009960 9.327052
56517 21 25 24
-0.901807 -0.331839 0.276817 14.401443
61125 21 25 26
-0.907395 0.361214 -0.214845 11.550230
63429 21 25 27
-0.898235 0.437206 -0.044990 11.256563
65733 21 25 28
-0.817949 0.552069 -0.161800 10.708292
74949 21 25 32
-0.762856 0.597698 -0.246593 8.967189
79557 21 25 34
-0.519753 0.786824 -0.332814 4.941597
47349 21 26 20
0.683712 0.206192 0.700016 11.259969
49653 21 26 21
0.730478 0.682647 0.019892 12.006395
61173 21 26 26
-0.867929 -0.413092 -0.275780 11.375338
65781 21 26 28
-0.901831 -0.420789 0.098167 11.223611
74997 21 26 32
-0.990805 0.113350 0.073871 12.063378
79605 21 26 34
-0.756055 0.596885 -0.268531 9.875262
47397 21 27 20
0.052125 -0.337765 0.939786 10.553959
49701 21 27 21
0.849625 -0.111976 0.515363 12.922335
52005 21 27 22
0.999574 -0.028365 -0.006850 13.430680
54309 21 27 23
0.903557 -0.148272 -0.401996 13.116318
58917 21 27 25
-0.126304 -0.612042 -0.780674 11.539466
68133 21 27 29
-0.926318 -0.366312 -0.088040 8.890853
79653 21 27 34
-0.999481 0.006470 -0.031567 12.220464
81957 21 27 35
-0.723393 0.292854 -0.625251 10.387864
84261 21 27 36
-0.513373 0.324784 -0.794332 5.709109
86565 21 27 37
-0.443942 0.269366 -0.854610 2.010783
49749 21 28 21
0.298540 -0.023753 0.954102 12.715551
56661 21 28 24
0.531214 -0.648100 -0.545690 11.484644
82005 21 28 35
-0.601757 -0.636962 -0.481838 9.520936
84309 21 28 36
-0.472288 -0.303165 -0.827668 5.885037
49797 21 29 21
0.064187 -0.404539 0.912265 12.304147
52101 21 29 22
0.927000 -0.173727 -0.332401 13.040358
65925 21 29 28
-0.332601 0.906175 -0.261196 11.412898
68229 21 29 29
-0.506426 0.857690 -0.088886 10.887370
77445 21 29 33
-0.812188 -0.381166 -0.441660 8.773931
79749 21 29 34
-0.607824 -0.699173 -0.376441 7.165436
84357 21 29 36
-0.291733 -0.759027 -0.582039 3.334955
59061 21 30 25
0.764030 -0.276343 -0.583003 11.511978
63669 21 30 27
0.494289 -0.528737 0.690012 12.219590
65973 21 30 28
0.510145 -0.350754 -0.785318 12.791510
68277 21 30 29
-0.233483 -0.420591 -0.876692 11.595554
49893 21 31 21
-0.254795 -0.823896 0.506236 8.636598
63717 21 31 27
0.694798 -0.531746 0.484255 9.850308
56853 21 32 24
0.609024 -0.789386 -0.077201 7.878176
66069 21 32 28
0.852326 -0.453121 0.261192 9.079664
70677 21 32 30
-0.477785 -0.848455 -0.227695 9.909230
72981 21 32 31
-0.183935 -0.885267 -0.427166 9.476873
75285 21 32 32
0.067741 -0.507469 -0.859003 7.814130
66165 21 34 28
0.836488 -0.054130 0.545305 6.453011
77685 21 34 33
0.278103 -0.579110 -0.766348 3.056206
66213 21 35 28
0.610528 -0.595087 0.522616 5.516920
68517 21 35 29
0.545818 -0.818365 -0.179893 6.090345
70821 21 35 30
0.268156 -0.824800 -0.497793 5.149217
69670 22 11 30
-0.043702 0.955052 -0.293199 4.906852
62806 22 12 27
0.310614 0.682837 0.661251 4.846497
60646 22 15 26
0.449708 0.049804 0.891786 9.056457
62950 22 15 27
0.793235 -0.500724 0.346487 10.637819
63046 22 17 27
-0.001170 -0.573178 -0.819430 8.135721
60790 22 18 26
0.773872 -0.609994 0.170380 7.193454
63094 22 18 27
0.207996 -0.978078 0.010096 7.129128
65398 22 18 28
-0.267152 -0.227095 0.936514 8.164618
74662 22 19 32
0.312358 -0.266115 -0.911929 7.078595
30934 22 20 13
0.181044 0.739504 -0.648349 5.274429
49366 22 20 21
-0.486210 0.867967 0.101162 10.537868
53974 22 20 23
0.232368 0.972617 -0.004586 11.464231
60886 22 20 26
0.405603 0.338791 -0.848945 7.330445
67798 22 20 29
-0.808501 -0.587915 -0.026126 7.890656
72406 22 20 31
-0.220923 -0.961945 -0.160794 6.352193
35590 22 21 15
-0.284552 0.744546 0.603889 7.285043
37894 22 21 16
-0.876764 0.469003 0.106399 7.944494
42502 22 21 18
-0.908329 0.041918 0.416151 9.876559
44806 22 21 19
-0.867779 0.368129 0.333827 11.695153
51718 22 21 22
-0.689451 0.721235 0.066913 15.498541
54022 22 21 23
-0.451463 0.494930 -0.742446 14.647109
65542 22 21 28
-0.768931 -0.614725 0.175663 5.248309
67846 22 21 29
-0.498801 -0.832256 -0.241967 5.199668
35638 22 22 15
0.471984 -0.847779 0.241873 6.959553
51766 22 22 22
-0.908893 -0.407576 0.088287 16.129475
54070 22 22 23
-0.680955 -0.296831 -0.669471 14.722020
26470 22 23 11
-0.067977 -0.738554 0.670759 3.247680
47206 22 23 20
0.935135 -0.134231 0.327879 12.129021
49510 22 23 21
0.371118 -0.801921 0.468181 13.060183
51814 22 23 22
-0.401107 -0.905355 -0.139449 13.525520
56422 22 23 24
-0.824800 -0.263266 -0.500396 10.631626
31126 22 24 13
-0.337454 -0.937633 0.083483 2.792520
42646 22 24 18
0.546091 -0.265976 0.794381 9.127456
44950 22 24 19
0.500596 -0.662183 0.557600 10.915193
49558 22 24 21
0.711264 -0.667408 -0.220611 10.873969
56470 22 24 24
-0.952105 0.253544 -0.170916 10.394563
42694 22 25 18
0.413786 -0.650056 0.637345 7.008299
49606 22 25 21
0.664907 0.668609 -0.332957 11.217307
56518 22 25 24
-0.859205 0.466876 -0.209269 12.110848
58822 22 25 25
-0.745515 0.329718 -0.579218 10.052339
63430 22 25 27
-0.886515 0.371299 -0.276095 6.386436
51958 22 26 22
0.072815 0.992636 -0.096808 13.205969
65782 22 26 28
-0.986715 -0.035520 -0.158531 6.059257
74998 22 26 32
-0.939559 0.338619 -0.050654 5.352641
79606 22 26 34
-0.906153 0.413839 -0.087321 4.091764
52006 22 27 22
-0.767055 -0.637392 0.073199 14.444857
58918 22 27 25
-0.232175 0.255540 -0.938506 11.368444
63526 22 27 27
-0.503655 0.240253 -0.829825 7.259386
75046 22 27 32
-0.862921 0.484861 -0.142399 7.009114
79654 22 27 34
-0.988679 0.147513 0.027466 5.762497
52054 22 28 22
-0.753692 -0.651376 0.087508 13.119362
56662 22 28 24
0.502054 -0.292044 -0.814034 12.474037
63574 22 28 27
-0.444207 0.640864 -0.626078 8.777861
59014 22 29 25
0.138650 0.917498 -0.372792 11.908071
61318 22 29 26
-0.752638 0.641474 -0.148483 11.571467
63622 22 29 27
-0.801054 0.455938 -0.387857 10.896513
68230 22 29 29
-0.485295 0.873228 0.044300 9.619037
72838 22 29 31
-0.644550 0.711656 0.279467 10.720100
75142 22 29 32
-0.277425 0.179263 -0.943875 9.623160
47542 22 30 20
-0.399528 -0.340966 0.850952 6.844084
52150 22 30 22
-0.898139 -0.411673 0.154503 10.853591
54454 22 30 23
-0.846396 -0.351997 0.399640 11.551110
59062 22 30 25
0.229260 0.603892 -0.763383 13.185367
63670 22 30 27
-0.968872 0.104882 0.224250 11.666628
70582 22 30 30
-0.698526 -0.699926 0.148880 10.144987
72886 22 30 31
-0.473677 -0.840552 0.262874 10.865932
75190 22 30 32
-0.107381 -0.188756 -0.976136 9.632676
52198 22 31 22
-0.602175 -0.767131 0.221123 8.468728
56806 22 31 24
-0.074949 -0.559472 0.825453 12.876211
59110 22 31 25
0.719396 -0.383979 -0.578818 13.247623
68326 22 31 29
-0.172081 0.019593 -0.984888 10.791726
77542 22 31 33
-0.190814 -0.271048 -0.943463 4.940878
56854 22 32 24
-0.115484 -0.844020 0.523731 9.536406
66070 22 32 28
0.701948 -0.707634 -0.080759 11.884476
70678 22 32 30
-0.656790 0.102687 -0.747049 9.263063
56902 22 33 24
-0.112482 -0.864014 0.490741 4.965921
59206 22 33 25
0.244928 -0.963446 0.108542 6.440742
75334 22 33 32
-0.388898 -0.463934 -0.795942 6.549698
66166 22 34 28
0.709051 -0.173526 0.683473 8.209697
73126 22 35 31
0.649303 -0.563349 -0.510925 4.925489
70918 22 37 30
0.568772 -0.821884 -0.031708 2.475528
73222 22 37 31
0.437894 -0.725799 -0.530533 1.829056
71975 23 11 31
-0.410226 0.667488 -0.621429 3.230708
65111 23 12 28
0.138925 0.950003 0.279633 6.900595
60551 23 13 26
-0.231536 0.588476 0.774653 4.310700
62855 23 13 27
-0.182544 0.628803 0.755834 7.273611
65159 23 13 28
0.345275 0.800680 0.489588 8.966259
67463 23 13 29
0.312349 0.669619 -0.673831 8.782450
69767 23 13 30
-0.281463 0.355450 -0.891310 7.314939
60599 23 14 26
-0.171487 0.742960 0.646995 7.368614
67511 23 14 29
-0.074672 0.312293 -0.947046 9.285903
60647 23 15 26
0.118243 0.617401 0.777711 10.317859
62951 23 15 27
-0.166914 0.274870 0.946882 11.564613
65255 23 15 28
0.405319 0.041661 -0.913226 11.294286
67559 23 15 29
0.545775 -0.040038 -0.836975 9.667583
69863 23 15 30
0.973340 0.103485 -0.204695 8.557370
72167 23 15 31
0.914627 0.386385 -0.119016 8.565190
74471 23 15 32
0.612586 0.156387 -0.774778 7.031954
58391 23 16 25
0.834298 0.384190 0.395404 9.996750
60695 23 16 26
0.836575 -0.463281 -0.292427 10.353417
62999 23 16 27
0.552040 -0.826318 0.111585 10.162420
65303 23 16 28
0.817613 -0.552703 -0.161334 10.289309
67607 23 16 29
0.788577 -0.122082 -0.602696 9.201449
72215 23 16 31
0.868514 0.437747 0.232511 8.973553
58439 23 17 25
0.990125 -0.122401 0.068346 10.759158
69959 23 17 30
0.536797 0.799565 0.269341 9.392092
72263 23 17 31
0.464125 0.834494 0.296997 10.126945
74567 23 17 32
0.322199 0.234628 -0.917136 8.916973
60791 23 18 26
0.887804 -0.291664 -0.355999 8.955770
30887 23 19 13
0.079196 0.836236 -0.542621 4.243725
67751 23 19 29
-0.187287 -0.973623 0.130315 7.804830
30935 23 20 13
-0.119062 0.501405 -0.856981 5.241164
53975 23 20 23
0.286826 0.949795 0.124981 12.425350
81623 23 20 35
0.967870 -0.071782 -0.240987 7.275168
26375 23 21 11
0.335899 0.301248 0.892425 4.489927
44807 23 21 19
-0.330353 0.558259 0.761061 9.864671
54023 23 21 23
-0.321578 0.053784 -0.945354 13.723911
58631 23 21 25
0.563418 -0.658853 -0.498471 9.059504
26423 23 22 11
-0.297937 -0.511873 0.805741 4.364332
33335 23 22 14
-0.460894 -0.816086 -0.348684 7.021039
37943 23 22 16
-0.905690 0.421072 -0.049241 7.073625
44855 23 22 19
-0.364319 -0.003631 0.931267 10.640629
54071 23 22 23
-0.328207 -0.616827 -0.715405 13.208618
56375 23 22 24
0.180980 -0.205403 -0.961798 10.693330
58679 23 22 25
0.337579 -0.590531 -0.733017 8.019278
31079 23 23 13
-0.128537 -0.912619 0.388079 5.020780
33383 23 23 14
-0.010439 -0.991121 0.132551 5.550971
37991 23 23 16
-0.015028 -0.293723 0.955772 7.337068
42599 23 23 18
-0.469782 0.206296 0.858340 8.764290
44903 23 23 19
-0.855684 -0.264953 0.444528 10.339138
47207 23 23 20
-0.866171 -0.334703 0.371109 11.270859
49511 23 23 21
-0.811438 -0.570278 0.127875 12.093561
54119 23 23 23
-0.181597 -0.931348 -0.315615 10.549109
35735 23 24 15
0.199688 -0.678167 0.707258 5.144173
40343 23 24 17
-0.289569 -0.552965 0.781268 7.590441
47303 23 25 20
-0.331400 0.765823 0.551080 11.678961
49607 23 25 21
0.127839 0.939253 -0.318529 12.115600
51911 23 25 22
0.452205 0.862791 -0.226059 11.368756
56519 23 25 24
-0.349864 0.652557 -0.672134 10.099514
61127 23 25 26
-0.336405 0.772987 -0.537887 5.437417
42743 23 26 18
0.214526 -0.431510 0.876229 6.260261
45047 23 26 19
0.285611 -0.338514 0.896568 10.183104
47351 23 26 20
-0.017218 -0.914726 0.403709 12.063275
56567 23 26 24
-0.296255 0.040766 -0.954238 11.101562
61175 23 26 26
-0.258296 0.644183 -0.719938 7.804465
45095 23 27 19
0.332584 -0.617662 0.712659 7.535906
52007 23 27 22
-0.667899 -0.535369 0.517001 12.767369
54311 23 27 23
-0.255031 -0.591206 -0.765137 13.084250
61223 23 27 26
-0.317016 0.297303 -0.900618 9.181422
72743 23 27 31
0.196341 0.980493 -0.009161 6.738762
47447 23 28 20
-0.178395 -0.646233 0.741996 8.330844
58967 23 28 25
-0.655054 -0.139466 -0.742600 11.236280
75095 23 28 32
-0.033676 0.437319 -0.898676 8.238683
68231 23 29 29
-0.211834 0.760155 0.614240 8.825373
75143 23 29 32
-0.552810 -0.071205 -0.830260 8.326911
52151 23 30 22
-0.955471 -0.253725 0.150659 6.438580
72887 23 30 31
-0.929697 -0.184462 0.318806 9.154197
75191 23 30 32
-0.565228 -0.042758 -0.823826 8.312002
56807 23 31 24
-0.769603 -0.301306 0.562962 9.857874
59111 23 31 25
-0.960713 -0.269507 0.066308 12.258860
68327 23 31 29
-0.719958 0.125961 -0.682492 9.214576
75239 23 31 32
-0.424051 -0.557611 -0.713618 7.329542
61463 23 32 26
-0.704725 -0.555701 0.441088 11.068780
66071 23 32 28
-0.768398 0.240737 -0.592967 12.079545
70679 23 32 30
-0.759741 0.228691 -0.608683 7.528697
56903 23 33 24
-0.575154 -0.626646 0.525845 3.066291
68423 23 33 29
-0.124994 -0.556259 -0.821555 9.872521
75335 23 33 32
-0.376023 -0.168393 -0.911181 5.128886
68471 23 34 29
-0.306875 -0.823375 -0.477370 8.646210
70775 23 34 30
0.250358 -0.245963 -0.936388 7.690397
73079 23 34 31
0.292529 0.096195 -0.951406 6.487367
66215 23 35 28
-0.488257 -0.735209 0.470183 7.643022
75431 23 35 32
0.227808 -0.281677 -0.932074 4.148433
66263 23 36 28
0.015074 -0.935016 0.354285 5.100646
68567 23 36 29
0.318247 -0.930167 0.183051 5.861787
73175 23 36 31
0.434869 -0.695430 -0.572072 5.121550
65112 24 12 28
-0.417771 0.772094 0.478893 6.162448
65160 24 13 28
-0.727655 0.261936 0.633962 8.131795
76680 24 13 33
-0.321443 0.680199 -0.658789 2.678971
76728 24 14 33
-0.308722 0.159692 -0.937651 3.949214
58344 24 15 25
-0.074109 0.992579 0.096410 8.898529
62952 24 15 27
-0.841325 0.422506 0.337135 9.773479
67560 24 15 29
-0.549073 0.680738 -0.484886 9.721618
74472 24 15 32
-0.128020 0.457722 -0.879830 7.978153
56088 24 16 24
0.471976 0.572925 0.670071 10.921306
60696 24 16 26
-0.700574 0.370477 -0.609871 10.471791
63000 24 16 27
-0.692603 0.194524 0.694594 10.567900
65304 24 16 28
-0.831436 0.366344 -0.417740 11.062321
56136 24 17 24
0.610919 -0.030835 0.791092 12.473976
58440 24 17 25
0.500486 -0.239357 -0.831999 13.330065
65352 24 17 28
0.971834 0.092604 -0.216711 11.473923
67656 24 17 29
0.296670 0.425333 -0.855032 10.498775
79176 24 17 34
0.462090 0.529248 -0.711597 4.677069
51576 24 18 22
0.870593 0.361687 0.333542 8.169889
60792 24 18 26
0.979014 -0.088121 -0.183758 11.508004
72312 24 18 31
-0.377173 -0.899572 0.220252 10.565134
79224 24 18 34
0.614394 0.608373 -0.502397 7.019449
83832 24 18 36
0.014413 0.867283 -0.497607 2.633735
30888 24 19 13
-0.211760 0.881672 -0.421679 3.956129
60840 24 19 26
0.585179 -0.808428 -0.063329 10.580852
63144 24 19 27
0.594823 -0.666693 -0.449118 9.882102
72360 24 19 31
-0.063215 -0.950651 0.303753 8.537003
74664 24 19 32
0.434436 -0.603799 0.668351 9.324527
76968 24 19 33
0.867114 0.473900 0.153403 9.925276
79272 24 19 34
0.691374 0.722225 -0.019847 10.296198
47064 24 20 20
0.049210 0.769916 0.636245 8.484655
49368 24 20 21
0.748340 0.440874 0.495598 9.818593
58584 24 20 25
0.296208 -0.252225 -0.921219 10.709182
63192 24 20 27
0.358067 -0.558209 -0.748459 7.724589
74712 24 20 32
0.658621 0.190119 0.728061 9.373651
81624 24 20 35
0.653602 -0.047378 -0.755354 12.232101
83928 24 20 36
0.297885 -0.218553 -0.929246 7.826608
86232 24 20 37
0.211874 -0.204803 -0.955597 3.309221
26376 24 21 11
-0.334945 -0.215060 0.917366 4.442658
28680 24 21 12
0.045509 -0.922996 0.382109 5.759017
33288 24 21 14
-0.055203 0.740278 -0.670030 6.098008
54024 24 21 23
-0.065064 -0.124552 -0.990077 13.450130
81672 24 21 35
0.319633 -0.743630 -0.587239 8.855373
33336 24 22 14
-0.053043 -0.298812 -0.952837 6.776368
47160 24 22 20
0.823082 0.281689 0.493140 11.239823
51768 24 22 22
-0.175160 -0.924182 0.339420 12.285402
56376 24 22 24
0.690978 0.063587 -0.720073 11.949290
65592 24 22 28
0.983850 -0.168475 -0.060465 6.629349
74808 24 22 32
0.904010 -0.422661 0.064210 8.884899
31080 24 23 13
0.185726 -0.849661 0.493540 4.921748
49512 24 23 21
0.202532 -0.977669 -0.056067 11.115475
56424 24 23 24
0.623321 -0.758916 -0.188459 10.292850
74856 24 23 32
0.732940 -0.657572 -0.174351 5.024733
40392 24 25 17
-0.162604 -0.685502 0.709681 5.425338
45000 24 25 19
0.490112 0.536167 0.687252 9.992563
51912 24 25 22
0.638492 0.760696 -0.116921 12.998067
54216 24 25 23
0.352798 0.863570 -0.360250 12.149818
56520 24 25 24
0.450686 0.560902 -0.694457 10.088309
54264 24 26 23
0.692536 0.128078 -0.709923 13.961022
61176 24 26 26
0.272221 0.643115 -0.715751 7.615841
68088 24 26 29
0.558269 0.816517 -0.147095 5.371982
47400 24 27 20
0.325378 -0.943956 0.055469 11.209313
54312 24 27 23
0.235311 -0.960684 -0.147360 13.138819
56616 24 27 24
0.169371 -0.023403 -0.985274 11.642904
61224 24 27 26
-0.194413 0.007473 -0.980891 8.364879
68136 24 27 29
0.702349 0.663663 0.257404 8.362560
72744 24 27 31
0.236980 0.949419 -0.206021 7.473946
75048 24 27 32
-0.051621 0.826555 -0.560484 5.822082
47448 24 28 20
-0.172650 -0.965627 0.194310 7.454021
58968 24 28 25
-0.769364 -0.522078 -0.368122 9.153490
68184 24 28 29
0.783803 0.105705 0.611947 9.834137
70488 24 28 30
0.954493 0.165832 -0.247878 10.195864
77400 24 28 33
-0.258972 0.059003 -0.964081 4.511742
61320 24 29 26
-0.974539 0.032223 -0.221892 7.075765
63624 24 29 27
-0.475010 0.813034 -0.336663 6.288397
63672 24 30 27
-0.372276 0.924668 -0.079995 7.967400
75192 24 30 32
0.290933 0.113475 -0.949990 7.602819
61416 24 31 26
-0.949930 0.009928 0.312306 8.373602
63768 24 32 27
-0.562526 0.591070 0.578101 10.655658
61512 24 33 26
-0.267693 -0.550080 0.791045 7.459809
66120 24 33 28
-0.115473 -0.990855 -0.069807 10.604939
68424 24 33 29
0.142711 -0.132187 -0.980898 9.632756
75336 24 33 32
0.914087 -0.092755 -0.394767 6.348375
63864 24 34 27
-0.360851 -0.823726 0.437335 6.833260
73080 24 34 31
0.718233 0.342567 -0.605632 7.547785
75432 24 35 32
0.147065 -0.457720 -0.876849 4.806083
66264 24 36 28
-0.252870 -0.805292 0.536248 4.656899
68568 24 36 29
0.031710 -0.823679 0.566169 6.410925
70872 24 36 30
0.078723 -0.993766 -0.078938 7.494940
73176 24 36 31
-0.101260 -0.738208 -0.666930 5.723801
69769 25 13 30
-0.438011 0.181924 -0.880369 6.018764
72073 25 13 31
-0.399233 0.340976 -0.851087 3.491205
65257 25 15 28
-0.923483 0.289089 0.252203 6.984628
67561 25 15 29
-0.732947 0.454339 0.506324 8.263042
69865 25 15 30
-0.260300 0.954701 0.144185 9.352822
53785 25 16 23
0.136440 0.771242 0.621748 8.479754
56089 25 16 24
-0.539754 0.811527 0.223807 10.930195
63001 25 16 27
-0.833658 0.488510 0.257628 7.630414
72217 25 16 31
0.767766 0.624389 0.143780 11.637413
74521 25 16 32
0.030990 0.644294 -0.764150 10.291998
76825 25 16 33
-0.189336 0.565764 -0.802535 6.303355
49225 25 17 21
0.535466 0.684504 0.494702 8.382174
51529 25 17 22
0.614810 0.758225 0.217033 9.726723
58441 25 17 25
-0.688039 0.401260 -0.604642 12.282357
63049 25 17 27
-0.630937 0.697167 0.340406 10.558461
67657 25 17 29
0.167426 0.946273 -0.276650 10.720593
74569 25 17 32
0.063836 -0.534220 -0.842932 10.944812
76873 25 17 33
-0.463579 0.202441 -0.862619 8.296305
79177 25 17 34
-0.427034 0.440566 -0.789648 4.789378
53881 25 18 23
0.657461 0.750714 0.064604 12.319708
58489 25 18 25
-0.504994 -0.788519 -0.351026 12.262873
63097 25 18 27
-0.795057 -0.162393 0.584391 12.103842
65401 25 18 28
0.155170 -0.766771 -0.622884 11.900758
70009 25 18 30
0.464060 -0.830617 -0.307772 10.617913
74617 25 18 32
-0.701591 -0.660633 -0.267086 9.106520
76921 25 18 33
-0.965474 0.126689 -0.227616 8.524300
47017 25 19 20
-0.008371 0.117915 0.992988 7.221302
51625 25 19 22
0.869111 0.317372 0.379369 12.928018
67753 25 19 29
0.638219 -0.742458 0.203549 9.431714
76969 25 19 33
-0.695776 0.599287 0.395919 10.146909
28633 25 20 12
0.138828 0.575972 0.805595 6.169171
49369 25 20 21
0.172259 0.151957 0.973260 11.555429
51673 25 20 22
0.193156 0.863079 0.466676 13.748965
56281 25 20 24
0.101428 0.643064 -0.759066 11.965191
72409 25 20 31
0.577622 0.812487 -0.078847 8.211787
77017 25 20 33
-0.539664 0.684955 0.489489 13.763715
79321 25 20 34
-0.845141 0.422264 -0.327765 14.351410
81625 25 20 35
-0.710664 0.016987 -0.703327 11.426661
83929 25 20 36
-0.553924 -0.113312 -0.824820 6.913518
51721 25 21 22
-0.127204 -0.816891 0.562590 14.290415
58633 25 21 25
0.704195 0.351503 -0.616891 11.681451
67849 25 21 29
0.826380 0.491121 0.275491 11.297220
74761 25 21 32
0.290048 0.745414 0.600192 14.414636
77065 25 21 33
-0.781132 -0.435879 -0.447038 15.794930
79369 25 21 34
-0.429293 -0.572363 -0.698648 13.420652
33337 25 22 14
-0.520751 0.407648 -0.750094 6.489530
37945 25 22 16
-0.521004 0.842438 -0.137304 4.736055
44857 25 22 19
-0.583882 0.362461 0.726433 9.617226
51769 25 22 22
-0.185915 -0.977644 -0.098224 12.008082
67897 25 22 29
0.953109 -0.299290 0.044820 12.342969
72505 25 22 31
0.960521 -0.192193 0.201151 14.089591
74809 25 22 32
0.591445 -0.777426 -0.214014 14.272060
77113 25 22 33
0.189497 -0.894623 -0.404650 12.325980
79417 25 22 34
-0.069513 -0.767483 -0.637289 8.593292
31081 25 23 13
0.610765 -0.533482 0.585117 6.172485
35689 25 23 15
-0.425703 -0.786800 -0.446904 5.897073
37993 25 23 16
-0.887529 -0.423413 -0.181696 5.410429
56425 25 23 24
0.695233 -0.299737 0.653306 12.862643
58729 25 23 25
0.887839 -0.209223 -0.409838 13.088000
61033 25 23 26
0.827301 -0.372750 -0.420275 10.704932
65641 25 23 28
0.645199 -0.740035 -0.189912 8.907570
67945 25 23 29
0.618434 -0.783099 -0.065542 7.816103
72553 25 23 31
0.632444 -0.772567 0.056175 10.248768
33433 25 24 14
0.498223 -0.864327 -0.068650 4.290975
40345 25 24 17
-0.311245 -0.195904 0.929918 6.101722
44953 25 24 19
0.604924 0.478993 0.636108 11.186101
47257 25 24 20
0.357859 0.911321 0.203546 12.116079
49561 25 24 21
-0.452725 0.845801 -0.282243 11.910969
56473 25 24 24
0.962265 0.105734 0.250731 12.356098
42697 25 25 18
-0.025259 -0.307119 0.951336 8.430589
49609 25 25 21
-0.790682 0.268693 0.550115 13.392256
58825 25 25 25
0.801811 0.070081 -0.593454 11.214557
42745 25 26 18
0.309954 -0.014334 0.950644 7.726966
45049 25 26 19
0.365912 0.158679 0.917022 11.582255
47353 25 26 20
0.694794 0.715036 0.077366 12.493655
51961 25 26 22
0.639557 0.203655 0.741277 16.184210
54265 25 26 23
0.812401 -0.077836 -0.577880 16.058397
58873 25 26 25
0.831692 -0.017877 -0.554950 11.605325
61177 25 26 26
0.870042 0.217813 -0.442249 9.586302
65785 25 26 28
0.868280 0.495533 -0.023177 8.443962
47401 25 27 20
0.558589 -0.812683 0.165906 12.063151
49705 25 27 21
0.713531 -0.508260 0.482230 13.263031
52009 25 27 22
0.549909 -0.834450 0.035964 14.685181
54313 25 27 23
0.119612 -0.944489 -0.305996 13.830884
56617 25 27 24
0.166770 -0.850547 -0.498756 12.265033
58921 25 27 25
0.449214 -0.737919 -0.503668 10.498901
65833 25 27 28
0.831979 -0.068158 0.550605 9.308075
68137 25 27 29
0.778839 0.610229 0.145019 10.842553
38233 25 28 16
0.973195 0.012982 0.229615 3.307568
52057 25 28 22
0.210433 -0.972980 -0.095013 8.698282
54361 25 28 23
-0.209297 -0.977106 -0.038204 8.098705
56665 25 28 24
-0.381883 -0.918661 -0.101126 7.801846
61273 25 28 26
-0.174023 -0.955338 -0.238843 6.647363
68185 25 28 29
0.442815 0.029224 0.896136 11.879810
70489 25 28 30
0.511787 0.711923 -0.480874 12.267968
72793 25 28 31
0.183782 0.695848 -0.694276 11.241199
70537 25 29 30
0.300014 -0.950845 -0.076720 11.613423
72841 25 29 31
0.584293 -0.690433 -0.426501 11.375705
75145 25 29 32
0.260198 0.072224 -0.962850 8.897641
68281 25 30 29
0.950531 -0.307331 0.045158 9.996465
68329 25 31 29
0.918409 0.007083 -0.395570 9.774520
70633 25 31 30
0.909678 -0.315632 -0.269930 8.456309
63769 25 32 27
-0.222673 0.493114 0.840985 9.902058
68377 25 32 29
0.536400 0.087911 -0.839373 9.898102
72985 25 32 31
0.695027 -0.071661 0.715403 9.072483
75289 25 32 32
0.576015 0.067676 -0.814633 9.568072
61513 25 33 26
-0.258855 -0.436131 0.861849 6.412283
63817 25 33 27
-0.267281 -0.814332 0.515193 9.345687
68425 25 33 29
0.143064 -0.008621 -0.989676 10.112341
75337 25 33 32
0.584142 -0.396034 -0.708474 9.169267
77641 25 33 33
0.024708 -0.130528 -0.991137 5.325906
68473 25 34 29
0.292629 -0.461766 0.837341 9.660286
70777 25 34 30
-0.237915 0.510486 -0.826317 9.690203
75385 25 34 32
0.246219 -0.648417 -0.720369 7.599347
70825 25 35 30
-0.627548 -0.680407 -0.378458 9.224709
66265 25 36 28
-0.461912 -0.646873 0.606788 3.566664
68569 25 36 29
-0.421510 -0.813733 0.400209 5.579363
67514 26 14 29
-0.897571 0.176187 0.404133 4.203862
69866 26 15 30
-0.607653 0.785999 0.113860 7.450904
56090 26 16 24
-0.498104 0.801877 -0.329978 8.052127
67610 26 16 29
0.017033 0.774305 0.632583 8.932568
72218 26 16 31
-0.451563 0.860113 -0.237267 11.488750
74522 26 16 32
-0.449543 0.545399 -0.707426 8.765922
49226 26 17 21
0.213899 0.711832 0.668986 9.875503
51530 26 17 22
0.499290 0.860267 0.103202 11.239970
58442 26 17 25
-0.523294 0.608068 -0.597007 9.195161
69962 26 17 30
0.754925 -0.641544 0.136050 12.183112
74570 26 17 32
-0.482916 -0.372781 -0.792355 9.473892
30842 26 18 13
0.939841 0.329844 -0.088896 4.219716
49274 26 18 21
-0.075000 0.076305 0.994260 11.224370
53882 26 18 23
-0.876444 -0.269517 -0.399006 11.882240
56186 26 18 24
-0.479871 -0.869591 -0.116341 11.757036
58490 26 18 25
-0.690112 -0.255030 -0.677277 10.676887
65402 26 18 28
0.912092 0.297093 -0.282533 12.324028
30890 26 19 13
0.702924 0.680196 -0.207921 5.833169
51626 26 19 22
-0.953783 -0.103984 -0.281931 12.601194
63146 26 19 27
0.756607 -0.222410 0.614882 11.706407
33242 26 20 14
0.044856 0.066304 -0.996791 4.674961
47066 26 20 20
-0.013451 0.241574 0.970289 7.202988
65498 26 20 28
0.989854 0.057781 -0.129808 11.128010
30986 26 21 13
-0.433041 -0.766328 -0.474570 6.444823
47114 26 21 20
-0.255317 0.450345 0.855571 9.029301
49418 26 21 21
-0.746220 0.086887 0.660004 11.819000
54026 26 21 23
-0.982915 -0.161463 -0.088359 12.497295
58634 26 21 25
0.286660 0.565999 -0.772963 12.624193
63242 26 21 27
0.898339 0.426019 0.107210 11.999684
70154 26 21 30
0.094401 0.983100 -0.156856 15.828251
72458 26 21 31
-0.305665 0.848980 -0.431047 14.019629
31034 26 22 13
-0.691901 0.686360 -0.224015 6.151066
47162 26 22 20
-0.727970 0.018734 0.685353 10.231454
49466 26 22 21
-0.770735 -0.626438 -0.116371 10.871814
58682 26 22 25
-0.171617 0.833947 -0.524481 13.614817
63290 26 22 27
0.717955 0.142540 0.681339 12.982338
65594 26 22 28
0.453429 -0.210891 0.865983 14.114274
70202 26 22 30
-0.412023 -0.910993 0.018118 16.532173
72506 26 22 31
-0.789363 -0.424718 -0.443306 15.510404
74810 26 22 32
-0.755595 -0.506513 -0.415357 13.123097
77114 26 22 33
-0.692914 -0.530771 -0.488008 10.063026
47210 26 23 20
-0.989940 -0.139260 0.024993 9.750023
56426 26 23 24
0.373842 0.473312 0.797633 14.715075
61034 26 23 26
0.440662 0.025831 -0.897301 13.158551
63338 26 23 27
0.514274 -0.792208 -0.328527 11.999426
65642 26 23 28
0.203617 -0.959443 -0.194962 11.201920
67946 26 23 29
0.197335 -0.976961 0.081273 10.874209
70250 26 23 30
0.026984 -0.988985 0.145539 11.930840
72554 26 23 31
-0.394264 -0.845525 -0.360060 11.370415
33434 26 24 14
0.052255 -0.474084 -0.878928 5.191110
47258 26 24 20
-0.962457 0.141505 -0.231632 9.971237
51866 26 24 22
-0.445704 0.469567 0.762138 10.490158
54170 26 24 23
0.337032 0.617551 0.710661 13.858027
56474 26 24 24
0.691679 0.508161 0.513178 15.958303
58778 26 24 25
0.452695 -0.313431 -0.834763 15.253087
61082 26 24 26
0.727072 -0.278916 -0.627354 12.646603
63386 26 24 27
0.705088 -0.243247 -0.666094 10.717777
31178 26 25 13
0.923754 -0.374186 -0.081625 5.502812
54218 26 25 23
-0.223630 0.681214 0.697091 16.207323
56522 26 25 24
-0.019446 0.305213 -0.952085 16.655790
68042 26 25 29
0.653978 0.756352 0.015642 8.085507
72650 26 25 31
0.338152 0.627544 -0.701314 7.327437
51962 26 26 22
-0.367267 0.738745 0.565128 16.170670
56570 26 26 24
-0.144965 -0.678787 -0.719884 16.187637
58874 26 26 25
-0.096220 -0.355381 -0.929756 13.761626
61178 26 26 26
0.864803 0.339785 -0.369677 12.321128
63482 26 26 27
0.797632 0.575537 -0.180391 11.840756
68090 26 26 29
0.737344 0.659636 0.145618 12.205782
70394 26 26 30
0.790476 0.464589 -0.399129 12.063063
72698 26 26 31
0.215855 0.022090 -0.976176 8.940203
42794 26 27 18
0.787035 0.398455 0.470967 13.522781
45098 26 27 19
0.994014 -0.019918 0.107418 15.594884
49706 26 27 21
0.914952 -0.241140 0.323595 16.415628
52010 26 27 22
-0.001109 -0.896153 -0.443745 16.130770
58922 26 27 25
-0.168574 -0.978429 -0.119412 11.162875
65834 26 27 28
0.839469 -0.436413 0.323784 12.494049
35930 26 28 15
0.864549 0.255799 0.432575 6.308837
42842 26 28 18
0.919344 -0.391080 -0.043172 13.465505
52058 26 28 22
-0.005854 -0.914761 -0.403952 9.676080
75098 26 28 32
-0.469175 0.446934 -0.761659 6.352313
33674 26 29 14
0.856177 -0.221044 0.467012 4.508326
42890 26 29 18
0.574560 -0.728505 -0.373042 8.819620
65930 26 29 28
-0.023778 0.004796 0.999706 8.822449
75146 26 29 32
-0.372246 0.402511 -0.836312 8.693625
75194 26 30 32
-0.172500 0.018576 -0.984834 9.644662
38378 26 31 16
0.569472 -0.799188 -0.192357 2.278068
68330 26 31 29
0.081875 -0.202921 -0.975766 11.767600
70634 26 31 30
0.219213 -0.199307 -0.955103 9.636610
68378 26 32 29
-0.325260 -0.556636 -0.764436 10.463461
72986 26 32 31
0.090471 0.012152 0.995825 10.107409
61514 26 33 26
-0.635520 -0.338321 0.694012 4.385360
63818 26 33 27
-0.669406 -0.557409 0.491111 7.217169
66122 26 33 28
-0.652921 -0.646316 0.394929 9.322019
75338 26 33 32
-0.415748 -0.316815 -0.852515 8.884724
66170 26 34 28
-0.315905 -0.580263 0.750665 6.634664
68474 26 34 29
-0.856756 -0.423200 0.294738 9.085814
75386 26 34 32
-0.458087 -0.538616 -0.707142 7.007016
68522 26 35 29
-0.506824 -0.796469 0.329797 6.959285
75434 26 35 32
-0.406969 -0.736341 -0.540535 4.359634
51483 27 16 22
0.059525 0.967851 0.244381 9.068314
53787 27 16 23
-0.101086 0.928630 -0.356971 8.678535
69915 27 16 30
-0.385055 0.922707 0.018549 9.988829
33099 27 17 14
0.402567 0.347414 -0.846902 3.872834
49227 27 17 21
0.218748 0.657851 0.720681 10.937510
51531 27 17 22
0.724004 0.681733 0.105153 12.729371
56139 27 17 24
-0.433289 0.646470 -0.627963 10.010649
67659 27 17 29
0.077411 0.959240 0.271785 13.060974
74571 27 17 32
-0.413360 -0.111453 -0.903721 7.041600
30843 27 18 13
0.927412 0.028237 -0.372973 7.675736
33147 27 18 14
0.293585 0.006502 -0.955911 4.568558
46971 27 18 20
0.519086 -0.076548 0.851288 8.671361
72315 27 18 31
0.187898 -0.599745 -0.777817 9.329424
30939 27 20 13
-0.358980 -0.579868 -0.731359 7.025833
49371 27 20 21
-0.516864 -0.524252 0.676766 10.408828
53979 27 20 23
-0.076347 -0.072228 0.994462 11.162591
58587 27 20 25
-0.220264 0.888834 -0.401818 11.474926
60891 27 20 26
-0.554738 0.806799 0.203326 11.088130
63195 27 20 27
-0.762691 0.106289 0.637969 12.096249
65499 27 20 28
0.458540 0.409472 0.788717 12.887839
67851 27 21 29
-0.121778 0.642267 0.756745 14.633906
70155 27 21 30
-0.696673 0.096302 -0.710896 13.907061
72459 27 21 31
-0.747749 0.218703 -0.626930 10.010063
74763 27 21 32
-0.849527 0.350178 -0.394561 6.611468
24123 27 22 10
0.530973 -0.007769 0.847353 5.372574
47163 27 22 20
-0.926762 -0.097048 0.362897 6.505248
58683 27 22 25
-0.534057 0.762351 -0.365518 12.968239
63291 27 22 27
0.179474 0.436618 0.881563 13.393802
65595 27 22 28
-0.195158 -0.704092 0.682765 14.042395
67899 27 22 29
-0.660444 -0.747871 -0.067096 14.405351
74811 27 22 32
-0.894645 -0.283038 -0.345687 6.776071
26475 27 23 11
0.746727 0.257714 0.613174 8.186038
28779 27 23 12
0.260658 0.945099 -0.197091 8.682470
31083 27 23 13
-0.280463 0.646330 -0.709646 7.005142
47211 27 23 20
-0.988574 -0.150638 0.005470 5.935580
70251 27 23 30
-0.448328 -0.780747 -0.435243 10.241582
26523 27 24 11
0.334704 -0.514585 0.789415 7.782154
28827 27 24 12
0.772980 -0.212447 0.597803 10.005981
56475 27 24 24
-0.948475 -0.291151 0.125001 14.097363
58779 27 24 25
-0.935701 -0.321752 -0.144700 13.924527
65691 27 24 28
0.917221 -0.011110 -0.398224 10.944101
33483 27 25 14
0.364230 0.260878 -0.894024 6.375984
45003 27 25 19
-0.634121 0.649333 0.419830 6.828316
47307 27 25 20
-0.562280 0.823646 -0.073816 7.862892
54219 27 25 23
-0.949712 0.110661 0.292917 11.760952
61131 27 25 26
-0.706014 -0.706034 -0.055319 12.425005
65739 27 25 28
0.935122 0.250858 0.250234 11.237677
31227 27 26 13
0.875865 -0.382766 0.293854 8.003589
33531 27 26 14
0.794078 0.031943 -0.606977 7.047636
47355 27 26 20
-0.276052 0.961074 -0.011481 14.027610
49659 27 26 21
-0.330871 0.938044 -0.102948 13.351999
51963 27 26 22
-0.736055 0.675786 0.039197 13.158292
61179 27 26 26
-0.841627 -0.044677 0.538208 11.838564
70395 27 26 30
-0.051482 0.037736 -0.997961 13.023314
40491 27 27 17
-0.137764 0.842246 0.521194 12.790779
45099 27 27 19
-0.427953 0.778305 0.459453 18.456013
47403 27 27 20
-0.681733 0.484386 -0.548279 18.613274
49707 27 27 21
-0.772227 -0.147540 -0.617978 16.890686
54315 27 27 23
-0.619220 -0.713511 -0.327824 11.381967
56619 27 27 24
-0.684964 -0.674829 -0.274644 9.204075
61227 27 27 26
-0.538436 -0.597348 0.594358 10.675783
63531 27 27 27
-0.547782 -0.779641 0.303472 12.718657
65835 27 27 28
-0.629932 -0.766319 0.126259 13.040173
31323 27 28 13
0.629118 -0.261385 0.732044 5.449129
35931 27 28 15
0.563892 0.407449 0.718339 9.777070
38235 27 28 16
0.168092 0.410138 0.896400 12.939853
40539 27 28 17
-0.455637 0.115305 0.882666 16.102585
42843 27 28 18
-0.432653 -0.873287 -0.224014 16.422913
45147 27 28 19
-0.041874 -0.990246 -0.132891 15.139496
47451 27 28 20
0.020486 -0.994399 -0.103687 14.392353
49755 27 28 21
-0.274981 -0.870485 -0.408218 12.304068
63579 27 28 27
-0.230113 -0.935795 0.267087 8.160136
70491 27 28 30
-0.722909 -0.005010 -0.690925 10.635069
40587 27 29 17
-0.009384 -0.992826 -0.119196 13.420475
68235 27 29 29
-0.858214 -0.383750 0.340889 9.622422
70539 27 29 30
-0.877986 -0.424763 -0.220720 9.905024
33723 27 30 14
0.225718 -0.833417 0.504448 4.641599
40635 27 30 17
0.088752 -0.964345 -0.249323 7.077567
63675 27 30 27
-0.544504 0.269165 0.794397 4.418063
65979 27 30 28
-0.819687 0.312219 0.480242 7.779971
75195 27 30 32
-0.722655 0.276157 -0.633646 8.112098
63723 27 31 27
-0.632349 -0.015801 0.774523 5.166925
66027 27 31 28
-0.918917 -0.077751 0.386711 8.682085
68331 27 31 29
-0.971451 -0.166842 -0.168663 9.151582
70635 27 31 30
-0.968129 -0.241256 0.067245 8.489019
72939 27 31 31
-0.940136 0.034044 0.339096 9.291311
72987 27 32 31
-0.873500 -0.254655 0.414908 9.017971
75291 27 32 32
-0.563360 -0.218405 -0.796822 7.836915
73035 27 33 31
-0.828899 -0.483980 0.280518 7.544784
68475 27 34 29
-0.989123 -0.135400 0.057471 6.106456
68523 27 35 29
-0.724262 -0.681981 0.101715 4.427024
72220 28 16 31
-0.643109 0.648892 -0.406633 5.878362
28492 28 17 12
-0.281149 0.433926 0.855958 6.291835
33100 28 17 14
-0.257204 0.271757 -0.927359 4.251341
51532 28 17 22
-0.645598 0.763154 -0.028252 12.097766
53836 28 17 23
-0.667321 0.531812 -0.521401 10.454141
65356 28 17 28
-0.601927 0.756954 0.254372 9.917068
28540 28 18 12
-0.312321 0.213770 0.925612 7.377135
30844 28 18 13
-0.728121 -0.167566 -0.664651 8.099815
44668 28 18 19
0.008544 0.028527 0.999557 5.697900
51580 28 18 22
0.656283 -0.659671 -0.366234 13.404469
53884 28 18 23
-0.434269 0.285191 -0.854445 12.111743
63100 28 18 27
-0.538376 0.272880 0.797300 10.137658
65404 28 18 28
-0.942792 0.123419 0.309696 12.328139
70012 28 18 30
-0.835663 0.106644 -0.538790 11.801552
72316 28 18 31
-0.559021 -0.212893 -0.801356 8.520831
28588 28 19 12
-0.490700 0.460278 0.739836 8.097961
53932 28 19 23
0.101782 -0.381146 -0.918895 12.246965
56236 28 19 24
-0.696550 0.253699 -0.671159 10.721838
70060 28 19 30
-0.395269 -0.197582 -0.897064 11.160695
26332 28 20 11
-0.069784 0.466127 0.881961 7.628711
47068 28 20 20
0.194204 -0.377768 0.905304 8.419829
53980 28 20 23
-0.348193 -0.900944 -0.258961 11.280272
58588 28 20 25
-0.774507 0.585694 -0.238959 10.462662
26380 28 21 11
-0.830981 -0.096070 0.547942 8.131506
28684 28 21 12
-0.341136 -0.456284 -0.821846 6.821654
54028 28 21 23
-0.778483 -0.483490 0.400252 9.849352
58636 28 21 25
-0.433202 0.896140 0.096278 11.664186
67852 28 21 29
0.732907 -0.406499 -0.545532 15.069378
70156 28 21 30
-0.136783 -0.083991 -0.987034 12.283607
26428 28 22 11
-0.968644 -0.240921 -0.060708 7.658694
54076 28 22 23
-0.657238 -0.038676 0.752690 9.557706
58684 28 22 25
0.394059 0.872992 0.287405 12.775503
60988 28 22 26
-0.212419 0.966889 0.141437 12.774089
65596 28 22 28
0.508578 -0.803679 0.308948 14.350012
61036 28 23 26
-0.506639 -0.831821 0.226695 12.520449
63340 28 23 27
-0.623972 -0.777109 0.082223 12.878320
31132 28 24 13
-0.707325 0.491025 -0.508513 7.680937
65692 28 24 28
-0.942656 0.310081 0.123486 12.055796
67996 28 24 29
0.206663 0.793196 -0.572826 11.612469
31180 28 25 13
-0.956181 0.216946 -0.196603 9.275406
61132 28 25 26
-0.766793 -0.232080 0.598471 10.218489
65740 28 25 28
-0.399365 -0.198345 0.895079 12.108289
68044 28 25 29
-0.444837 0.895611 0.001221 13.266917
70348 28 25 30
0.235708 0.664458 -0.709181 11.860759
74956 28 25 32
0.036669 0.298719 -0.953636 4.343170
31228 28 26 13
-0.791608 -0.287598 0.539115 9.197172
33532 28 26 14
-0.510963 0.340475 -0.789299 8.214854
42748 28 26 18
-0.570316 0.768509 0.290059 5.985630
49660 28 26 21
-0.840188 0.525927 -0.132228 8.428793
70396 28 26 30
-0.211161 -0.471462 -0.856233 12.693806
72700 28 26 31
0.062115 -0.407647 -0.911025 8.876707
28972 28 27 12
-0.144744 -0.299553 0.943036 4.525502
31276 28 27 13
-0.495997 -0.533556 0.685058 7.923026
42796 28 27 18
-0.887090 0.341209 0.310883 11.028418
45100 28 27 19
-0.952395 0.282745 0.114015 13.017428
52012 28 27 22
-0.912680 -0.273380 -0.303773 7.875552
54316 28 27 23
-0.897196 -0.312279 -0.312283 5.737087
68140 28 27 29
-0.334356 -0.927593 -0.166662 11.798800
35932 28 28 15
-0.853161 0.396989 0.338402 9.673315
38236 28 28 16
-0.908850 0.409342 0.080192 10.220868
47452 28 28 20
-0.757421 -0.620932 -0.201885 10.576571
63580 28 28 27
-0.429415 -0.855440 0.289525 5.815727
38284 28 29 16
-0.907847 -0.407376 0.099290 10.488936
31420 28 30 13
-0.151950 -0.773764 0.614980 3.163522
38332 28 30 16
-0.431079 -0.899134 -0.075692 7.179118
40636 28 30 17
-0.519060 -0.730590 -0.443637 5.613799
72940 28 31 31
-0.988508 -0.052819 0.141638 5.640272
72988 28 32 31
-0.948251 -0.241421 0.206242 4.883952
28445 29 16 12
-0.775601 0.260393 0.575012 2.778399
51581 29 18 22
-0.795850 0.502091 -0.338419 11.667628
28589 29 19 12
-0.993291 0.114931 -0.012763 5.241348
65453 29 19 28
-0.630978 0.772960 0.066337 10.927180
47069 29 20 20
-0.015302 -0.445633 0.895085 8.866331
51677 29 20 22
-0.563662 -0.778934 -0.274857 11.228804
65501 29 20 28
-0.245509 0.908673 0.337696 14.483915
67805 29 20 29
-0.616955 0.548108 -0.564751 13.265537
24077 29 21 10
-0.816732 -0.017205 0.576761 3.126508
51725 29 21 22
-0.521306 -0.848663 0.089510 7.518830
65549 29 21 28
0.388271 0.069171 0.918945 15.750608
70157 29 21 30
-0.378340 0.190919 -0.905764 11.097980
58685 29 22 25
0.140555 0.883397 0.447049 13.215411
65597 29 22 28
-0.158296 -0.984710 -0.072723 14.536460
26477 29 23 11
-0.963381 -0.268109 -0.003714 3.112741
56429 29 23 24
-0.158604 -0.477176 0.864377 10.308247
58733 29 23 25
0.387794 -0.859613 0.332688 12.993474
61037 29 23 26
0.597285 -0.672728 -0.436678 12.728592
70253 29 23 30
0.059889 0.216730 -0.974393 11.280561
72605 29 24 31
-0.003803 0.141746 -0.989896 7.631851
31181 29 25 13
-0.981579 0.174681 -0.077389 4.759511
72653 29 25 31
-0.349172 0.142645 -0.926138 8.442471
61181 29 26 26
-0.426259 -0.287391 0.857735 6.991612
63485 29 26 27
-0.512715 -0.296928 0.805579 10.491431
72701 29 26 31
-0.443425 -0.388146 -0.807909 8.001329
35885 29 27 15
-0.854375 0.416408 -0.310882 4.741257
63533 29 27 27
-0.500231 -0.714963 0.488464 8.154335
65837 29 27 28
-0.474614 -0.810243 0.343871 10.210851
68141 29 27 29
-0.325328 -0.938956 -0.111911 10.974295
70445 29 27 30
-0.200713 -0.711073 -0.673862 8.844747
33629 29 28 14
-0.935131 0.086460 0.343590 5.587622
38237 29 28 16
-0.901388 0.267663 -0.340377 4.894529
36029 29 30 15
-0.800349 -0.595690 0.067795 4.759209
36077 29 31 15
-0.613389 -0.765809 0.193107 2.544205
28398 30 15 12
-0.827868 -0.027071 0.560270 1.174263
33006 30 15 14
-0.671319 -0.176844 -0.719761 0.960276
46974 30 18 20
-0.794954 0.390286 0.464462 6.138145
51630 30 19 22
-0.907779 0.046374 -0.416878 8.741125
47070 30 20 20
-0.815092 -0.324100 0.480192 7.564611
51678 30 20 22
-0.813936 -0.452703 -0.364100 7.476935
58590 30 20 25
-0.382149 0.740130 0.553326 6.991262
60894 30 20 26
-0.395464 0.892551 0.216705 8.991445
65502 30 20 28
-0.811973 0.570842 -0.121817 11.047897
47118 30 21 20
-0.378880 -0.908282 0.177407 4.519798
58638 30 21 25
-0.454084 0.544050 0.705562 10.116838
60942 30 21 26
-0.631926 0.593391 0.498554 12.300280
67854 30 21 29
-0.800147 0.287503 -0.526409 11.426596
56382 30 22 24
-0.247937 0.457794 0.853787 9.551594
63294 30 22 27
-0.805772 -0.463947 0.368082 13.675673
65598 30 22 28
-0.772912 -0.458283 -0.438843 13.381102
70206 30 22 30
-0.651569 0.079152 -0.754448 8.685074
58734 30 23 25
-0.328593 -0.679955 0.655506 13.091515
58782 30 24 25
-0.159874 -0.866285 0.473277 8.618539
61086 30 24 26
-0.077686 -0.863086 0.499046 11.482790
63390 30 24 27
0.710335 -0.692693 -0.124902 12.534569
70302 30 24 30
-0.666814 -0.122203 -0.735137 10.872219
63438 30 25 27
-0.359815 -0.658463 0.661029 10.957794
65742 30 25 28
-0.871112 -0.242130 -0.427242 11.810180
65790 30 26 28
-0.688341 -0.599631 0.408202 10.686032
68094 30 26 29
-0.933162 -0.180613 -0.310785 11.056805
70398 30 26 30
-0.730729 -0.106989 -0.674232 8.673148
68142 30 27 29
-0.658799 -0.751645 0.031851 8.672917
70446 30 27 30
-0.542844 -0.572350 -0.614603 6.835717
65551 31 21 28
-0.925585 0.357422 -0.124664 7.767299
56383 31 22 24
-0.550498 0.518973 0.653926 7.443202
56431 31 23 24
-0.451806 -0.429321 0.782020 7.863984
58735 31 23 25
-0.660447 -0.491505 0.567656 11.375360
63343 31 23 27
-0.982720 -0.172240 -0.067788 13.071183
65647 31 23 28
-0.810777 0.109832 -0.574958 12.063829
61087 31 24 26
-0.563944 -0.766360 0.307669 9.176470
65695 31 24 28
-0.821785 -0.534119 -0.198461 10.567574
67999 31 24 29
-0.888433 -0.324331 -0.324803 9.049016
63439 31 25 27
-0.813862 -0.489797 0.312616 7.172583
65743 31 25 28
-0.948407 -0.312363 -0.054341 8.058787
58736 32 23 25
-0.911119 -0.216357 0.350787 7.087785
61040 32 23 26
-0.977032 -0.193977 0.088209 8.363807
63344 32 23 27
-0.989597 -0.114623 -0.086942 8.400549
