(8.24317, 8.43617, 14.5493, 17.6474, 20.0823, 12.9562, 3.07102, 1.84008, 2.29079, 2.8492, 8.03448, 7.52486, 7.38006, 7.63372, 9.90235, 11.0066, 10.5953, 11.0873, 10.6929, 9.23352, 7.60281, 7.34053, 4.93656, 3.57295, 2.58933, 2.99508, 1.87183, 0.589671, 3.55766, 9.10744, 15.5071, 24.5557, 30.7167)
(8.39137, 8.80423, 14.7801, 17.38, 16.886, 12.9712, 3.87118, 2.58752, 2.78306, 3.21564, 8.32988, 7.78121, 8.37998, 8.96419, 9.22379, 9.64499, 9.37794, 9.03521, 10.356, 9.68297, 8.59093, 8.9628, 3.89717, 3.09316, 2.63966, 3.20172, 2.68765, 0.680979, 3.62968, 9.28998, 15.5489, 24.4457, 30.8854)
(9.45237, 9.44747, 9.97461, 16.3013, 16.2246, 12.3029, 5.41914, 3.47344, 2.94904, 4.29311, 10.162, 9.46117, 9.48804, 8.79463, 8.9499, 10.2798, 7.19029, 9.69411, 10.1979, 9.23551, 9.48937, 7.21926, 10.3136, 5.33288, 4.20805, 2.90739, 1.26914, 0.882956, 2.71528, 7.64733, 13.09, 22.1993, 29.4342)
(9.6248, 9.1708, 10.8409, 15.5836, 15.496, 12.2954, 6.18337, 3.19513, 3.29289, 4.84632, 9.47091, 9.79731, 9.70184, 8.3458, 9.12704, 10.0256, 8.11152, 9.31043, 9.99881, 8.62511, 8.8741, 8.08242, 9.43213, 5.51352, 4.44338, 3.30477, 1.07475, 0.773132, 2.6065, 7.22737, 12.5319, 21.8512, 31.2414)
(7.67491, 9.93112, 15.6841, 18.4783, 18.2531, 12.5175, 4.47936, 2.16765, 1.96349, 2.13236, 6.7181, 7.81039, 8.38819, 8.46771, 10.8098, 10.9334, 9.78631, 9.41782, 9.02117, 8.41132, 8.673, 8.28095, 2.50025, 1.94003, 2.56275, 2.91208, 2.7414, 0.554196, 3.49797, 9.77255, 16.3246, 24.3955, 32.7987)
(7.30262, 9.80921, 14.1699, 19.3678, 18.4788, 14.777, 5.30634, 2.13544, 1.29681, 1.69573, 5.66035, 7.00194, 6.68354, 8.94079, 10.6143, 11.3375, 11.2364, 10.1534, 9.39079, 10.027, 7.35969, 7.25463, 2.5926, 1.32685, 2.59432, 3.83661, 2.49272, 0.615833, 3.04691, 9.44926, 16.209, 25.8016, 32.0343)
(9.12894, 10.2035, 12.7929, 14.8444, 16.5512, 13.0116, 5.41878, 2.81671, 3.06111, 3.59119, 8.57973, 9.81802, 9.61331, 8.09177, 8.64968, 9.60159, 8.80575, 7.95149, 8.78689, 9.68767, 8.9767, 10.0171, 4.24359, 3.82701, 4.22971, 3.78056, 2.68009, 0.73867, 3.67974, 8.55935, 15.3693, 22.5794, 30.3125)
(8.47657, 9.37076, 14.1718, 15.68, 15.4353, 12.8867, 6.0293, 3.64141, 2.69558, 3.41033, 8.20224, 9.72406, 8.8161, 8.81813, 9.38253, 9.41464, 9.27749, 8.4989, 8.66571, 9.7624, 8.48192, 9.15812, 3.80284, 3.11138, 4.58219, 3.80189, 2.44479, 0.713644, 3.41893, 8.21902, 14.6051, 22.7712, 32.529)
(9.22175, 10.2235, 12.4842, 13.6556, 15.2557, 13.6285, 6.19067, 3.43203, 3.14296, 3.66718, 9.0979, 10.3235, 9.08571, 8.42068, 8.63667, 9.26707, 8.57559, 8.05006, 8.65822, 9.88028, 8.89319, 10.209, 4.53, 3.58704, 4.81569, 4.19348, 2.92014, 0.896482, 3.52625, 8.41571, 14.5095, 21.9091, 30.6967)
(10.6339, 10.0401, 12.084, 12.207, 13.661, 13.1313, 6.73166, 4.43834, 3.26898, 3.62636, 10.1773, 11.0259, 9.33689, 8.21777, 8.74063, 8.51992, 8.03044, 7.89458, 9.42941, 9.03109, 9.33971, 10.4337, 4.60474, 4.66483, 5.79427, 5.73702, 3.63333, 1.12809, 3.82553, 8.6749, 13.5399, 19.9879, 28.4094)
(7.62983, 9.9182, 13.3121, 16.9494, 16.7337, 15.072, 6.71657, 3.10718, 1.58288, 2.28153, 6.69663, 8.26263, 7.17494, 8.61694, 9.71461, 10.3272, 10.9141, 8.89424, 9.32495, 9.75828, 8.22877, 8.78333, 2.62489, 2.05818, 4.29316, 4.55904, 2.94998, 0.764275, 3.6509, 8.9715, 15.9379, 23.6537, 30.5365)
(7.64992, 7.4939, 13.844, 15.6076, 16.2169, 12.3464, 4.83733, 3.36917, 3.35156, 5.43893, 9.84427, 10.0126, 8.94775, 9.22822, 9.5431, 9.09576, 8.65699, 8.94434, 9.18236, 8.91158, 8.90902, 8.56828, 4.9751, 3.8233, 3.27863, 2.33145, 1.30315, 0.602405, 3.58962, 8.0321, 14.4027, 21.9887, 35.6728)
(11.5481, 9.78821, 11.0246, 10.8848, 12.4191, 13.1331, 7.35672, 5.00577, 3.69292, 3.95774, 11.189, 11.9778, 9.79992, 8.25357, 8.37526, 8.02276, 7.62403, 7.33409, 9.17383, 8.92745, 9.42484, 11.0865, 5.4947, 5.33921, 6.65883, 6.12272, 3.79987, 1.25633, 3.61809, 8.7668, 12.5332, 18.6152, 27.7951)
(7.431, 8.08896, 13.2389, 15.6592, 16.4623, 11.7905, 5.90267, 5.70434, 3.59544, 4.44768, 7.67909, 10.2651, 9.2078, 8.43069, 8.87004, 9.11961, 8.35497, 9.25659, 9.04705, 10.2931, 9.3085, 7.84658, 5.60791, 6.01227, 5.91848, 3.7258, 2.78227, 0.597585, 3.46641, 9.22941, 14.1375, 19.9485, 28.5738)
(8.20934, 8.23831, 11.5619, 16.7337, 17.7617, 13.8021, 4.73024, 4.09624, 3.22105, 3.25109, 8.39429, 8.73438, 9.01207, 8.33383, 8.86503, 10.5721, 10.8521, 8.80553, 9.27589, 7.73799, 9.37357, 8.43753, 5.02328, 4.35187, 3.9384, 3.21321, 2.20588, 0.848419, 3.6824, 10.4112, 15.3975, 22.8185, 28.1093)
(10.96, 9.82307, 10.5365, 10.8162, 12.4814, 13.3144, 7.74987, 5.15177, 3.84146, 4.77315, 10.5522, 12.299, 9.54443, 8.3583, 8.33868, 7.60853, 8.02638, 7.16639, 8.41451, 9.11153, 9.61691, 11.5153, 7.37345, 6.43409, 7.24985, 5.61061, 3.43203, 1.03368, 3.24333, 7.58443, 12.6465, 19.1234, 26.2686)
(8.37006, 8.12337, 12.467, 15.7637, 16.239, 14.7223, 5.20916, 3.9311, 3.13292, 3.47135, 8.57007, 9.41221, 8.82618, 8.47654, 9.05235, 9.54497, 10.3118, 8.86276, 9.41008, 8.00344, 9.1882, 8.91148, 4.38011, 4.42447, 4.12592, 3.43122, 2.36541, 0.904864, 3.90639, 9.5353, 14.9665, 22.8685, 29.0912)
(7.90736, 8.72298, 15.7686, 15.699, 18.4129, 11.4919, 3.40919, 2.30157, 2.52042, 4.77253, 8.99357, 8.51059, 7.9745, 8.30715, 9.50272, 8.31602, 10.2199, 9.66245, 10.2199, 9.31244, 9.77409, 8.20022, 3.72126, 3.32249, 2.85, 2.18023, 1.49379, 0.515895, 3.33727, 8.19383, 15.169, 24.1179, 35.0983)
(6.82915, 7.43342, 13.4212, 17.0632, 17.0125, 12.1709, 5.18616, 3.90496, 3.75365, 4.24285, 8.98201, 9.96587, 7.84199, 9.42367, 9.06836, 8.64846, 8.80831, 9.58321, 9.80141, 9.55184, 8.8315, 8.47537, 5.74167, 4.85045, 4.04507, 2.79016, 1.7105, 0.67936, 3.6519, 7.80243, 14.3104, 21.3462, 33.0718)
(6.20021, 9.00388, 14.4788, 14.6832, 20.4821, 18.274, 4.79814, 2.26028, 1.06706, 2.12351, 6.62876, 7.51082, 7.73011, 8.30251, 8.64905, 9.44347, 10.2788, 10.7686, 9.92849, 9.18475, 8.3481, 9.8553, 2.51633, 2.36321, 2.8507, 3.40151, 2.62696, 0.540479, 4.55676, 10.3265, 17.172, 24.7138, 28.9317)
(7.65547, 8.16495, 16.9391, 15.3837, 19.0569, 11.4019, 3.08986, 2.17126, 2.77615, 5.35108, 8.00968, 8.13162, 7.8783, 8.82036, 8.8179, 9.23212, 10.2695, 10.5978, 9.6387, 8.66503, 10.2785, 7.67018, 3.22892, 3.36908, 3.01414, 2.21674, 1.71361, 0.41287, 3.88402, 8.61273, 15.5275, 24.3077, 33.7127)
(7.36356, 8.95792, 11.7747, 13.4157, 18.7137, 17.5426, 4.65194, 2.99898, 2.12751, 3.38967, 9.0637, 8.97085, 9.11342, 8.80993, 9.03719, 8.87465, 9.40475, 9.24449, 8.66478, 9.54031, 8.6778, 9.66182, 4.13532, 3.68909, 3.88904, 3.23295, 2.24554, 0.683987, 4.27778, 10.2604, 16.4941, 23.0001, 28.0917)
(10.8604, 9.2704, 10.4075, 11.2808, 12.3366, 13.3033, 7.2547, 4.31568, 3.56187, 4.87058, 12.5382, 12.0692, 9.91012, 8.54124, 7.69964, 7.7651, 7.7784, 7.20368, 8.59871, 9.00931, 9.71977, 11.7048, 7.1814, 6.31771, 6.45743, 4.72746, 2.49861, 0.950784, 3.3495, 7.73966, 12.9605, 20.4679, 27.349)
(7.18907, 7.72089, 12.2509, 16.2266, 19.6326, 16.1881, 6.15137, 1.91715, 1.53708, 2.88384, 8.30239, 9.00705, 7.01364, 7.51477, 8.99974, 10.4584, 11.3022, 11.3308, 8.27633, 9.76381, 9.13349, 7.19984, 2.1196, 2.78058, 4.44344, 4.7842, 2.05208, 0.660465, 3.75987, 8.93653, 16.8934, 25.4191, 28.1507)
(9.41828, 9.41876, 10.924, 12.1914, 12.9945, 11.8163, 6.34856, 5.09154, 4.77173, 6.57419, 10.4508, 11.8539, 9.35712, 8.93219, 8.116, 7.25825, 7.46983, 8.24064, 8.22122, 8.69306, 10.03, 11.8278, 8.95489, 7.79523, 6.133, 4.32957, 2.46684, 0.737343, 3.50753, 7.89734, 12.6304, 18.8815, 26.6664)
(7.98595, 8.11224, 11.7394, 14.7541, 16.7088, 15.3631, 5.55577, 2.53846, 3.1004, 4.21527, 9.9264, 10.9525, 9.46918, 8.50324, 7.90134, 8.68603, 9.07921, 8.5466, 9.01309, 9.08442, 9.0616, 9.70285, 4.78282, 3.86738, 4.37717, 3.59191, 1.95736, 0.690109, 3.67697, 9.11255, 15.7534, 22.9869, 29.2035)
(9.97475, 9.80833, 11.0235, 12.7211, 13.1878, 12.6802, 8.05186, 3.85628, 3.12125, 4.2718, 11.3032, 11.0525, 9.38424, 7.82011, 7.19921, 8.4415, 8.86556, 8.63229, 7.98308, 9.25955, 10.0068, 11.3552, 5.30895, 5.08358, 6.62235, 5.12676, 2.70329, 0.713082, 3.44662, 8.32498, 13.8716, 19.9031, 28.8957)
(10.0051, 9.00893, 9.65971, 10.0033, 12.8478, 13.2573, 6.49332, 5.73515, 4.79209, 6.27832, 11.9189, 13.0524, 10.2032, 8.38566, 8.41656, 8.02289, 6.99087, 8.07218, 8.01681, 8.63188, 9.349, 10.8585, 10.3307, 8.27811, 7.35158, 5.39296, 3.38629, 1.00831, 3.94789, 8.63574, 12.8417, 17.1806, 21.6461)
(7.52842, 8.18577, 11.2476, 12.931, 19.543, 15.6835, 4.6977, 3.76425, 3.01834, 4.14888, 9.2516, 11.5587, 8.95251, 8.41276, 9.03633, 9.45686, 9.37633, 9.32974, 8.5524, 8.18109, 8.52662, 8.61665, 4.8489, 4.46835, 3.7842, 3.65123, 2.39156, 0.696465, 4.69361, 11.0797, 16.7388, 22.0013, 25.6458)
(9.34537, 9.66414, 13.0271, 13.0041, 16.9623, 14.1137, 5.06964, 3.29957, 2.86583, 3.38734, 9.26094, 9.98187, 8.88619, 9.86703, 8.49608, 8.11129, 9.00667, 9.24499, 8.68966, 8.99025, 9.23389, 9.49209, 4.12979, 3.3875, 3.74203, 3.58446, 2.59953, 0.788021, 3.73981, 9.91072, 15.4229, 22.2906, 30.4047)
(9.34512, 8.84684, 11.3834, 13.3845, 14.7405, 13.423, 7.57647, 2.70723, 2.1879, 4.46237, 11.9427, 10.4721, 8.84847, 8.45787, 7.35189, 9.28663, 9.52473, 9.53039, 8.25775, 9.00844, 9.01186, 10.2499, 5.04737, 3.97608, 5.48186, 5.40381, 2.57502, 0.688357, 3.73388, 8.57902, 14.2791, 20.6329, 29.6027)
(7.02488, 7.76802, 12.1682, 17.2801, 19.9869, 15.9926, 4.17486, 1.66753, 2.2247, 3.46012, 8.25216, 9.74697, 9.2087, 7.89801, 8.16685, 10.4438, 10.8633, 10.1648, 8.74901, 8.73779, 8.02718, 7.99354, 4.02687, 3.03657, 3.35495, 3.08894, 1.72209, 0.627571, 3.72639, 9.6629, 16.9051, 24.4114, 29.4373)
(8.47136, 8.5187, 9.16399, 13.1165, 15.0749, 13.4656, 8.35851, 5.37634, 3.93381, 5.18247, 9.33779, 12.116, 9.29057, 9.46543, 8.42792, 7.58611, 7.51495, 8.189, 8.68816, 8.75364, 8.81151, 11.1568, 7.31925, 6.6245, 6.57663, 5.40093, 3.29861, 0.72576, 4.36445, 8.57186, 12.678, 18.661, 25.779)
(10.8673, 8.61758, 10.928, 10.6452, 12.0066, 12.0728, 6.92332, 5.22646, 4.08515, 5.85683, 12.7709, 11.894, 8.98738, 8.10963, 8.80797, 9.08499, 8.18152, 8.08761, 8.4507, 8.62867, 8.85383, 10.9137, 7.39346, 7.30351, 7.4174, 5.93357, 3.76379, 0.878233, 3.87323, 8.48366, 12.6781, 17.7614, 24.5136)
(10.245, 9.28505, 9.36843, 11.0833, 12.2717, 12.3437, 7.55937, 5.71781, 4.89485, 6.72647, 10.5043, 12.5788, 9.7228, 9.06311, 8.22911, 6.82508, 7.20047, 7.50077, 7.68091, 7.95944, 10.558, 12.6815, 9.55536, 7.63513, 7.23044, 5.10213, 3.41025, 0.751898, 4.45234, 8.15786, 12.5476, 17.8695, 23.2874)
(12.0184, 8.24184, 7.95975, 8.65494, 11.431, 11.1331, 7.61073, 6.20786, 6.22026, 7.10857, 13.4136, 13.735, 9.97907, 8.6397, 6.59001, 6.8109, 7.00543, 6.84174, 8.38423, 8.7701, 11.2566, 11.9872, 12.4431, 10.5712, 8.55516, 6.18777, 3.06739, 0.872397, 3.97198, 7.9774, 14.2845, 15.5584, 16.5107)
(9.86208, 8.58212, 9.00529, 10.7384, 13.2626, 13.716, 7.63608, 5.92714, 4.86747, 5.87281, 10.53, 12.2715, 9.40081, 9.07106, 7.99278, 7.1363, 7.65573, 7.74098, 7.83391, 7.89432, 10.0549, 12.9477, 8.68972, 6.96459, 7.14103, 5.29888, 3.97498, 0.887975, 4.70263, 8.80702, 12.9094, 17.1304, 23.4933)
(8.96082, 9.31657, 10.2243, 12.1775, 12.3155, 13.0555, 8.69159, 5.9053, 4.02796, 5.77827, 9.54666, 11.9197, 10.8005, 9.14483, 8.58705, 8.09466, 7.16675, 7.15399, 7.09465, 8.47228, 9.6666, 11.899, 8.48707, 8.11124, 7.40179, 4.85442, 2.58312, 0.549742, 4.15675, 7.99329, 12.6453, 18.4923, 24.725)
(8.99621, 8.21614, 10.2254, 11.5324, 14.5861, 13.737, 6.66931, 4.12378, 3.33269, 5.92121, 12.6598, 11.2825, 9.58229, 8.84553, 8.9171, 7.88547, 7.28908, 8.01984, 7.82689, 8.86261, 9.22418, 12.2645, 4.17834, 4.64001, 5.106, 4.85654, 2.61076, 0.72633, 3.84599, 8.86514, 13.9611, 21.993, 29.2167)
(9.9227, 9.79558, 9.68372, 11.5421, 14.9234, 14.0433, 7.25213, 5.02012, 3.67539, 4.10599, 10.0356, 13.1224, 10.042, 9.17012, 8.33627, 7.20183, 7.3799, 7.76372, 7.73802, 8.42078, 10.464, 10.361, 8.4666, 6.08498, 6.1028, 5.21116, 3.16197, 0.908656, 3.83198, 9.50244, 13.9248, 17.9302, 24.8744)
(6.66186, 9.24534, 14.1659, 15.4715, 22.4892, 14.8965, 3.69774, 2.81068, 2.40734, 2.55846, 5.5956, 8.5414, 8.28057, 8.6311, 8.1237, 10.3673, 9.87608, 11.7316, 9.47323, 8.81954, 8.98894, 7.16661, 3.09228, 2.34839, 1.97889, 2.37562, 2.24717, 0.824993, 3.67726, 11.8901, 17.7242, 23.5165, 30.3246)
(8.29966, 8.68437, 14.3231, 15.9602, 19.7125, 14.3879, 3.93159, 1.88413, 2.04386, 3.16742, 7.60534, 8.373, 8.69993, 9.39701, 8.80823, 9.36379, 9.48722, 9.40443, 9.23989, 9.54296, 9.42785, 8.25569, 2.82064, 2.08671, 2.47741, 2.8879, 2.97757, 0.912521, 3.88176, 10.6725, 17.317, 23.9311, 30.0348)
(8.27698, 8.13236, 9.52957, 12.8548, 14.4685, 13.9691, 9.09733, 5.5823, 3.39393, 4.88191, 9.81318, 11.9805, 10.2154, 8.99125, 8.48122, 7.74635, 7.31721, 7.9798, 8.52434, 8.68725, 9.26646, 10.8102, 6.6271, 6.47807, 6.95509, 5.38175, 3.10549, 0.545855, 4.25435, 8.23147, 13.002, 18.46, 26.9588)
(9.71971, 8.39691, 9.30244, 10.6354, 12.4932, 12.9558, 8.44315, 5.87574, 4.65032, 6.4595, 11.0678, 12.4368, 10.3512, 9.44488, 8.27008, 7.19862, 7.14633, 7.05007, 7.36146, 8.29307, 10.202, 12.2455, 9.21737, 7.56427, 7.1109, 4.96554, 2.92399, 0.603204, 3.92285, 8.05126, 12.9609, 17.7599, 24.9198)
(4.20527, 4.78552, 11.9076, 21.9058, 25.5254, 15.4062, 4.95249, 2.52642, 2.72344, 2.3339, 3.728, 6.31477, 7.48746, 7.53632, 10.1914, 12.1542, 10.9863, 11.4099, 10.8182, 9.42726, 7.01138, 6.66281, 3.43516, 2.50691, 2.64776, 1.69371, 1.23358, 0.38173, 3.55114, 9.42664, 18.1591, 26.1324, 30.8319)
(5.19263, 5.97208, 11.3676, 20.3458, 23.4719, 15.881, 5.53558, 2.63132, 2.42627, 2.85565, 4.32019, 5.98949, 8.49088, 8.62436, 11.6665, 12.7589, 10.6065, 10.6226, 9.89792, 8.88729, 6.98493, 5.47062, 7.55574, 4.11792, 2.78146, 2.01126, 1.26774, 0.525396, 2.4908, 8.32902, 15.7267, 25.298, 29.896)
(8.70499, 9.58634, 11.5586, 14.4194, 18.6671, 16.3482, 5.70955, 2.31831, 2.0002, 2.87112, 7.81622, 10.2435, 9.26247, 9.17718, 8.12972, 9.5448, 8.07993, 8.6433, 8.76497, 9.68907, 9.11581, 9.34922, 4.30119, 3.46172, 3.86949, 3.81604, 2.77885, 0.967968, 4.10451, 10.0645, 17.1954, 21.0992, 28.341)
(9.22432, 9.01734, 10.1747, 11.7414, 14.2997, 14.0161, 6.99169, 3.4832, 3.06537, 5.66906, 12.3171, 12.1651, 9.58874, 8.82825, 8.44731, 8.0219, 7.32538, 7.56959, 8.30683, 8.85494, 8.98969, 11.9023, 3.89811, 5.0265, 5.39399, 5.03744, 2.6585, 1.03185, 4.32627, 9.03076, 13.8875, 20.5255, 29.1836)
(9.5289, 7.27771, 9.23061, 11.2686, 13.5563, 14.3587, 7.28385, 4.54879, 4.44213, 6.77012, 11.7343, 12.0037, 10.0617, 8.97196, 8.53556, 6.92919, 6.95588, 7.38631, 7.71154, 8.97427, 10.1261, 12.3439, 6.89744, 5.74024, 5.57888, 4.33057, 2.42396, 0.575265, 3.52919, 7.70038, 13.5023, 20.3521, 29.3696)
(8.11015, 6.7099, 10.218, 13.7503, 16.8691, 15.1692, 6.68225, 3.81676, 3.6375, 5.00666, 10.0302, 10.3255, 9.56209, 8.95079, 8.7394, 8.21795, 7.64481, 8.15679, 8.89051, 9.23185, 9.81491, 10.4653, 4.84254, 4.3934, 4.25736, 3.56081, 2.34109, 0.561053, 4.01032, 8.40753, 14.674, 22.1287, 30.8231)
(6.97514, 6.3508, 10.324, 14.5749, 18.6868, 15.9212, 6.59752, 3.38164, 3.33295, 5.36602, 8.48903, 9.51272, 9.58063, 9.08176, 9.47082, 9.00254, 7.87445, 8.69511, 8.18258, 9.15788, 9.19339, 10.2481, 6.76586, 4.72054, 4.13711, 3.54761, 1.6656, 0.554425, 3.4335, 8.67121, 14.2786, 22.1453, 30.0802)
(5.24191, 5.8595, 11.3492, 19.9619, 23.6155, 15.8723, 5.71576, 2.51377, 2.33761, 3.08129, 4.45136, 5.98992, 8.51446, 8.91655, 11.6693, 12.2669, 10.3587, 10.8094, 9.8091, 8.6929, 7.23144, 5.74141, 7.83082, 4.02971, 2.57736, 1.90749, 1.23682, 0.636271, 2.74047, 7.84942, 16.3187, 24.6037, 30.2693)
(9.40423, 6.7817, 8.41424, 12.1293, 16.8434, 17.517, 6.43913, 3.60852, 2.33962, 4.90224, 11.6206, 9.76503, 9.21266, 9.61039, 9.86925, 9.32885, 8.84851, 8.61859, 8.69499, 8.26209, 8.42262, 9.36702, 5.48589, 4.72496, 4.90088, 3.90515, 2.65985, 1.02814, 4.99979, 10.1337, 14.7184, 20.8647, 26.5786)
(9.5287, 8.8157, 9.66402, 10.6205, 12.0748, 14.3784, 7.80371, 4.15823, 3.86649, 6.41782, 12.6716, 13.1089, 9.66095, 8.48085, 8.11776, 7.22337, 7.08317, 7.66991, 7.89337, 8.82494, 9.15791, 12.7789, 5.82013, 6.04095, 6.73914, 6.01791, 3.61333, 1.02839, 3.98272, 8.5119, 12.3074, 18.9862, 26.952)
(9.20836, 6.94239, 8.83241, 12.2117, 16.3074, 16.5303, 6.9708, 3.7024, 2.53958, 5.03799, 11.7167, 10.6102, 9.1563, 9.47982, 9.20963, 8.80613, 8.55659, 8.52349, 8.0776, 8.49913, 8.82604, 10.2551, 5.4771, 4.59061, 4.85327, 4.17231, 2.67512, 1.10672, 4.59974, 9.5225, 14.7797, 20.6312, 27.5918)
(9.87491, 7.17077, 8.44328, 11.5497, 15.0959, 16.2306, 7.051, 4.03908, 3.04062, 5.38813, 12.116, 10.4328, 9.14321, 9.64728, 8.88768, 9.59548, 8.64757, 8.30216, 8.25316, 8.32561, 8.78044, 9.98465, 6.53795, 5.19892, 5.41012, 4.66426, 2.84922, 0.939144, 4.49434, 9.22359, 13.8283, 19.8914, 26.9628)
(8.26373, 8.77337, 10.0165, 12.2414, 15.642, 13.717, 6.93331, 3.9897, 2.88903, 5.37694, 12.1571, 11.4966, 9.68096, 8.30135, 9.00308, 8.33415, 7.35768, 8.00216, 9.03057, 9.03449, 8.46414, 11.2948, 4.80969, 5.52433, 5.53653, 4.86311, 2.49458, 0.893455, 3.61909, 8.67333, 14.2575, 19.8046, 29.5238)
(6.92658, 6.57721, 11.8433, 15.0373, 16.4381, 15.1047, 6.75895, 4.29789, 3.62473, 4.56931, 8.82191, 9.16223, 8.68134, 8.61814, 9.31501, 8.76789, 8.37255, 8.25883, 8.76798, 9.58408, 10.4247, 10.0473, 4.33713, 5.37838, 4.69539, 4.23586, 2.1573, 0.724467, 3.8494, 8.54921, 14.2743, 21.9082, 29.8903)
(9.27498, 8.45037, 8.84228, 10.3192, 12.1389, 14.2445, 8.39943, 4.99288, 5.09625, 6.69003, 11.5512, 13.5311, 10.2868, 8.27055, 7.72828, 7.04087, 6.78656, 6.97471, 8.18413, 8.34044, 9.64462, 13.2119, 7.3902, 6.8067, 7.3214, 5.80846, 3.17111, 0.863498, 3.73749, 9.31682, 13.0269, 17.9008, 24.6565)
(7.75698, 7.80431, 9.336, 12.3943, 16.1437, 14.546, 6.91662, 3.76431, 4.27125, 6.22638, 10.8402, 12.1588, 10.5711, 8.22712, 8.36512, 7.37099, 6.85353, 7.4638, 8.19883, 9.39025, 9.28089, 12.1195, 6.34565, 5.67555, 5.15365, 4.3289, 2.23331, 0.543966, 3.75038, 9.66135, 13.7857, 20.4089, 28.1126)
(6.9054, 6.52384, 10.7101, 14.2945, 17.7327, 15.1968, 6.53996, 3.80837, 4.54721, 5.45756, 8.28357, 10.2075, 9.85752, 8.92751, 9.09934, 8.4, 8.0946, 8.08584, 8.44975, 9.23041, 9.30296, 10.3446, 5.29724, 4.41453, 3.92313, 3.20565, 1.75062, 0.547039, 3.12236, 7.69964, 13.7716, 21.8602, 34.4081)
(5.68659, 6.08558, 12.0716, 17.4581, 20.8685, 16.0313, 5.71593, 3.08136, 3.46363, 3.68769, 5.84964, 8.1764, 8.63352, 8.5714, 9.58309, 9.97233, 9.26504, 9.64513, 9.18465, 9.57107, 8.86681, 8.53056, 4.13965, 3.08545, 2.83242, 2.19241, 1.46649, 0.590894, 3.75954, 8.31916, 16.2882, 23.3684, 33.9574)
(6.22356, 7.05386, 9.50756, 15.5667, 21.0535, 16.4219, 5.88033, 2.75929, 3.11183, 4.59506, 7.82646, 10.4527, 10.4214, 8.46182, 9.69851, 8.89717, 7.82395, 7.98296, 8.52539, 9.31614, 8.74388, 9.67608, 5.18742, 3.82552, 3.79909, 3.53974, 1.85249, 0.591541, 4.06452, 11.0118, 15.405, 22.9978, 27.7251)
(8.0243, 6.91673, 9.83703, 11.1324, 13.5173, 15.4742, 8.63474, 6.26615, 4.87117, 5.57573, 9.75028, 12.3989, 9.80632, 8.29372, 8.28709, 7.51156, 7.11063, 7.06368, 8.18618, 9.29532, 10.4061, 11.6405, 9.3267, 8.41039, 7.2578, 5.74499, 2.78248, 0.885974, 3.88616, 8.67362, 12.2188, 18.024, 22.789)
(6.78051, 7.13314, 11.0503, 16.1243, 18.6732, 15.3406, 6.88051, 4.06481, 2.70374, 4.44735, 6.80154, 12.9389, 9.77404, 7.97963, 7.06192, 7.80633, 10.2914, 8.55655, 7.50865, 8.77592, 8.99953, 10.3071, 4.34425, 5.74487, 7.07373, 5.17159, 1.62043, 0.554661, 3.05229, 7.84094, 14.0506, 20.0275, 30.5191)
(8.59563, 7.80142, 9.25545, 10.4093, 13.098, 14.8738, 8.31645, 5.59236, 5.10233, 6.05413, 10.9012, 12.9993, 10.3184, 8.35984, 7.65627, 7.18906, 6.63076, 6.81244, 8.32911, 8.93772, 9.89383, 12.8733, 8.45933, 7.6807, 6.80449, 5.55231, 3.03122, 0.78567, 3.96657, 8.85956, 12.9945, 17.7335, 24.1321)
(5.07816, 5.70872, 11.3927, 18.3989, 22.2745, 16.1211, 5.98491, 2.86691, 2.79277, 3.82076, 5.56053, 8.38676, 9.22128, 9.07896, 9.97029, 10.0825, 9.50663, 9.71042, 8.68542, 9.05613, 8.47574, 7.82585, 4.39269, 3.34679, 2.9058, 2.44538, 1.56985, 0.502226, 3.28015, 8.51117, 16.389, 24.4034, 32.2536)
(8.05157, 7.20481, 11.7727, 15.7165, 16.0909, 15.3419, 5.76644, 3.86097, 2.8256, 4.7635, 8.6051, 9.26871, 9.37379, 10.6538, 9.14365, 10.2465, 8.14425, 8.54432, 7.28005, 8.8609, 9.51774, 8.96621, 3.58969, 3.87196, 3.90812, 3.39742, 2.21376, 0.562417, 3.47048, 7.63105, 14.7222, 22.9741, 33.6588)
(8.00221, 7.57792, 9.31889, 11.8742, 15.0854, 15.3092, 7.67218, 4.5274, 4.65031, 5.83153, 10.1508, 11.6903, 10.4731, 8.72129, 8.12325, 8.04982, 7.23299, 8.01009, 8.71337, 7.64028, 8.93296, 12.4126, 5.8392, 5.93125, 6.23285, 4.89323, 2.95, 0.879389, 4.02147, 10.1805, 15.575, 18.7931, 24.704)
(4.48286, 5.76924, 13.2579, 17.2717, 20.1992, 17.2227, 5.6525, 3.21358, 3.62312, 3.95561, 5.35156, 8.20237, 8.95038, 8.83609, 9.23627, 10.1289, 9.55556, 8.86429, 8.96244, 9.21193, 9.66168, 8.39007, 3.56706, 3.88488, 3.94677, 3.40687, 1.86996, 0.620251, 3.81877, 9.11038, 15.3353, 23.7762, 30.6635)
(3.33808, 4.72956, 13.956, 20.6158, 27.6082, 16.9128, 3.69108, 1.94185, 2.53551, 2.00427, 2.66673, 5.81292, 7.01325, 7.93114, 9.85609, 12.9381, 12.0223, 11.6625, 9.95692, 9.35554, 7.58376, 5.86744, 2.22531, 1.92908, 1.95072, 1.51858, 1.37825, 0.372973, 4.41616, 10.48, 19.3097, 25.2848, 31.1345)
(4.64708, 5.67319, 11.0597, 20.0689, 24.1224, 16.1899, 5.97527, 2.03114, 2.08027, 3.08667, 5.06546, 8.10844, 9.58278, 9.31705, 10.0435, 10.7259, 10.5106, 9.84357, 8.52041, 8.9849, 7.5968, 6.76604, 3.82416, 3.15701, 2.89311, 2.76333, 1.76665, 0.568029, 4.15495, 10.2981, 17.4887, 25.1038, 27.9821)
(2.84197, 4.49445, 11.7066, 22.5356, 28.298, 16.3679, 5.3896, 1.51536, 1.93886, 2.07783, 2.83386, 6.05897, 7.72072, 8.42297, 11.7388, 12.2075, 11.6757, 12.3209, 8.74562, 8.45036, 7.29163, 5.36679, 4.02517, 2.26907, 2.19111, 1.54379, 1.49565, 0.395108, 3.61676, 10.5001, 20.187, 25.4383, 28.3379)
(7.36855, 7.22129, 9.15388, 12.6219, 17.3551, 17.8082, 7.72358, 3.03071, 3.50283, 4.37282, 9.84107, 10.9707, 10.2702, 9.20733, 8.07356, 8.70945, 8.10169, 7.42864, 9.16072, 8.10883, 8.77111, 11.1978, 4.12389, 4.80062, 5.57009, 4.36108, 3.09135, 0.897022, 4.73124, 11.4212, 16.1367, 20.6241, 24.2427)
(4.21176, 5.6461, 11.7389, 18.935, 22.5043, 17.5224, 6.78882, 2.34667, 2.78508, 3.19357, 4.32731, 8.63974, 9.32165, 8.51645, 8.99403, 10.4416, 10.4108, 9.54749, 8.71299, 9.15685, 8.67097, 7.58748, 3.92581, 3.44006, 3.21611, 3.24627, 2.16787, 0.585242, 3.828, 9.45929, 16.8986, 23.9303, 29.3025)
(6.67289, 8.18868, 13.0353, 15.9926, 17.0828, 15.376, 5.1154, 3.22278, 2.84274, 4.24522, 8.22554, 9.37731, 8.38267, 8.9115, 9.32025, 9.62319, 8.41633, 9.21949, 9.11138, 9.79816, 9.40374, 8.436, 4.87221, 3.85794, 3.67694, 3.21348, 2.63641, 0.670185, 4.26096, 8.75033, 14.959, 21.8852, 31.2173)
(6.23271, 6.86319, 10.1558, 12.7243, 18.349, 18.5037, 8.6781, 3.26215, 3.30137, 4.05566, 7.87394, 11.2206, 10.9371, 8.22664, 8.08186, 8.18123, 8.36687, 7.75077, 8.84606, 8.49277, 9.02353, 10.8726, 5.00139, 5.85562, 6.03082, 4.73211, 3.33731, 0.788205, 4.64907, 10.5295, 15.1356, 19.7243, 24.2161)
(5.09226, 7.71911, 17.0311, 21.4068, 18.5444, 14.7621, 3.68306, 1.9679, 1.91032, 3.04976, 4.83323, 7.01977, 7.73897, 9.4411, 9.16866, 12.7602, 10.2523, 9.8672, 10.4721, 8.74088, 8.66527, 5.87362, 1.92398, 2.34544, 1.69226, 1.84759, 2.05356, 0.46086, 3.33064, 6.8865, 15.7184, 25.2732, 38.4676)
(6.92294, 8.59723, 13.7805, 16.2682, 16.3974, 15.3163, 5.2474, 3.00017, 2.54541, 3.78607, 8.13838, 9.76154, 8.16927, 9.75112, 8.7259, 9.95954, 8.43516, 9.14002, 9.13597, 9.86657, 9.15091, 7.904, 3.26517, 3.39637, 3.14595, 2.7484, 2.78581, 0.502267, 3.94922, 7.22436, 15.0015, 23.1953, 34.7856)
(7.92556, 9.46032, 14.9356, 17.9871, 17.6328, 13.0314, 5.38274, 1.79679, 1.73256, 2.8746, 7.24062, 8.99949, 8.07697, 7.35356, 9.61001, 10.0682, 9.34715, 10.664, 9.61279, 9.82188, 7.822, 8.62396, 4.08557, 2.59645, 2.90302, 3.70531, 2.82979, 0.586671, 3.61304, 8.57717, 16.2888, 24.0181, 30.796)
(8.84576, 8.85505, 14.1897, 17.0508, 16.8364, 13.4141, 4.29411, 2.59409, 2.64676, 3.03149, 8.24171, 8.18974, 9.28316, 8.61479, 9.1283, 9.59016, 9.2661, 8.69459, 9.99121, 9.19263, 8.96256, 9.08676, 3.05592, 2.97129, 2.89774, 3.62324, 3.16414, 0.836885, 3.75065, 9.71322, 16.3138, 24.0903, 29.5828)
(9.32823, 8.30119, 10.8455, 14.2865, 13.8459, 12.227, 6.37573, 4.45375, 3.81008, 5.48921, 11.0369, 11.824, 10.0048, 7.92559, 9.15886, 8.90521, 7.09009, 8.38546, 9.94257, 8.41683, 10.2107, 8.13593, 8.15969, 5.65167, 4.29569, 3.65331, 1.49107, 0.598498, 3.34327, 6.64463, 13.2066, 22.1801, 30.7755)
(8.27322, 9.2011, 13.6546, 17.089, 16.7249, 14.6689, 4.76347, 2.83603, 2.66183, 2.81614, 7.31075, 8.46578, 9.25231, 8.6131, 9.21924, 10.3606, 10.2785, 9.41233, 10.715, 7.09576, 8.34482, 8.2425, 2.68622, 2.62618, 2.52011, 3.26306, 3.23412, 1.32171, 3.91308, 9.39977, 16.58, 23.9377, 30.5181)
(10.3351, 9.21277, 12.0883, 13.5245, 15.5269, 13.4094, 5.45241, 3.37161, 3.22498, 4.01735, 9.83675, 10.3709, 9.10075, 7.97536, 8.61095, 8.938, 8.21335, 8.02304, 8.99795, 9.81742, 9.17188, 10.7804, 5.39281, 4.70914, 4.71837, 4.20535, 2.97245, 0.923041, 3.91376, 8.98999, 14.9141, 20.6294, 28.6316)
(8.8796, 9.55406, 13.6643, 15.7923, 17.6954, 11.1592, 3.82138, 2.66421, 2.63353, 4.81176, 9.32421, 9.1111, 8.69201, 7.95509, 10.01, 7.96777, 8.59929, 9.56896, 10.8959, 9.72452, 9.51954, 7.95583, 5.13183, 4.07826, 3.26805, 2.74862, 1.11886, 0.768595, 2.80981, 7.85812, 14.0677, 23.5439, 34.6063)
(11.5708, 9.46779, 10.0662, 11.1536, 12.9305, 12.1962, 6.42023, 4.79142, 4.75268, 5.33392, 11.3166, 11.9141, 9.95999, 8.21991, 7.50326, 7.54135, 7.85563, 6.81282, 8.5012, 9.7063, 10.2618, 11.7237, 8.74655, 7.55983, 6.36226, 5.33509, 3.08634, 0.99174, 3.61867, 7.84878, 13.1903, 18.4433, 24.8172)
(11.5043, 9.62289, 10.4375, 11.3964, 13.1005, 11.445, 6.04857, 5.14692, 4.60875, 5.47541, 11.2138, 11.8003, 10.0372, 8.40404, 8.07411, 7.08641, 7.88431, 7.49245, 8.59402, 8.52495, 10.6058, 11.4965, 9.28733, 7.69008, 6.36982, 5.01373, 3.12776, 1.1274, 3.8945, 9.16725, 12.8141, 17.6203, 23.8877)
(6.97731, 7.8632, 11.4941, 17.6357, 18.4588, 16.8412, 6.01024, 2.52315, 2.03936, 2.87931, 7.27775, 9.13532, 8.98523, 8.39661, 8.8198, 9.30025, 9.69913, 9.73773, 10.2331, 8.39635, 9.57878, 7.71766, 2.81089, 3.06627, 3.64227, 3.81654, 2.40506, 0.886661, 3.50492, 10.2611, 17.0531, 23.9166, 28.6366)
(8.24708, 8.15822, 12.1715, 13.7852, 14.8291, 12.0075, 5.47742, 4.04226, 4.04221, 6.28863, 10.9508, 10.7581, 9.34842, 9.3282, 8.68545, 7.87746, 7.80954, 8.59564, 8.59454, 9.08841, 9.73657, 10.1777, 7.57123, 5.61206, 4.3543, 3.03648, 1.71941, 0.63537, 3.06566, 7.22593, 12.8489, 20.6062, 33.3245)
(9.31424, 9.46446, 11.3697, 12.3664, 16.2785, 13.7237, 4.97368, 3.84698, 3.51945, 5.01077, 10.1321, 10.4263, 9.78341, 8.70881, 9.38752, 8.58068, 8.48545, 7.983, 8.67454, 9.17393, 8.73297, 10.0633, 6.00228, 5.31641, 4.8302, 3.93861, 2.56595, 0.827342, 4.28525, 9.62202, 15.1154, 20.2046, 27.2919)
(10.7125, 9.81288, 10.4643, 10.7417, 12.8254, 13.0931, 6.82122, 4.92821, 4.39256, 5.3319, 10.8761, 12.5055, 10.3113, 8.80947, 8.22459, 7.44851, 7.49899, 7.2781, 8.16566, 9.17077, 9.59432, 10.9928, 8.22153, 7.13589, 6.38205, 5.13714, 2.94804, 0.905478, 3.49722, 7.62778, 12.8816, 18.9874, 26.2759)
(6.2387, 7.66291, 12.2271, 16.8506, 17.391, 12.3487, 5.54481, 4.55776, 4.13251, 3.8041, 9.24184, 9.87839, 7.72345, 9.59499, 9.41504, 8.78383, 8.96695, 9.88084, 9.81256, 9.70518, 8.11769, 8.12108, 6.73505, 5.98511, 5.08564, 3.11397, 1.82333, 0.736709, 3.46796, 7.56625, 14.1858, 20.5458, 30.7544)
(10.332, 9.42925, 10.2656, 10.5819, 13.6034, 14.2091, 6.88637, 4.88494, 4.04087, 5.16523, 10.6013, 12.3717, 10.3744, 8.88811, 8.60503, 7.23208, 7.96235, 7.66021, 7.65529, 8.9364, 9.3778, 10.9366, 8.24854, 6.58226, 6.23479, 4.80508, 2.73786, 0.843997, 3.78369, 7.78112, 13.3639, 19.257, 26.3617)
(12.5009, 9.36398, 8.79752, 9.43194, 10.2542, 11.3767, 8.99993, 6.00012, 5.66324, 5.82022, 11.7913, 13.6455, 9.89357, 8.70162, 7.92593, 6.51463, 7.47618, 6.74896, 7.80548, 9.00956, 9.94252, 12.336, 12.9896, 9.84109, 8.32149, 5.64519, 3.04539, 0.873316, 2.59326, 7.18907, 10.6047, 16.627, 22.2699)
(6.95768, 9.50174, 16.9504, 13.7076, 18.8756, 17.0257, 4.52515, 2.33881, 1.58272, 2.07325, 6.46128, 7.32124, 8.11435, 8.86009, 8.75187, 10.0476, 10.4936, 11.2632, 9.13553, 9.00516, 8.55444, 8.45292, 2.4353, 2.01943, 2.91378, 3.45812, 2.54285, 0.735548, 4.56243, 10.3442, 16.3904, 23.7753, 30.8226)
(11.2317, 9.67619, 10.3566, 10.5806, 12.8966, 13.0175, 7.44438, 4.94447, 4.08443, 5.05057, 10.7169, 12.0313, 9.71066, 9.30676, 8.19751, 7.16099, 8.17061, 7.74373, 7.78462, 9.05436, 9.65228, 11.1871, 8.56214, 6.64004, 6.50463, 4.75246, 2.95041, 0.842971, 3.1938, 8.28625, 12.685, 18.9504, 26.6319)
(6.97935, 8.46902, 12.1239, 17.6718, 19.3701, 13.9317, 7.23656, 2.01202, 1.40394, 2.83668, 7.96491, 8.83963, 6.36324, 7.72455, 8.40665, 11.1762, 12.5369, 12.5459, 6.92659, 9.763, 8.27878, 7.43852, 2.22337, 3.02682, 4.33079, 4.95786, 1.80249, 0.769812, 3.4057, 10.1683, 16.9408, 24.0932, 28.2808)
(8.0036, 8.26262, 10.9554, 11.9586, 17.4035, 14.2606, 5.24538, 4.84029, 3.34426, 5.1747, 10.551, 10.4404, 9.15456, 8.03613, 10.3386, 9.33662, 8.86342, 9.23887, 9.03149, 7.97934, 8.2029, 9.37769, 5.94449, 6.15531, 5.36491, 4.42823, 2.7845, 0.771798, 4.87843, 10.4121, 14.3439, 19.7894, 25.1269)
(9.06952, 9.96212, 13.4117, 14.7934, 17.6999, 15.6103, 5.35336, 1.88906, 1.57028, 2.94278, 7.69758, 7.32331, 7.75633, 9.34305, 9.69782, 9.51499, 12.4803, 11.344, 7.73112, 8.25511, 7.34638, 9.20758, 1.77895, 1.84499, 4.12807, 3.82808, 2.91974, 0.724864, 3.91876, 10.0871, 15.3559, 24.1823, 31.2313)
(10.0586, 8.52507, 10.4861, 10.6873, 12.5274, 12.9189, 6.23213, 6.01785, 4.16099, 6.39673, 11.9889, 10.3409, 9.37014, 8.04084, 9.50398, 9.6328, 8.05408, 8.56989, 8.47308, 8.66743, 8.16782, 11.1791, 6.49315, 7.8835, 6.72633, 5.63164, 3.36889, 0.79584, 3.91879, 8.31818, 12.0212, 18.6344, 26.2081)
(10.183, 7.61341, 8.7675, 11.6299, 13.7417, 14.6179, 8.34792, 5.52983, 4.60563, 4.984, 9.97922, 11.3544, 9.31005, 9.35689, 7.63155, 7.83432, 8.55264, 7.86632, 8.76713, 8.49265, 9.47052, 11.3635, 9.21657, 6.97139, 7.54152, 5.34481, 3.73667, 1.02, 4.44684, 9.33117, 12.3395, 17.3143, 22.7372)
(10.183, 7.61341, 8.7675, 11.6299, 13.7417, 14.6179, 8.34792, 5.52983, 4.60563, 4.984, 9.97922, 11.3544, 9.31005, 9.35689, 7.63155, 7.83432, 8.55264, 7.86632, 8.76713, 8.49265, 9.47052, 11.3635, 9.21657, 6.97139, 7.54152, 5.34481, 3.73667, 1.02, 4.44684, 9.33117, 12.3395, 17.3143, 22.7372)
(5.73755, 8.73784, 14.5278, 16.2611, 25.1225, 14.982, 3.20616, 2.53958, 2.13657, 1.89322, 4.85554, 7.73452, 7.57463, 8.74583, 7.97847, 11.1528, 11.3003, 13.1662, 8.85456, 9.32813, 8.0263, 6.13819, 2.57569, 2.08449, 1.44455, 1.93855, 1.98695, 0.702822, 3.88892, 12.7936, 18.3918, 24.7489, 29.4437)
(10.6483, 9.31991, 9.49464, 10.2918, 12.4716, 13.6598, 8.09599, 4.11922, 4.04191, 5.87701, 11.9799, 12.3973, 9.34122, 9.41229, 8.78994, 7.45485, 7.48135, 7.48569, 8.34965, 8.2362, 8.86775, 12.1838, 6.98454, 6.67132, 6.73976, 5.93845, 3.20724, 1.09025, 3.75288, 8.99943, 13.179, 18.2014, 25.2358)
(6.6857, 7.19586, 13.664, 18.3441, 19.2381, 14.2675, 6.42741, 2.53606, 1.47144, 2.9744, 7.19537, 8.37284, 7.21969, 8.52201, 8.38678, 10.787, 11.501, 11.1419, 8.46188, 8.72809, 8.23839, 8.64046, 2.62889, 2.69763, 4.02567, 4.06726, 2.31114, 0.610521, 3.66227, 8.5315, 16.9464, 23.7877, 30.731)
(10.2698, 8.42749, 8.70304, 9.40544, 11.3678, 12.6511, 8.58001, 5.91315, 5.41988, 7.01473, 12.2475, 13.2024, 9.91312, 9.04495, 8.05782, 6.94418, 6.68728, 6.63476, 7.77972, 8.52784, 10.1712, 13.0367, 10.1569, 8.29047, 7.50356, 5.85113, 3.01277, 0.665506, 3.66307, 8.19581, 12.8183, 16.7737, 23.0687)
(8.76351, 7.64646, 9.21857, 11.7196, 17.0102, 16.9985, 6.71136, 3.12449, 2.09407, 4.73032, 11.9829, 10.2341, 9.42689, 9.35272, 8.90116, 8.72918, 8.11656, 8.61474, 8.5462, 8.41589, 8.70588, 10.9567, 4.28311, 4.449, 4.83089, 4.2395, 2.91841, 1.0939, 5.05755, 10.1685, 15.8345, 20.582, 26.5426)
(9.22432, 9.01734, 10.1747, 11.7414, 14.2997, 14.0161, 6.99169, 3.4832, 3.06537, 5.66906, 12.3171, 12.1651, 9.58874, 8.82825, 8.44731, 8.0219, 7.32538, 7.56959, 8.30683, 8.85494, 8.98969, 11.9023, 3.89811, 5.0265, 5.39399, 5.03744, 2.6585, 1.03185, 4.32627, 9.03076, 13.8875, 20.5255, 29.1836)
(8.19989, 7.13687, 8.92474, 12.3784, 17.5083, 14.559, 6.35733, 4.22381, 4.41405, 6.02402, 10.2736, 11.8636, 9.92995, 8.65032, 8.03046, 7.94342, 6.74098, 7.371, 8.40051, 9.44323, 9.53116, 12.0953, 7.24745, 5.75118, 4.61829, 4.12765, 1.99532, 0.69881, 3.95194, 10.6899, 14.6502, 20.4034, 25.8659)
(4.76209, 6.21131, 11.5609, 19.5017, 24.9014, 16.069, 5.02126, 1.98243, 1.96436, 3.10798, 4.91761, 6.00731, 8.27836, 8.89819, 11.0996, 13.5325, 10.9428, 10.4681, 9.44403, 8.67506, 6.81443, 5.83959, 7.75977, 3.66366, 2.4869, 2.09524, 1.28189, 0.596893, 2.92411, 9.497, 17.0886, 24.5873, 28.0187)
(3.85466, 4.87757, 12.6663, 21.6828, 28.2386, 15.9497, 3.87218, 1.7721, 2.27876, 1.8585, 2.94872, 4.38494, 5.92084, 8.13318, 10.579, 13.0923, 11.8263, 11.8292, 10.3531, 10.514, 7.20139, 6.16577, 2.38273, 1.45697, 1.52297, 1.14463, 0.899847, 0.239879, 4.19663, 11.2996, 21.1039, 25.9364, 29.8165)
(8.31597, 8.84803, 10.3148, 13.0894, 15.7593, 13.707, 6.5063, 3.89314, 2.76615, 4.8656, 11.9344, 11.665, 9.6588, 8.52621, 8.69294, 7.76281, 7.97849, 7.71615, 8.76634, 9.2054, 9.0247, 11.0032, 4.2697, 5.26816, 5.23073, 4.59667, 2.42517, 0.900263, 3.82225, 8.47408, 14.78, 20.1598, 30.0732)
(6.92658, 6.57721, 11.8433, 15.0373, 16.4381, 15.1047, 6.75895, 4.29789, 3.62473, 4.56931, 8.82191, 9.16223, 8.68134, 8.61814, 9.31501, 8.76789, 8.37255, 8.25883, 8.76798, 9.58408, 10.4247, 10.0473, 4.33713, 5.37838, 4.69539, 4.23586, 2.1573, 0.724467, 3.8494, 8.54921, 14.2743, 21.9082, 29.8903)
(6.9054, 6.52384, 10.7101, 14.2945, 17.7327, 15.1968, 6.53996, 3.80837, 4.54721, 5.45756, 8.28357, 10.2075, 9.85752, 8.92751, 9.09934, 8.4, 8.0946, 8.08584, 8.44975, 9.23041, 9.30296, 10.3446, 5.29724, 4.41453, 3.92313, 3.20565, 1.75062, 0.547039, 3.12236, 7.69964, 13.7716, 21.8602, 34.4081)
(8.0243, 6.91673, 9.83703, 11.1324, 13.5173, 15.4742, 8.63474, 6.26615, 4.87117, 5.57573, 9.75028, 12.3989, 9.80632, 8.29372, 8.28709, 7.51156, 7.11063, 7.06368, 8.18618, 9.29532, 10.4061, 11.6405, 9.3267, 8.41039, 7.2578, 5.74499, 2.78248, 0.885974, 3.88616, 8.67362, 12.2188, 18.024, 22.789)
(6.78051, 7.13314, 11.0503, 16.1243, 18.6732, 15.3406, 6.88051, 4.06481, 2.70374, 4.44735, 6.80154, 12.9389, 9.77404, 7.97963, 7.06192, 7.80633, 10.2914, 8.55655, 7.50865, 8.77592, 8.99953, 10.3071, 4.34425, 5.74487, 7.07373, 5.17159, 1.62043, 0.554661, 3.05229, 7.84094, 14.0506, 20.0275, 30.5191)
(6.78051, 7.13314, 11.0503, 16.1243, 18.6732, 15.3406, 6.88051, 4.06481, 2.70374, 4.44735, 6.80154, 12.9389, 9.77404, 7.97963, 7.06192, 7.80633, 10.2914, 8.55655, 7.50865, 8.77592, 8.99953, 10.3071, 4.34425, 5.74487, 7.07373, 5.17159, 1.62043, 0.554661, 3.05229, 7.84094, 14.0506, 20.0275, 30.5191)
(2.84197, 4.49445, 11.7066, 22.5356, 28.298, 16.3679, 5.3896, 1.51536, 1.93886, 2.07783, 2.83386, 6.05897, 7.72072, 8.42297, 11.7388, 12.2075, 11.6757, 12.3209, 8.74562, 8.45036, 7.29163, 5.36679, 4.02517, 2.26907, 2.19111, 1.54379, 1.49565, 0.395108, 3.61676, 10.5001, 20.187, 25.4383, 28.3379)
(8.2996, 9.4694, 9.94392, 11.2209, 12.6659, 13.3303, 7.80576, 5.35332, 4.93776, 6.68071, 10.2925, 12.5545, 9.99189, 8.76543, 7.93353, 7.04009, 7.04864, 7.52212, 8.41328, 8.48859, 9.18348, 13.0584, 7.22299, 6.6864, 6.1915, 4.88256, 2.57502, 0.805949, 3.94179, 8.18026, 12.8996, 18.8971, 27.7168)
(8.33224, 7.86823, 11.2186, 13.7531, 14.7307, 13.8264, 7.52502, 4.54757, 2.9527, 4.95253, 10.2929, 9.5608, 9.56669, 9.27487, 8.61049, 9.2883, 8.46727, 9.01875, 8.25676, 10.0199, 9.10539, 8.83083, 3.93222, 4.97999, 4.60706, 3.74496, 2.67189, 0.614513, 3.22462, 7.36805, 13.1907, 21.6562, 34.0098)
(5.37917, 7.80783, 10.5664, 14.87, 19.052, 16.7203, 6.02862, 3.97693, 4.2103, 3.84886, 7.53963, 10.2554, 9.0999, 9.12149, 8.44087, 8.45901, 8.13673, 8.78163, 9.51342, 8.59423, 8.63763, 10.9597, 4.79077, 4.26196, 4.41111, 3.58102, 3.01058, 0.856804, 5.07605, 9.59171, 15.1558, 21.8337, 27.4305)
