(8.76348, 11.2014, 11.4913, 13.5895, 14.5622, 13.3328, 6.37924, 3.5238, 2.34221, 4.67961, 10.1346, 10.7817, 9.05862, 7.80736, 8.91025, 9.37287, 8.84518, 9.17057, 8.71475, 8.89522, 7.73143, 10.712, 3.55255, 2.91573, 4.28334, 4.16639, 2.62919, 0.787042, 3.78541, 9.85982, 14.5889, 21.7666, 31.6651)
(8.45199, 8.99191, 11.6108, 14.4075, 16.1163, 14.5534, 5.82679, 4.00827, 2.86047, 4.42161, 8.75103, 9.13025, 8.85987, 7.84474, 8.91139, 7.8124, 9.2353, 9.07371, 8.86076, 9.92819, 8.8615, 11.4819, 4.60391, 4.28187, 4.98959, 4.05947, 2.09102, 0.735607, 3.59175, 9.2102, 14.9521, 21.0502, 30.4343)
(8.74551, 9.79594, 10.7751, 13.0369, 14.1436, 13.6511, 6.62076, 5.12909, 2.96034, 5.2314, 9.91028, 10.1527, 9.32446, 8.52538, 8.40441, 8.12872, 8.38786, 8.6344, 8.397, 9.02168, 9.09069, 11.9327, 4.84452, 4.31972, 5.31778, 4.09853, 2.37278, 0.638716, 4.07796, 9.0522, 13.7947, 19.8735, 31.6096)
(7.26213, 9.71685, 14.6655, 17.4545, 17.5439, 12.4452, 4.81929, 2.0337, 2.36166, 3.83098, 7.8664, 8.54135, 9.68799, 9.48943, 8.47727, 9.82994, 9.50145, 9.91069, 9.86852, 8.54619, 8.17952, 7.96765, 2.82505, 2.84876, 3.15652, 3.11825, 2.03469, 0.66658, 3.24336, 8.35578, 15.3586, 24.6136, 33.7787)
(8.00117, 8.64818, 11.9032, 15.0546, 16.1601, 13.5475, 4.49535, 3.83634, 3.46313, 5.96407, 8.92642, 9.24533, 8.74977, 7.37266, 7.83091, 8.25837, 10.6003, 9.31366, 9.72873, 9.81947, 8.54246, 10.5383, 5.30938, 4.58141, 4.30588, 3.62965, 2.16742, 0.756873, 4.16882, 10.323, 14.6924, 21.7289, 28.3363)
(8.99754, 10.2707, 10.6318, 11.768, 13.08, 13.7936, 7.48374, 5.42184, 2.92324, 5.48878, 10.1407, 11.5827, 9.1841, 8.57425, 8.05119, 8.91799, 7.98274, 8.35776, 8.44385, 8.78697, 8.76807, 11.3504, 4.41788, 4.40792, 5.34957, 5.09783, 2.99112, 0.875568, 4.34119, 9.19666, 13.1839, 19.8638, 30.2745)
(7.67785, 9.45481, 13.5158, 16.7383, 17.1364, 12.5657, 5.20241, 2.92021, 2.99761, 4.17043, 7.6205, 8.41861, 8.53019, 9.03805, 9.65786, 8.82455, 10.3288, 9.57084, 9.80543, 9.0589, 8.41115, 8.35567, 3.40424, 3.00652, 3.42356, 3.584, 2.38955, 0.699009, 3.75, 9.69346, 15.3503, 23.2618, 31.4376)
(9.16147, 9.98953, 14.6365, 17.0563, 13.9991, 9.58907, 3.50577, 4.90511, 3.81556, 4.76108, 8.58048, 9.75552, 10.1232, 7.76424, 8.55802, 8.64276, 9.60158, 7.70621, 9.61558, 8.82952, 10.4361, 8.96733, 6.53758, 4.32618, 3.18893, 1.94884, 0.889209, 0.361684, 1.9892, 4.83992, 11.8891, 22.482, 41.5474)
(8.81975, 8.945, 11.9999, 14.623, 15.5604, 11.1308, 3.81695, 5.57666, 4.3109, 5.66516, 9.55139, 9.83093, 9.233, 7.60768, 8.25502, 8.21643, 9.62538, 9.23564, 9.18112, 9.39437, 9.96958, 9.45084, 7.70052, 7.07498, 5.36062, 4.17907, 2.05573, 0.694031, 4.24978, 8.93108, 13.3695, 20.6551, 25.7295)
(7.63426, 9.49061, 13.3967, 15.4093, 15.6208, 12.9448, 6.0701, 2.84571, 2.73913, 4.67144, 9.17719, 9.95516, 9.61327, 9.18668, 7.87058, 9.16838, 9.01399, 8.67469, 9.45049, 8.34295, 9.54149, 9.18231, 3.4478, 3.93409, 3.78857, 3.69272, 2.34906, 0.746912, 3.61634, 8.45578, 14.7707, 22.3995, 32.7985)
(9.32646, 10.7954, 10.5413, 10.8822, 12.4596, 13.2863, 7.22002, 6.06114, 3.27099, 6.12832, 10.0282, 11.5445, 9.11105, 8.38723, 8.0716, 8.58017, 8.36151, 8.11559, 8.37741, 8.4394, 9.08546, 11.9261, 6.10815, 5.35254, 5.5923, 5.13978, 3.11155, 0.777293, 4.07712, 8.76593, 12.9137, 18.4703, 29.6913)
(9.10229, 9.64174, 11.3869, 13.9311, 14.5533, 13.7466, 5.811, 3.95715, 2.81231, 5.30174, 9.75593, 10.4976, 9.02175, 8.63423, 8.26639, 8.84539, 9.09216, 8.87041, 9.21676, 9.00116, 9.12578, 9.42833, 4.12913, 3.89612, 4.15788, 4.29281, 2.74931, 0.875224, 4.19208, 9.06481, 14.4652, 20.926, 31.2514)
(8.23973, 9.81711, 13.9281, 14.7046, 14.9403, 13.4705, 7.20862, 3.54726, 2.6197, 3.18854, 8.33557, 10.2468, 9.09045, 9.06619, 7.63367, 8.8212, 8.50557, 9.17567, 9.78138, 9.03707, 8.78759, 9.85438, 3.25189, 4.55842, 4.73808, 4.40235, 2.96119, 0.869681, 3.31885, 8.42963, 14.3267, 21.6289, 31.5143)
(8.63682, 10.0414, 13.6152, 15.8224, 14.7757, 10.3201, 3.80766, 5.82739, 3.70476, 5.09983, 8.34873, 9.60737, 9.63518, 8.32744, 8.43225, 8.40363, 9.95658, 8.36544, 8.69128, 8.93102, 10.394, 9.25585, 6.82364, 5.74669, 4.0937, 2.60828, 1.34862, 0.53562, 2.39817, 5.58456, 12.245, 21.2026, 37.4132)
(7.76952, 8.04403, 14.7847, 18.8559, 20.4933, 8.68016, 2.87403, 4.55334, 2.92888, 4.54064, 6.47554, 8.21469, 7.08377, 8.60101, 9.20039, 10.92, 11.4827, 9.50418, 9.66061, 9.40568, 8.83846, 7.08848, 6.68975, 4.974, 2.59886, 1.48387, 1.10777, 0.416886, 2.33591, 6.97861, 12.5369, 23.0853, 37.7921)
(10.0449, 9.40873, 10.3173, 12.1924, 12.5158, 12.6903, 5.68525, 6.2271, 5.15837, 6.57493, 9.18499, 11.6642, 10.0909, 7.67685, 8.05338, 6.85596, 8.48119, 7.91111, 7.88015, 8.59316, 10.9927, 11.8003, 8.68145, 8.1585, 7.86504, 5.79158, 2.54767, 0.827643, 3.65721, 6.88257, 12.3417, 18.6102, 24.6364)
(9.94354, 9.38226, 10.5274, 12.5931, 14.8328, 14.0568, 5.61679, 4.50925, 3.40236, 5.22378, 9.91179, 10.5348, 9.38794, 8.8496, 8.52839, 7.68764, 8.36677, 8.02538, 8.51842, 9.73357, 10.0358, 10.3316, 6.58864, 5.20461, 5.15099, 4.33352, 2.70942, 0.715085, 3.9167, 8.94039, 14.3541, 20.05, 28.0366)
(9.31348, 9.1509, 11.5671, 13.4603, 13.9426, 12.9663, 6.82249, 4.22713, 3.83825, 4.65019, 10.0613, 10.7824, 9.78134, 9.28475, 7.83923, 7.59167, 7.86592, 8.70588, 9.29474, 9.14221, 9.00689, 10.705, 5.30543, 5.50517, 5.19495, 4.3909, 2.8723, 0.793211, 3.24116, 7.98502, 14.1209, 20.876, 29.715)
(6.97923, 7.81037, 11.3909, 17.2395, 19.9271, 16.3165, 4.90365, 2.46745, 1.88971, 3.80452, 7.27111, 7.69484, 8.73438, 9.58703, 9.51403, 9.02711, 10.2978, 9.17269, 9.30244, 9.86497, 8.77463, 8.03006, 3.53727, 3.18206, 3.85726, 3.93007, 2.33927, 0.65871, 3.87506, 10.0102, 17.3775, 23.8619, 27.3708)
(7.67125, 8.4734, 13.7253, 18.6193, 18.8079, 10.1653, 3.84703, 4.3635, 2.72869, 4.59559, 7.00281, 9.09734, 7.56788, 8.534, 8.84011, 9.74293, 10.7967, 9.36845, 9.544, 10.4501, 8.62396, 7.43448, 7.33453, 5.62603, 2.15662, 1.60313, 1.61343, 0.511122, 2.99127, 6.83387, 12.7814, 23.507, 35.0415)
(8.59048, 9.35435, 12.4644, 14.6735, 14.3912, 12.1727, 6.89613, 4.47175, 3.78643, 4.59046, 8.60865, 11.0617, 9.12181, 8.76397, 7.75884, 7.42105, 9.25474, 9.42686, 9.18521, 8.57544, 8.48284, 10.9476, 4.80297, 5.19571, 4.70575, 3.92201, 2.41017, 0.447481, 3.23117, 8.11216, 14.3158, 22.0812, 30.7756)
(7.14378, 8.77558, 12.1204, 15.542, 17.9446, 14.1139, 6.89012, 2.47396, 2.37312, 4.42077, 8.20184, 9.40915, 8.4162, 8.15704, 8.99523, 8.14425, 9.60288, 8.34987, 8.79137, 10.0757, 9.83602, 10.2223, 4.1407, 3.11023, 5.08489, 3.80711, 2.44745, 0.716267, 3.07992, 8.27835, 16.1171, 23.071, 30.1471)
(9.59813, 8.76998, 10.7388, 12.0856, 14.2338, 12.263, 6.85505, 4.79298, 4.92125, 5.87624, 9.86519, 10.9233, 9.92532, 8.83812, 7.5085, 8.24664, 8.56537, 8.1333, 8.34804, 8.44996, 9.47915, 11.5823, 8.06651, 8.14586, 7.00387, 5.74104, 2.92478, 0.678807, 3.67642, 8.02239, 13.3154, 17.8181, 24.6069)
(12.3888, 9.78024, 9.51849, 8.99154, 10.9312, 12.3941, 7.61764, 5.38877, 4.64302, 5.92792, 12.4183, 11.8846, 10.2331, 10.0293, 7.3695, 7.02332, 7.40065, 7.08633, 7.70996, 8.5557, 10.2826, 12.4249, 13.7224, 9.38625, 8.04487, 5.63714, 3.0273, 0.842609, 3.45143, 7.62035, 10.898, 15.4098, 21.9598)
(13.2895, 10.1012, 9.11066, 8.41681, 10.44, 11.386, 7.6318, 6.22907, 4.90934, 6.31884, 12.1667, 11.6787, 10.6081, 9.55088, 8.0771, 7.23866, 6.92198, 6.60771, 8.12857, 8.64808, 9.97225, 12.5679, 17.7504, 11.153, 8.92247, 5.61595, 2.84746, 0.764054, 2.95191, 6.69787, 9.80303, 13.7544, 19.7394)
(10.6282, 8.34893, 8.57119, 10.4797, 10.6254, 13.4337, 8.14326, 6.47282, 6.43715, 6.67547, 10.1841, 12.6554, 9.97682, 8.01694, 7.3974, 6.67441, 7.8939, 7.28548, 7.37174, 8.87129, 11.0962, 12.7604, 10.9217, 9.99646, 9.55176, 6.52395, 3.11427, 0.841118, 3.79613, 6.87079, 11.627, 16.9139, 19.843)
(8.35024, 9.94458, 12.0192, 12.5052, 14.3914, 13.2197, 7.91785, 3.97918, 3.05609, 4.81311, 9.80352, 10.8992, 9.11319, 9.3881, 8.16731, 8.25138, 9.91617, 7.27601, 9.24016, 7.9627, 9.25214, 10.5336, 4.09771, 4.86969, 4.92363, 5.48661, 2.76793, 0.625364, 3.36119, 9.29813, 15.1302, 20.1717, 29.2679)
(10.3542, 10.3625, 12.3233, 13.575, 14.5351, 10.5395, 5.39464, 4.28906, 4.35046, 5.29152, 8.98481, 9.13327, 8.01601, 8.78828, 8.91494, 10.239, 9.80939, 10.5129, 8.97314, 8.21511, 7.62113, 9.77687, 5.64296, 5.73318, 4.64374, 4.41999, 2.00046, 0.576655, 3.56129, 7.06233, 12.9106, 20.1972, 33.2516)
(11.3485, 7.66604, 7.37381, 8.25763, 9.67876, 13.6194, 8.52418, 6.52947, 5.94447, 8.23459, 12.8231, 13.6639, 9.29506, 8.19747, 7.11283, 6.40277, 7.18071, 7.15701, 8.23033, 8.46458, 11.0065, 13.2888, 10.3178, 9.62555, 9.26003, 6.37865, 3.9667, 0.789992, 4.25462, 7.69052, 13.6462, 16.0479, 18.022)
(10.2656, 9.86949, 10.5807, 11.4337, 13.2598, 13.1619, 7.62055, 3.92952, 3.11228, 5.98737, 10.7791, 11.8479, 9.53786, 9.46678, 7.59704, 7.56203, 8.20619, 7.68969, 8.57734, 7.82902, 10.2795, 11.4066, 5.43595, 4.88911, 4.95144, 4.98923, 3.02902, 0.834114, 3.74051, 9.43069, 14.7932, 19.7023, 28.2044)
(9.38075, 10.3533, 11.0237, 10.6389, 13.399, 12.756, 7.21375, 4.74565, 3.67508, 5.92487, 10.8891, 11.6898, 9.65691, 8.5343, 8.66993, 7.67836, 8.15231, 7.47985, 8.30121, 8.70984, 9.7691, 11.3584, 6.23643, 5.86299, 5.69442, 4.79098, 2.48272, 0.541353, 3.45992, 8.69056, 12.6857, 19.759, 29.796)
(7.21142, 7.50465, 10.0722, 14.4637, 16.58, 13.6188, 9.18131, 4.7804, 4.31923, 4.7419, 7.52631, 9.38194, 8.4574, 8.19756, 9.47019, 7.23706, 9.40763, 7.88968, 10.6658, 8.85037, 9.42788, 11.0144, 9.2319, 7.45671, 6.31902, 4.47199, 2.49343, 0.83074, 3.24073, 7.43141, 13.0112, 19.6388, 25.8741)
(7.97376, 7.09251, 9.93672, 13.5022, 15.3947, 13.9943, 8.3727, 4.96795, 4.97851, 5.43463, 8.35204, 10.3329, 9.13596, 8.12457, 9.17505, 7.17375, 7.83827, 7.89498, 9.58901, 9.16537, 9.89507, 11.675, 8.96944, 7.59013, 6.507, 4.82716, 2.65499, 0.87005, 3.15967, 8.48933, 13.1879, 19.1508, 24.5936)
(11.3005, 10.3305, 12.0027, 13.3086, 15.5292, 11.8545, 4.33957, 3.89362, 3.49905, 4.50752, 9.43414, 9.40019, 7.91796, 8.89037, 9.5561, 11.1535, 9.37156, 10.1575, 8.5913, 7.84061, 7.33637, 9.78451, 4.05023, 4.40046, 3.53485, 3.43259, 1.86931, 0.604153, 3.31384, 8.52957, 13.2519, 22.1221, 34.8909)
(13.1986, 9.1229, 8.28164, 7.40324, 10.5267, 11.393, 7.84929, 6.28761, 5.56046, 6.91605, 13.4605, 13.145, 9.56842, 9.22347, 7.37255, 7.39461, 6.10555, 7.30551, 8.01707, 9.30809, 10.4489, 12.1108, 16.6275, 11.3105, 7.98556, 6.36061, 3.34267, 0.672436, 3.32084, 8.89813, 12.0041, 13.8461, 15.6315)
(9.97042, 9.37526, 11.0204, 10.5892, 13.739, 15.1596, 6.87839, 3.87721, 3.87308, 5.244, 10.2734, 11.5046, 9.55263, 8.6764, 7.82367, 8.0159, 8.78819, 8.27881, 7.90881, 8.30119, 9.38872, 11.761, 6.07417, 5.29259, 4.92186, 4.55628, 3.01419, 0.950443, 4.75468, 9.60895, 14.7002, 18.7652, 27.3614)
(8.62365, 9.67222, 13.9904, 14.6172, 16.2043, 13.2561, 6.03551, 2.53684, 2.82063, 4.77896, 7.46426, 9.34265, 8.7972, 8.84965, 7.61234, 8.30071, 11.6226, 11.3752, 8.48791, 8.33849, 8.05482, 9.21841, 3.41811, 3.19189, 2.93848, 3.62427, 2.81235, 0.534953, 3.44518, 10.2044, 14.3097, 22.7722, 32.7485)
(6.76139, 8.15853, 11.9177, 17.8145, 18.1339, 14.7133, 6.01433, 2.9689, 2.27607, 3.88706, 7.35435, 8.55515, 8.66031, 8.58098, 10.5095, 9.14398, 10.4266, 9.30521, 9.1423, 8.16868, 8.23893, 9.26834, 5.40722, 3.76746, 4.49574, 4.06686, 2.34859, 0.624026, 3.46383, 8.99074, 16.1221, 22.5146, 28.1988)
(6.93847, 7.6644, 11.6596, 19.2202, 19.5036, 14.6633, 5.63445, 2.55749, 2.3816, 3.572, 6.20492, 7.71243, 8.44601, 9.0812, 10.4289, 9.61751, 11.4578, 9.4675, 9.95721, 8.09691, 7.68908, 8.04542, 5.76886, 3.52645, 4.11547, 3.90131, 2.34537, 0.630503, 3.48758, 9.03064, 16.217, 22.9858, 27.9911)
(5.42361, 7.25665, 12.4872, 19.6624, 20.2318, 14.3534, 6.5461, 2.49959, 1.70982, 3.37204, 6.45735, 8.23457, 7.78488, 8.46151, 10.0268, 9.49808, 10.9629, 9.80397, 9.94514, 8.9994, 7.89985, 8.38288, 3.59889, 2.68809, 4.41413, 4.02288, 2.20852, 0.598795, 3.79272, 9.56669, 17.8626, 23.9735, 27.2732)
(8.53719, 6.8281, 10.1512, 14.3227, 15.2384, 15.0321, 7.23148, 4.0083, 3.65668, 5.40974, 9.58411, 10.0538, 10.1565, 9.33847, 9.31188, 8.75852, 9.30868, 8.07333, 8.29865, 8.96249, 8.66124, 9.07645, 7.50224, 5.87725, 5.10396, 3.70156, 2.50138, 0.607016, 3.43608, 7.33944, 14.2407, 21.8851, 27.8053)
(9.07358, 8.66437, 9.86082, 11.0113, 14.1487, 15.5318, 7.78786, 4.78188, 4.54697, 5.07392, 9.51881, 11.6711, 9.4553, 9.06397, 7.65479, 8.57555, 8.82323, 7.81562, 7.22853, 8.16749, 9.48222, 12.0622, 6.14906, 6.74635, 5.31868, 5.25758, 3.55406, 0.928045, 5.10202, 10.0986, 14.7326, 17.3111, 24.8019)
(8.28346, 9.28677, 11.2785, 12.9076, 16.773, 15.0818, 6.09003, 3.02246, 2.86474, 5.09414, 9.31759, 10.6297, 9.84661, 9.33877, 8.51944, 8.08525, 8.62902, 8.06787, 8.42247, 7.90101, 9.40955, 11.1503, 3.53101, 3.53104, 3.46616, 3.78816, 3.14389, 0.911155, 4.40633, 10.7649, 16.3091, 21.6858, 28.4625)
(7.53563, 8.41924, 11.9285, 15.1586, 17.1763, 14.9261, 6.65281, 2.88555, 2.37076, 4.16724, 8.77918, 9.49129, 9.30023, 9.40203, 8.47174, 8.42499, 9.95766, 8.54517, 8.92727, 8.15239, 9.22869, 10.0985, 2.63521, 3.12469, 3.40204, 4.10195, 3.01584, 1.03613, 3.89603, 10.4969, 16.1171, 22.8146, 29.3596)
(6.78219, 7.9137, 12.3863, 15.9206, 18.8727, 14.359, 6.53854, 3.21373, 2.04914, 3.6009, 8.36327, 9.02392, 7.98811, 9.1401, 8.75008, 9.19281, 11.4707, 8.9557, 9.68144, 8.12228, 8.11566, 9.55921, 2.55983, 2.90871, 3.91096, 4.01264, 2.13503, 0.721626, 3.45019, 9.96574, 15.5435, 23.6804, 31.1114)
(10.7543, 9.78675, 10.7801, 11.4044, 12.9157, 11.9814, 7.16066, 5.57254, 4.75422, 5.35145, 9.53849, 11.3342, 8.34335, 8.52092, 8.27547, 9.88435, 8.18042, 8.6749, 8.3117, 9.26108, 8.47958, 10.734, 7.16874, 7.7652, 6.51368, 5.06366, 2.53823, 0.619201, 3.58881, 7.67807, 12.9908, 17.564, 28.5097)
(9.44359, 7.58598, 9.73614, 11.9759, 13.2437, 13.3365, 8.42707, 4.4795, 4.22564, 6.23176, 11.3142, 11.1898, 9.80646, 9.01266, 8.92988, 7.31032, 7.80607, 7.76127, 7.61357, 9.74124, 9.73061, 11.0981, 6.6086, 6.33278, 6.16019, 5.20041, 2.98224, 1.10815, 3.58877, 8.87875, 13.1369, 19.6628, 26.3404)
(6.01144, 8.11953, 12.5344, 15.2219, 18.1953, 15.2223, 7.34275, 3.38846, 2.58389, 3.78216, 7.5978, 10.2331, 8.25966, 8.56524, 9.33604, 7.94656, 10.0774, 9.10848, 9.16171, 8.67159, 9.54158, 9.09869, 3.60337, 3.66313, 4.33029, 4.90353, 1.93999, 0.590805, 3.70631, 9.93897, 14.5276, 21.9776, 30.8184)
(11.3246, 8.83159, 9.45117, 10.8591, 12.4743, 12.9678, 7.35683, 5.008, 4.57886, 6.46777, 10.6799, 12.1127, 9.87987, 8.72964, 7.98435, 7.94634, 7.53133, 8.03497, 7.73638, 8.34798, 9.57937, 12.1171, 7.52635, 7.34034, 6.36749, 4.88272, 2.47312, 0.744833, 3.60274, 7.85868, 12.9735, 19.6867, 26.5435)
(9.95198, 7.66679, 7.35873, 7.90317, 9.89898, 13.0858, 9.51178, 7.37285, 5.87623, 8.35849, 13.0152, 13.3916, 9.69831, 8.68972, 7.86222, 6.71222, 7.20312, 6.72354, 7.89321, 8.50925, 10.4228, 12.894, 9.46109, 9.8485, 8.42232, 6.41825, 3.615, 0.956327, 3.87455, 8.08986, 12.6948, 16.3214, 20.2979)
(9.95198, 7.66679, 7.35873, 7.90317, 9.89898, 13.0858, 9.51178, 7.37285, 5.87623, 8.35849, 13.0152, 13.3916, 9.69831, 8.68972, 7.86222, 6.71222, 7.20312, 6.72354, 7.89321, 8.50925, 10.4228, 12.894, 9.46109, 9.8485, 8.42232, 6.41825, 3.615, 0.956327, 3.87455, 8.08986, 12.6948, 16.3214, 20.2979)
(8.95955, 7.5018, 7.69355, 8.19708, 10.9164, 14.0516, 9.87804, 6.40613, 5.62696, 7.7942, 12.9747, 12.147, 9.84349, 8.86722, 8.03977, 7.19386, 7.5595, 7.1324, 7.81547, 9.15577, 10.1546, 12.0909, 7.7633, 8.60859, 7.95613, 6.02394, 3.59266, 0.956695, 3.84913, 8.35803, 13.1085, 17.6549, 22.1282)
(10.3106, 9.53078, 10.8003, 11.4689, 13.1957, 12.1964, 7.90437, 5.91859, 4.64335, 4.89171, 9.13938, 10.8847, 8.39604, 8.33964, 8.3628, 10.2729, 8.73242, 8.56859, 8.13173, 8.87759, 8.10399, 11.3297, 6.56748, 8.24936, 7.18111, 5.30371, 2.81841, 0.646209, 3.55072, 8.26915, 12.8604, 17.1514, 27.4021)
(9.14026, 7.55295, 8.37276, 10.5912, 14.8601, 15.5462, 7.3708, 5.12883, 4.45055, 6.06774, 10.9186, 11.4338, 10.0764, 9.46152, 8.56615, 8.16421, 8.20338, 8.33878, 7.5964, 8.4143, 9.77896, 9.96615, 8.30731, 7.73031, 6.75958, 4.6237, 3.14011, 0.948464, 3.70357, 8.47771, 14.6835, 18.6042, 23.0215)
(9.62143, 7.39833, 7.31565, 8.22998, 10.9231, 13.7387, 10.039, 7.09353, 5.9109, 8.01872, 11.7106, 13.4433, 10.2065, 8.64248, 7.50209, 6.46618, 7.31132, 7.36957, 7.70481, 8.15551, 10.3674, 12.8308, 10.0689, 10.079, 9.14623, 6.26721, 3.47728, 0.783938, 3.73108, 7.66691, 12.3029, 16.1858, 20.2909)
(7.26396, 7.50626, 10.2824, 14.7061, 16.1471, 13.5292, 6.47141, 5.22618, 4.04457, 5.53859, 9.28426, 9.47996, 9.02268, 8.58472, 9.57457, 8.33078, 8.95664, 8.34381, 8.17742, 9.94375, 9.66835, 9.91731, 7.13496, 5.7082, 4.40778, 3.16016, 2.04641, 0.581509, 3.03645, 8.11657, 14.1342, 22.2941, 29.3796)
(8.53109, 7.65867, 9.52666, 12.1135, 13.653, 13.8418, 7.52487, 5.0097, 4.30133, 6.73662, 11.1027, 10.9719, 9.31941, 8.73696, 8.64238, 8.00167, 8.19571, 7.84288, 8.2644, 9.23685, 10.2585, 10.5293, 7.76259, 6.91699, 5.72576, 3.95385, 2.80624, 0.817323, 3.08035, 7.40292, 13.303, 19.7011, 28.5299)
(7.69588, 7.37659, 9.36613, 13.4732, 14.9218, 14.2801, 7.34826, 4.28962, 4.03023, 6.05738, 11.1609, 10.9291, 9.17205, 8.28088, 7.98479, 7.43642, 8.48404, 8.20952, 8.95416, 9.84826, 10.2874, 10.4134, 7.49686, 6.85416, 5.04525, 4.17866, 2.72107, 0.754258, 3.53993, 8.65576, 14.9116, 20.1695, 25.6729)
(7.86187, 7.30079, 9.47525, 12.8592, 15.5759, 14.9707, 6.44258, 4.11538, 4.29221, 6.39011, 10.716, 10.029, 9.16689, 8.19415, 8.88311, 7.68742, 8.9084, 8.44718, 8.8907, 9.24646, 10.4962, 10.0505, 8.06157, 7.16355, 4.78001, 3.76153, 2.37708, 0.831098, 3.44337, 8.44049, 14.4784, 20.6983, 25.9647)
(5.78152, 6.71591, 10.6988, 17.1376, 19.6895, 14.2492, 5.71769, 4.21549, 3.31747, 4.95973, 7.51709, 8.75278, 8.71475, 8.5647, 9.49803, 9.59245, 9.91552, 8.78976, 8.86548, 8.98803, 9.12523, 9.19323, 6.28016, 4.6701, 3.77835, 2.59023, 1.67368, 0.58442, 3.33682, 8.47208, 15.8009, 23.2835, 29.5297)
(4.49286, 6.54265, 11.4475, 22.7767, 22.1042, 14.7368, 4.21004, 3.26793, 2.76015, 2.88813, 4.7731, 7.46618, 7.87501, 8.36476, 9.6265, 11.6553, 12.0538, 12.577, 9.17265, 7.76265, 7.28314, 6.16301, 6.64569, 4.43465, 4.41546, 2.51933, 0.985263, 0.381776, 2.9415, 8.47934, 18.3984, 24.6426, 26.1559)
(7.34416, 6.90137, 9.75228, 15.7832, 19.3495, 13.8274, 5.18893, 2.92696, 3.90169, 5.19873, 9.82575, 10.0936, 9.46295, 10.6406, 9.22713, 8.03245, 8.23321, 8.69456, 7.46379, 8.95949, 9.31932, 9.8728, 3.70654, 3.7166, 3.94576, 2.85703, 1.92891, 0.457572, 3.60652, 10.4048, 19.1381, 23.8051, 26.4331)
(10.0603, 8.07756, 8.94119, 9.98415, 11.8049, 13.0421, 8.22961, 6.20785, 5.45435, 7.45985, 10.7381, 12.8684, 10.0461, 8.62049, 7.4415, 7.52682, 7.08573, 7.133, 7.88025, 8.55037, 9.85328, 12.9941, 8.64342, 8.53582, 8.02804, 5.82973, 3.01412, 0.7659, 3.45976, 7.55111, 12.8709, 18.1768, 23.1243)
(9.53871, 8.24295, 8.80963, 9.59948, 11.5952, 13.211, 8.15808, 5.91318, 4.9845, 7.78554, 12.1617, 13.0898, 9.49218, 8.35812, 7.81538, 6.79836, 7.2941, 7.39233, 8.438, 9.02644, 10.1678, 12.1275, 8.87078, 8.25257, 7.49868, 5.49114, 3.69859, 0.850083, 3.46759, 7.62271, 12.6607, 18.1208, 23.4664)
(4.16347, 6.16072, 9.92533, 19.2208, 24.8168, 16.1728, 4.33632, 3.17048, 2.57334, 4.27822, 5.18168, 6.70038, 7.73272, 7.87858, 9.68806, 11.6042, 12.267, 10.7345, 9.42526, 8.02738, 7.97719, 7.96477, 4.61722, 3.47583, 2.56378, 1.71957, 1.53101, 0.656013, 3.83174, 10.5101, 18.9852, 24.5658, 27.5436)
(5.48143, 6.56813, 12.4157, 19.0371, 20.4646, 14.3294, 4.83452, 3.23705, 2.47631, 4.13258, 7.0232, 8.18773, 8.62858, 8.32337, 9.84795, 10.3454, 10.4052, 10.2057, 9.24928, 8.20321, 8.77616, 7.82747, 5.7247, 4.10007, 3.30774, 2.91515, 1.50976, 0.585616, 3.0409, 9.7751, 17.4778, 24.3398, 27.2233)
(8.62842, 6.9165, 9.48361, 13.16, 17.4427, 13.4717, 6.42081, 3.45702, 4.03388, 6.01162, 10.9738, 10.2029, 9.66401, 9.46638, 8.79527, 8.00871, 8.28228, 8.2915, 8.04035, 9.46326, 9.5686, 10.2168, 4.65465, 4.94817, 4.88934, 3.4608, 2.3974, 0.578758, 3.80478, 9.85852, 17.1327, 22.1402, 26.1346)
(9.68279, 8.4326, 10.2775, 11.9498, 14.2242, 13.5697, 7.26448, 4.1478, 4.34574, 5.88028, 10.2251, 11.9713, 9.72026, 8.85616, 7.42788, 7.80535, 7.43655, 7.60604, 8.49877, 8.71048, 10.0939, 11.8732, 6.73809, 6.29262, 5.5385, 4.46435, 2.75072, 0.674343, 3.55167, 8.27379, 13.7612, 20.5112, 27.4434)
(9.64828, 8.21677, 8.91326, 10.1638, 12.8677, 13.6621, 7.93347, 4.97994, 4.99285, 7.3625, 11.2594, 12.1898, 9.60467, 8.95118, 7.27968, 7.74658, 7.49918, 7.78288, 8.62323, 8.8466, 10.2802, 11.196, 7.87939, 7.6769, 6.82049, 4.82186, 3.07393, 0.714124, 3.70959, 7.60417, 13.2681, 18.8799, 25.5515)
(8.47275, 8.10048, 10.1992, 14.3656, 14.5787, 14.2666, 7.96215, 4.57396, 3.78223, 5.32382, 8.37451, 11.474, 11.1371, 7.93809, 7.64555, 8.03169, 7.72951, 8.23025, 6.95864, 9.29091, 9.22678, 12.3375, 5.65925, 6.59652, 5.86944, 4.73655, 2.67795, 0.601872, 3.45698, 7.25895, 13.1148, 21.0927, 28.935)
(8.57452, 7.9912, 10.6138, 14.354, 14.9556, 13.6325, 7.80773, 4.77044, 3.92575, 5.09049, 8.28399, 11.7964, 10.4507, 8.01484, 7.43548, 8.07846, 7.71061, 8.40424, 7.08007, 9.14078, 9.8061, 12.0824, 5.39061, 6.79657, 6.17535, 4.67166, 2.70344, 0.698065, 3.34385, 8.30063, 12.8843, 20.557, 28.4786)
(5.93494, 6.66525, 12.0157, 17.8037, 19.4251, 14.0471, 5.38406, 3.18583, 2.45688, 4.74595, 8.3354, 9.425, 8.56766, 8.2039, 9.38944, 10.1215, 9.59989, 10.5167, 9.11041, 8.24821, 8.93607, 7.88114, 5.37194, 4.26278, 3.6641, 3.37727, 1.94182, 0.673642, 3.2236, 10.6077, 17.2, 23.0705, 26.6067)
(9.39685, 7.46266, 8.65537, 10.3581, 13.2836, 13.4832, 7.26751, 5.12991, 5.60151, 7.82784, 11.5334, 11.3763, 9.40577, 8.95109, 8.0879, 7.74597, 7.8394, 8.27267, 8.48091, 8.68815, 10.1903, 10.9615, 8.134, 7.5951, 6.48159, 4.27142, 2.86488, 0.617823, 3.51913, 7.57342, 13.589, 19.4716, 25.882)
(7.78108, 9.11719, 10.4573, 14.9416, 15.3699, 12.7495, 5.99718, 5.03676, 3.99471, 6.01538, 8.53941, 8.90399, 8.51553, 8.32083, 9.48403, 8.95141, 9.64122, 9.36827, 8.27603, 9.32179, 9.25084, 9.96605, 9.48016, 7.0668, 5.00527, 3.9651, 2.4147, 0.663851, 2.80656, 7.64507, 13.8728, 19.8351, 27.2445)
(5.69058, 7.22182, 11.4058, 16.7514, 20.9029, 15.1144, 5.56368, 3.11429, 2.46637, 4.55861, 7.21017, 8.92692, 9.12244, 8.34186, 9.7718, 10.4679, 10.2333, 10.0276, 8.56202, 8.43998, 8.50701, 7.59916, 5.75774, 4.53657, 3.76944, 3.05557, 1.91662, 0.711605, 3.21231, 9.85954, 17.217, 23.4175, 26.5461)
(8.25025, 7.4233, 9.51706, 12.4278, 15.185, 14.1949, 6.37371, 4.44781, 4.66471, 6.68624, 10.8292, 10.2569, 9.72116, 8.81387, 8.99714, 8.40387, 8.15351, 8.38337, 8.27272, 9.12938, 9.59535, 10.2727, 7.03512, 6.30855, 5.43155, 3.65846, 2.57889, 0.747685, 3.61348, 8.49721, 14.322, 21.1442, 26.6628)
(9.57497, 8.53082, 9.57924, 10.1691, 12.4235, 12.7944, 7.39352, 5.41946, 5.57011, 7.45619, 11.0887, 11.9899, 9.67321, 8.58726, 7.70752, 7.94477, 7.41031, 7.55575, 8.07066, 8.35282, 10.4152, 12.2926, 8.8016, 7.59369, 6.75419, 4.56441, 2.87619, 0.594808, 3.24756, 7.01385, 12.5937, 19.29, 26.67)
(6.8696, 8.13891, 11.6921, 17.1088, 17.3116, 12.5845, 6.55277, 5.13864, 3.22646, 4.59211, 6.78438, 8.2268, 8.2599, 8.20059, 9.16161, 9.22582, 10.7949, 10.2174, 8.34998, 9.13813, 8.69018, 9.73473, 8.88738, 6.61904, 4.6271, 3.97302, 2.21788, 0.710416, 3.22149, 7.94432, 14.3466, 20.5914, 26.8613)
(7.21181, 7.21932, 10.5059, 13.3112, 14.5267, 13.8277, 7.96062, 5.79368, 4.843, 5.93436, 8.86557, 11.8192, 10.2383, 9.73898, 8.53478, 7.74981, 8.00678, 7.67255, 7.74888, 8.13707, 8.8997, 11.454, 5.61655, 7.0101, 7.34676, 5.28232, 2.70694, 0.850517, 3.07103, 7.79559, 14.7258, 19.8615, 25.7328)
(4.93225, 7.48268, 10.3941, 18.4748, 26.3081, 14.7557, 3.51671, 4.01484, 2.17526, 2.96361, 4.98197, 4.90147, 6.16632, 8.15895, 11.7378, 13.5986, 13.155, 12.1428, 8.87041, 8.69727, 6.7019, 5.86958, 6.22577, 3.13883, 2.20603, 1.74479, 1.34325, 0.684364, 3.80949, 9.82208, 18.9802, 21.8959, 30.1493)
(5.57369, 7.69627, 10.3031, 16.9488, 21.1356, 15.4993, 5.57588, 4.15984, 2.56184, 4.59673, 5.94893, 7.56307, 7.56571, 8.83778, 10.0299, 10.3084, 10.6515, 10.1647, 8.0286, 9.32653, 8.87279, 8.65098, 7.91587, 4.74315, 4.08136, 3.00933, 2.00685, 0.77824, 3.01241, 8.88942, 16.6243, 21.519, 27.42)
(5.85779, 7.37579, 10.506, 16.1133, 19.7943, 16.2891, 5.6887, 3.70938, 2.74278, 4.98217, 6.94062, 9.06539, 8.80018, 8.54935, 9.78469, 9.77425, 10.3388, 10.2816, 8.40575, 8.13159, 9.05647, 7.81194, 6.41, 5.11489, 4.05543, 3.51243, 2.36645, 0.822498, 3.07734, 9.64349, 16.4443, 22.0967, 26.4565)
(8.81418, 7.89444, 10.6189, 14.5735, 16.7865, 12.3046, 5.51319, 3.70723, 3.91505, 5.8665, 10.0059, 8.81315, 8.80896, 9.73181, 9.13432, 9.1272, 8.75943, 8.88131, 8.66236, 10.4423, 9.08012, 8.55904, 4.01799, 4.50358, 4.76267, 2.83693, 1.64094, 0.356772, 2.73314, 7.88607, 14.6694, 23.6463, 32.9462)
(5.86435, 8.32775, 14.5079, 20.742, 20.6918, 12.4293, 3.42334, 1.67733, 2.2145, 3.2608, 6.86097, 5.81485, 7.82037, 9.30474, 10.6929, 11.3237, 10.5973, 9.37852, 10.038, 10.7238, 7.74301, 6.56277, 2.03928, 1.93262, 2.40451, 1.89895, 1.36854, 0.526814, 2.5808, 9.42815, 16.9946, 26.2908, 34.5349)
(6.77928, 6.70982, 10.0113, 13.3159, 16.9739, 17.3159, 7.5918, 3.9998, 3.72389, 5.71307, 7.8653, 11.2196, 9.59952, 9.45023, 9.10489, 8.83924, 7.96168, 8.22976, 8.12033, 8.15429, 8.8767, 10.4437, 6.32658, 5.97355, 5.69284, 4.63884, 3.34278, 1.09663, 4.00191, 9.48026, 14.0424, 20.2003, 25.2039)
(4.44259, 8.29998, 16.6159, 23.2327, 21.8701, 11.9891, 2.5998, 1.46882, 2.15487, 2.17094, 5.15523, 5.12038, 7.17507, 8.28988, 10.3141, 12.6633, 11.622, 9.44579, 10.0148, 11.128, 7.9217, 6.30493, 1.53873, 1.2614, 1.74691, 1.59542, 1.13736, 0.550792, 2.65078, 9.30357, 16.2082, 28.0934, 35.9134)
(8.71268, 8.11479, 10.3414, 12.6537, 14.2627, 12.737, 7.05448, 4.97884, 4.96073, 6.86769, 9.31592, 11.5632, 10.2774, 8.84252, 7.92185, 8.09945, 7.19652, 7.45763, 7.89274, 8.19, 10.1107, 12.4481, 9.09086, 7.49585, 6.8601, 4.17671, 2.35726, 0.579052, 2.4279, 6.58529, 12.479, 19.7719, 28.1761)
(6.55325, 7.17977, 10.6166, 13.8454, 17.0725, 17.2444, 8.39208, 4.26373, 3.47086, 4.74332, 6.61797, 11.6735, 9.52915, 9.07981, 9.07585, 8.75329, 9.07109, 8.76001, 8.34808, 7.71137, 8.29479, 9.70305, 5.67248, 5.41993, 6.1914, 4.56147, 3.38084, 1.00238, 3.53759, 9.35883, 14.3801, 20.1432, 26.3518)
(6.70481, 7.39699, 11.3355, 14.3743, 16.443, 14.6273, 7.33943, 4.03688, 3.79216, 5.57245, 8.37727, 11.2733, 9.99402, 9.61742, 9.11445, 8.35048, 8.36653, 8.16576, 8.09634, 8.42869, 9.13267, 9.46029, 6.12478, 5.2174, 5.05885, 3.55092, 2.37883, 0.903721, 3.01838, 8.06464, 13.3586, 22.3125, 30.0114)
(5.3106, 6.66303, 11.7494, 17.3608, 21.3882, 15.4104, 6.80509, 3.22767, 3.32237, 3.78689, 4.97563, 9.37195, 9.01936, 9.65886, 10.1426, 10.5824, 9.91604, 9.45378, 8.21195, 7.46042, 7.34683, 8.83581, 3.98314, 3.67302, 4.66475, 3.16201, 2.41143, 0.73471, 3.12771, 9.44069, 16.5769, 22.9868, 29.2388)
(5.88519, 7.45027, 11.4543, 14.8536, 17.4884, 15.4188, 7.06617, 3.72504, 3.46705, 5.50596, 7.68518, 11.1764, 10.1454, 9.02561, 9.662, 8.83155, 8.29029, 8.10823, 8.27806, 8.27756, 8.9656, 9.23937, 5.89083, 4.83504, 4.87877, 3.19545, 2.51972, 0.985498, 3.21599, 8.48604, 12.9925, 22.9002, 30.1)
(8.17537, 10.4112, 13.8066, 14.3562, 14.7835, 13.5282, 7.9167, 3.97744, 2.37441, 2.77927, 7.89119, 10.1699, 8.45607, 8.84324, 7.66211, 8.82212, 8.96602, 9.95664, 9.83647, 9.19191, 8.35138, 9.74414, 3.26737, 4.28435, 4.71317, 4.63968, 3.39645, 0.722006, 3.8955, 7.91436, 14.5482, 20.9839, 31.635)
(7.67785, 9.45481, 13.5158, 16.7383, 17.1364, 12.5657, 5.20241, 2.92021, 2.99761, 4.17043, 7.6205, 8.41861, 8.53019, 9.03805, 9.65786, 8.82455, 10.3288, 9.57084, 9.80543, 9.0589, 8.41115, 8.35567, 3.40424, 3.00652, 3.42356, 3.584, 2.38955, 0.699009, 3.75, 9.69346, 15.3503, 23.2618, 31.4376)
(7.67785, 9.45481, 13.5158, 16.7383, 17.1364, 12.5657, 5.20241, 2.92021, 2.99761, 4.17043, 7.6205, 8.41861, 8.53019, 9.03805, 9.65786, 8.82455, 10.3288, 9.57084, 9.80543, 9.0589, 8.41115, 8.35567, 3.40424, 3.00652, 3.42356, 3.584, 2.38955, 0.699009, 3.75, 9.69346, 15.3503, 23.2618, 31.4376)
(7.75793, 8.65324, 11.7553, 15.0606, 16.2022, 14.8149, 6.59742, 3.58376, 2.91262, 4.20996, 8.45209, 9.60715, 9.39448, 8.92033, 8.11747, 8.07652, 8.52929, 8.30437, 8.48223, 9.27758, 9.4791, 11.8115, 4.70101, 4.47537, 4.75047, 4.52628, 2.3833, 0.812904, 3.64652, 9.164, 15.2756, 21.5905, 28.674)
(9.63581, 9.14285, 9.71876, 11.9714, 13.9098, 14.5757, 6.06063, 4.77751, 2.92917, 5.9832, 11.2951, 11.52, 9.49391, 8.45007, 8.25349, 7.78622, 8.27522, 8.27872, 8.59891, 8.82592, 9.47148, 11.0461, 5.14317, 4.80114, 4.81199, 4.4935, 2.79576, 0.784707, 4.32676, 9.33698, 13.86, 20.2885, 29.3575)
(10.4801, 9.56428, 11.1335, 13.0169, 13.2916, 12.4986, 5.10766, 5.07068, 4.1617, 6.0675, 9.6075, 10.8323, 10.0859, 7.77457, 8.55546, 7.14829, 8.12374, 7.99531, 8.25757, 9.2858, 10.8582, 11.0829, 8.23773, 7.09278, 7.10383, 4.39702, 1.96166, 0.915154, 3.3342, 7.44358, 12.7475, 18.8651, 27.9014)
(5.20369, 7.02681, 12.7796, 20.2075, 22.4691, 16.819, 4.45807, 1.87108, 1.31278, 2.44708, 5.40523, 5.35649, 7.22261, 9.00218, 10.8446, 10.2803, 12.2603, 11.7258, 10.6592, 9.16337, 7.42291, 6.06233, 2.41123, 2.48793, 3.20235, 3.15099, 1.95521, 0.687908, 3.78896, 10.1879, 18.5967, 25.1441, 28.3867)
(10.0449, 9.40873, 10.3173, 12.1924, 12.5158, 12.6903, 5.68525, 6.2271, 5.15837, 6.57493, 9.18499, 11.6642, 10.0909, 7.67685, 8.05338, 6.85596, 8.48119, 7.91111, 7.88015, 8.59316, 10.9927, 11.8003, 8.68145, 8.1585, 7.86504, 5.79158, 2.54767, 0.827643, 3.65721, 6.88257, 12.3417, 18.6102, 24.6364)
(10.5725, 9.66795, 9.39663, 10.3054, 12.3854, 13.5851, 7.45941, 6.32384, 4.15032, 5.92107, 10.2323, 11.0857, 9.80416, 8.40893, 8.16393, 7.26813, 7.31256, 7.06458, 8.32473, 9.50865, 10.3404, 12.7182, 11.4176, 9.87696, 7.57427, 5.00655, 2.79975, 0.731166, 3.20349, 7.78976, 12.1378, 15.9293, 23.5333)
(9.70081, 9.73917, 11.1379, 11.4049, 13.1997, 13.0782, 7.33208, 4.72451, 3.72597, 5.37466, 10.5822, 10.6916, 10.1743, 9.01053, 7.70572, 8.01047, 7.95785, 7.56068, 8.50137, 8.6699, 9.78047, 11.9371, 7.16614, 6.81035, 6.30715, 5.0672, 2.93978, 0.830042, 3.9462, 8.34274, 12.9243, 17.7656, 27.9005)
(6.97923, 7.81037, 11.3909, 17.2395, 19.9271, 16.3165, 4.90365, 2.46745, 1.88971, 3.80452, 7.27111, 7.69484, 8.73438, 9.58703, 9.51403, 9.02711, 10.2978, 9.17269, 9.30244, 9.86497, 8.77463, 8.03006, 3.53727, 3.18206, 3.85726, 3.93007, 2.33927, 0.65871, 3.87506, 10.0102, 17.3775, 23.8619, 27.3708)
(12.1192, 10.2295, 10.4762, 8.49535, 10.9011, 12.0915, 7.77543, 6.18823, 4.23617, 5.88769, 11.5997, 11.2179, 10.4479, 9.60303, 7.85453, 7.75426, 7.27192, 6.34319, 8.29631, 9.30245, 10.5971, 11.3114, 14.4302, 8.77264, 7.2518, 5.18014, 3.00026, 0.65452, 3.03138, 7.63639, 11.0434, 15.3192, 23.6801)
(8.48573, 9.31335, 11.3699, 13.1508, 15.1561, 13.7392, 6.43672, 3.83094, 3.87751, 5.17335, 9.4664, 10.1184, 9.91906, 9.19023, 7.65664, 7.82415, 8.90689, 9.60958, 9.39008, 8.595, 8.91313, 9.87685, 5.2519, 5.63954, 4.48016, 3.81336, 2.37551, 0.647833, 3.67278, 8.58485, 14.4273, 21.219, 29.8877)
(8.23837, 10.4115, 12.4867, 13.6904, 13.959, 14.0227, 7.5303, 3.68699, 3.29865, 4.68827, 7.98717, 10.3042, 8.77281, 8.49087, 8.04505, 7.59026, 9.40637, 9.43933, 9.98198, 8.46979, 9.412, 10.0873, 3.88064, 4.08102, 4.37545, 4.77907, 2.96969, 0.676996, 3.68937, 9.24597, 14.5357, 20.7597, 31.0064)
(9.60347, 9.11375, 10.9348, 11.5905, 12.4966, 13.6921, 7.21176, 4.25241, 4.31769, 5.56503, 11.2218, 10.9917, 9.60829, 9.08336, 8.067, 7.80094, 8.6592, 8.21087, 8.39188, 8.37663, 9.74589, 11.0642, 6.57567, 5.73827, 5.13351, 4.49436, 2.644, 0.893391, 3.97076, 8.41827, 13.8942, 19.6103, 28.6273)
(7.44083, 7.06151, 11.0154, 16.2734, 18.6685, 16.7077, 5.42274, 2.21908, 2.28501, 4.59101, 8.31477, 8.46087, 9.17177, 9.46767, 9.83836, 8.71359, 9.43707, 8.40269, 9.10624, 9.56289, 8.84638, 8.99247, 5.01396, 3.33871, 4.20186, 4.00674, 2.37872, 0.718695, 3.54819, 9.29395, 16.1055, 21.8612, 29.5325)
(8.35024, 9.94458, 12.0192, 12.5052, 14.3914, 13.2197, 7.91785, 3.97918, 3.05609, 4.81311, 9.80352, 10.8992, 9.11319, 9.3881, 8.16731, 8.25138, 9.91617, 7.27601, 9.24016, 7.9627, 9.25214, 10.5336, 4.09771, 4.86969, 4.92363, 5.48661, 2.76793, 0.625364, 3.36119, 9.29813, 15.1302, 20.1717, 29.2679)
(11.6193, 9.64007, 11.0439, 11.8265, 12.423, 11.2791, 6.12124, 5.24178, 4.51689, 5.9868, 10.3015, 10.0649, 8.46474, 8.29117, 8.31697, 9.77455, 9.01945, 9.52467, 9.37161, 8.65042, 8.1446, 10.377, 7.6453, 7.30892, 6.5454, 5.22568, 2.89811, 0.746167, 3.85364, 7.29665, 13.0283, 17.6745, 27.7773)
(10.9255, 8.01965, 7.64794, 9.42151, 10.31, 13.031, 8.09343, 6.54652, 6.18362, 7.66051, 12.1603, 13.3886, 9.78375, 8.11969, 7.0997, 6.73191, 7.52253, 6.60783, 7.93704, 8.77379, 10.7997, 13.2355, 9.4316, 8.55432, 9.23532, 7.14098, 3.69643, 0.898553, 3.79811, 7.23421, 13.3051, 16.3073, 20.3981)
(11.3485, 7.66604, 7.37381, 8.25763, 9.67876, 13.6194, 8.52418, 6.52947, 5.94447, 8.23459, 12.8231, 13.6639, 9.29506, 8.19747, 7.11283, 6.40277, 7.18071, 7.15701, 8.23033, 8.46458, 11.0065, 13.2888, 10.3178, 9.62555, 9.26003, 6.37865, 3.9667, 0.789992, 4.25462, 7.69052, 13.6462, 16.0479, 18.022)
(7.2696, 6.48507, 10.3064, 17.3175, 21.0769, 17.6533, 5.02965, 2.00849, 2.28807, 3.72281, 6.84216, 7.05839, 8.9046, 9.79016, 10.1973, 9.3968, 10.7409, 9.04891, 9.49193, 9.4911, 7.98239, 7.89752, 6.12935, 4.0074, 3.67592, 3.54013, 2.28907, 0.83527, 3.59296, 9.77638, 16.7793, 22.7981, 26.5761)
(8.88086, 7.80507, 9.03159, 10.7789, 11.9277, 13.2421, 8.48584, 5.82447, 6.08004, 6.78356, 11.1598, 12.6132, 9.90229, 8.02846, 8.40094, 6.15966, 8.0253, 6.96451, 8.26939, 8.21097, 10.1171, 13.3082, 7.72019, 7.25859, 8.56436, 5.76709, 3.05803, 0.847816, 3.74453, 8.04672, 12.7985, 17.565, 24.6292)
(10.4893, 9.60229, 10.2798, 10.8941, 13.4959, 14.0538, 7.33077, 3.71365, 3.28404, 5.99385, 10.8625, 11.8498, 9.98969, 9.13066, 7.53218, 7.60484, 8.18891, 7.58698, 8.25452, 8.07788, 9.66721, 12.1173, 5.42774, 4.62186, 4.51911, 4.85879, 3.20322, 0.745147, 4.29486, 9.49407, 15.0123, 19.7597, 28.0632)
(8.76429, 7.42438, 8.46958, 9.21844, 11.5096, 14.4454, 9.83251, 5.99123, 5.47838, 6.98625, 11.88, 12.2395, 9.96463, 8.60729, 8.0436, 6.24827, 7.89812, 6.87787, 7.92033, 8.89117, 10.7009, 12.6083, 8.30674, 8.17133, 8.00947, 6.0149, 3.29389, 0.990769, 3.8374, 8.20411, 13.4681, 17.1931, 22.5103)
(9.23606, 8.23323, 9.79766, 10.7016, 13.6027, 15.1265, 8.19582, 5.4202, 4.56286, 5.0397, 10.0837, 11.955, 9.22879, 8.84021, 8.22247, 8.63938, 8.07583, 7.95066, 7.46052, 8.64486, 9.2391, 11.7432, 7.10089, 7.2967, 6.91498, 5.6677, 4.05361, 1.03711, 5.00517, 9.73883, 13.8147, 15.9922, 23.3782)
(9.23606, 8.23323, 9.79766, 10.7016, 13.6027, 15.1265, 8.19582, 5.4202, 4.56286, 5.0397, 10.0837, 11.955, 9.22879, 8.84021, 8.22247, 8.63938, 8.07583, 7.95066, 7.46052, 8.64486, 9.2391, 11.7432, 7.10089, 7.2967, 6.91498, 5.6677, 4.05361, 1.03711, 5.00517, 9.73883, 13.8147, 15.9922, 23.3782)
(8.94949, 10.3118, 12.7323, 12.4818, 17.1361, 14.8111, 5.46179, 2.68155, 3.09537, 4.545, 7.79358, 9.91546, 9.30257, 8.47428, 8.19202, 8.44078, 11.5362, 10.0476, 8.44885, 7.55985, 8.68748, 9.39488, 3.6086, 3.46919, 2.73329, 3.09638, 2.52243, 0.91347, 4.90525, 11.1646, 15.5471, 20.4744, 31.5652)
(11.1048, 9.18867, 9.70357, 12.1003, 13.5219, 13.2274, 7.4912, 4.95222, 3.69662, 5.24115, 9.77219, 11.5807, 9.98191, 8.924, 8.0053, 8.2661, 7.75122, 7.94967, 7.78158, 8.10353, 10.0814, 11.5746, 7.12716, 6.58799, 6.374, 4.67762, 2.58036, 0.673973, 3.82582, 8.31872, 13.6416, 19.3166, 26.8761)
(8.28869, 8.64105, 11.47, 11.9709, 17.9484, 14.806, 6.41623, 3.53463, 2.9837, 4.76304, 9.17741, 11.1419, 10.0247, 9.63668, 8.4982, 7.8684, 8.16673, 7.53527, 7.85333, 8.36984, 9.54253, 11.3624, 4.07599, 3.7304, 4.12584, 4.22426, 3.18241, 0.891442, 4.39986, 10.8153, 15.2296, 21.0581, 28.2667)
(6.78291, 8.02423, 11.7133, 18.1102, 18.9265, 14.7556, 5.81054, 2.99317, 2.34835, 3.77247, 6.76274, 8.39269, 8.62059, 8.49456, 10.4183, 9.29687, 10.8626, 9.72846, 9.4418, 8.24339, 8.14793, 8.35286, 6.01718, 4.17947, 4.35699, 4.09705, 1.99163, 0.507865, 3.56326, 9.20394, 16.3065, 22.2956, 27.4804)
(11.3246, 8.83159, 9.45117, 10.8591, 12.4743, 12.9678, 7.35683, 5.008, 4.57886, 6.46777, 10.6799, 12.1127, 9.87987, 8.72964, 7.98435, 7.94634, 7.53133, 8.03497, 7.73638, 8.34798, 9.57937, 12.1171, 7.52635, 7.34034, 6.36749, 4.88272, 2.47312, 0.744833, 3.60274, 7.85868, 12.9735, 19.6867, 26.5435)
(9.09286, 7.81462, 8.39859, 10.0996, 12.1066, 13.0604, 7.87953, 6.05816, 5.37364, 7.51331, 12.6026, 13.0766, 9.53318, 8.69267, 7.43611, 6.62838, 7.38892, 7.69886, 8.37918, 8.72451, 10.4435, 11.998, 8.67854, 8.19316, 7.21485, 5.39502, 3.1896, 0.74831, 3.51079, 8.58307, 13.9335, 18.1279, 22.4252)
(5.94624, 6.97678, 10.3817, 18.1841, 21.5962, 13.9586, 4.86189, 3.46191, 2.89809, 4.40515, 7.32941, 7.23208, 8.76104, 8.25742, 9.45869, 9.40412, 10.2572, 10.1194, 9.34579, 9.96299, 8.53562, 8.66566, 4.80807, 3.74887, 2.67091, 2.47846, 1.63623, 0.771259, 3.60935, 9.80865, 17.8936, 23.4242, 29.1504)
(8.46845, 6.79744, 7.52467, 9.23566, 12.8688, 15.1209, 9.84772, 6.58236, 5.56855, 7.03246, 10.9529, 12.5093, 10.0209, 8.74508, 8.06644, 7.18553, 7.4344, 7.6534, 8.25902, 8.38316, 10.1937, 11.549, 9.23614, 9.16732, 8.35443, 5.7487, 3.52117, 0.896873, 3.99211, 7.81698, 13.3627, 16.621, 21.2825)
(9.47458, 7.8119, 9.00863, 9.33999, 11.2852, 12.5286, 7.98486, 7.21287, 5.94303, 8.28745, 11.1229, 12.9837, 10.5799, 8.56529, 7.59345, 6.82208, 7.24297, 7.2337, 7.80209, 8.80289, 9.85208, 12.5218, 8.57385, 8.71964, 8.15493, 6.3674, 3.28962, 0.683919, 3.35306, 8.12333, 12.7037, 17.9957, 22.0348)
(8.06243, 8.3303, 9.98512, 13.7189, 14.9073, 13.0893, 6.22359, 5.35291, 4.18617, 6.33079, 9.81323, 9.52556, 8.75955, 8.7751, 8.96236, 8.5512, 9.3592, 8.47948, 8.17992, 9.85565, 9.88871, 9.6633, 9.1069, 6.80057, 5.37905, 3.51593, 2.18714, 0.614982, 2.83546, 7.38743, 13.4239, 20.2055, 28.5431)
(6.06142, 6.19517, 12.0308, 17.4275, 19.0019, 14.4411, 5.50029, 3.03222, 2.47516, 5.05991, 8.77441, 9.99544, 8.80057, 8.20496, 8.97894, 9.05809, 9.52658, 10.2556, 9.28836, 9.09488, 8.74391, 8.05268, 5.48295, 4.14164, 3.6067, 3.37192, 2.41333, 0.701696, 3.22301, 10.0558, 16.854, 23.6423, 26.5067)
(8.95088, 8.53302, 10.241, 11.0982, 12.6649, 13.2715, 7.67362, 5.6449, 5.11863, 6.96101, 9.84224, 12.8076, 9.96746, 8.78823, 8.06427, 7.58892, 7.49347, 7.5714, 8.09953, 8.28583, 9.45043, 11.8829, 8.18174, 7.56863, 7.07177, 5.19054, 3.26112, 0.729326, 3.21425, 7.76267, 13.3787, 18.6744, 24.9669)
(8.33446, 7.56941, 10.1585, 12.15, 13.5348, 13.8272, 7.4695, 5.97456, 5.52665, 6.45806, 8.99686, 12.1485, 10.0217, 9.44783, 8.17677, 7.56898, 7.58981, 7.87321, 8.21871, 7.83559, 9.19075, 11.9281, 6.80768, 8.17526, 6.99468, 4.95604, 2.86002, 0.765005, 2.8438, 7.66768, 13.1503, 20.0353, 25.7442)
(6.58198, 7.4827, 10.3252, 14.6481, 17.7104, 15.7123, 6.29869, 4.35816, 3.31355, 5.51032, 8.0586, 10.3613, 9.14714, 8.44458, 9.22676, 9.03876, 9.63179, 9.57096, 8.4509, 8.26287, 9.26835, 8.59662, 7.08208, 5.81961, 4.69149, 3.89722, 2.60832, 0.828592, 3.38994, 9.4803, 15.3396, 20.6896, 26.1733)
(6.11375, 6.87817, 10.9709, 16.0245, 19.4485, 15.6368, 6.26262, 3.46858, 2.74016, 5.05051, 7.40561, 9.83662, 9.05787, 8.56012, 9.16555, 9.93392, 9.86785, 9.66602, 8.82393, 8.58582, 8.50352, 7.99878, 5.92039, 5.09677, 4.30538, 3.55738, 2.47013, 0.802696, 3.09665, 9.95942, 16.4167, 21.9772, 26.3973)
(8.1303, 7.84275, 11.5693, 16.6005, 18.4944, 12.2401, 4.82387, 3.09809, 3.21019, 4.75351, 9.23699, 8.16359, 8.54901, 9.84657, 9.69651, 9.40752, 9.46887, 8.85245, 8.83327, 10.8889, 8.11415, 8.17914, 2.64304, 3.67327, 3.70663, 2.61779, 1.50755, 0.304118, 2.7637, 8.30378, 16.3186, 24.6022, 33.5593)
(8.70412, 8.29447, 10.1251, 11.8513, 13.921, 13.4602, 7.15115, 5.21435, 5.07753, 6.34241, 9.85836, 11.8252, 9.66009, 9.15557, 8.31085, 8.16894, 7.52051, 7.77089, 7.93452, 8.04219, 9.81599, 11.7953, 8.09955, 6.8973, 5.90385, 4.20196, 2.71523, 0.698615, 3.10625, 7.40254, 12.8715, 20.062, 28.0412)
(5.80433, 6.40252, 10.5359, 14.9663, 19.3504, 18.6208, 7.10742, 3.30912, 3.00195, 4.64778, 6.25346, 10.1476, 9.91518, 9.82681, 9.49435, 9.13666, 8.12846, 8.57799, 8.05836, 8.47325, 8.42811, 9.81325, 5.20146, 4.89048, 5.30005, 4.53748, 3.45189, 1.06248, 4.21514, 9.80654, 15.2904, 20.9843, 25.2597)
(6.12034, 6.98617, 11.8482, 15.9791, 17.338, 16.0601, 8.52137, 3.67586, 3.14082, 4.36756, 5.96244, 10.729, 9.16891, 9.72041, 8.82162, 9.2312, 9.47825, 8.88133, 8.6577, 7.51705, 7.94484, 9.84964, 4.43579, 4.67955, 5.99598, 4.00825, 3.36213, 0.743742, 3.29066, 9.65447, 15.2521, 21.1683, 27.409)
