(5.19881, 7.15591, 14.5153, 17.9192, 24.052, 18.4626, 3.7074, 1.71457, 0.81172, 1.64299, 4.81945, 4.40869, 7.24159, 10.5197, 9.77856, 11.8563, 12.1285, 12.7789, 10.9118, 8.0554, 6.48032, 5.84031, 3.09024, 2.5188, 1.67839, 2.38661, 2.06719, 0.641822, 5.33651, 10.3609, 16.3317, 26.9426, 28.6453)
(2.72099, 4.90293, 13.3189, 22.1413, 30.0348, 18.5214, 3.08729, 2.01825, 0.39249, 0.624201, 2.23749, 3.456, 3.96358, 10.2604, 9.30197, 10.534, 18.183, 18.5209, 12.1506, 6.52209, 4.31546, 2.79203, 2.33965, 0.542425, 0.778365, 1.23747, 1.01462, 0.296047, 1.4818, 6.39084, 15.3019, 33.443, 37.1739)
(6.051, 7.14154, 11.3782, 15.0707, 23.2719, 20.8272, 2.92657, 2.09179, 1.25738, 2.2743, 7.70945, 6.15585, 9.09568, 8.77443, 10.3009, 9.70634, 10.9554, 10.5423, 10.7021, 10.4716, 6.77591, 6.51954, 3.73284, 2.7234, 3.27373, 2.77062, 1.2657, 0.384381, 6.34436, 13.8661, 17.8526, 23.3981, 24.3882)
(7.4637, 7.90101, 11.1197, 19.6691, 30.6039, 11.0937, 2.18476, 1.04437, 0.926749, 1.5401, 6.45288, 3.83249, 8.18841, 13.2056, 10.1056, 11.1248, 10.0221, 8.75234, 9.87731, 8.69909, 11.448, 4.74429, 3.1027, 0.874095, 1.28657, 0.943747, 1.10651, 0.302755, 2.10146, 13.2205, 22.1041, 22.8848, 32.0728)
(6.90643, 3.39958, 6.48552, 7.86532, 11.6226, 30.9806, 8.52435, 1.31163, 5.64522, 6.12167, 11.1371, 9.86518, 5.96537, 6.87797, 5.10281, 9.58392, 11.8314, 11.9198, 9.52184, 9.24118, 5.72591, 14.3646, 5.13262, 8.77477, 5.02167, 3.55741, 5.48366, 1.37799, 4.84141, 7.44325, 15.5931, 18.248, 24.5261)
(8.24643, 8.66325, 12.8044, 16.8476, 22.1225, 18.0355, 1.87343, 1.54895, 2.53441, 1.55654, 5.76704, 4.57701, 4.73561, 12.0003, 12.3163, 9.74782, 9.1541, 13.5364, 8.79769, 9.82437, 8.27969, 7.03068, 2.83801, 0.313511, 1.57311, 0.460463, 0.405345, 1.31591, 7.64517, 8.79602, 22.6883, 25.011, 28.9531)
(5.78622, 8.33442, 14.1931, 19.3237, 19.2891, 18.9792, 5.21708, 1.69478, 0.681924, 1.21774, 5.28271, 4.96875, 5.56622, 9.10136, 10.0614, 9.71915, 14.9761, 11.4793, 10.4802, 9.61309, 7.92388, 6.1106, 2.50933, 1.49786, 1.4358, 3.58158, 4.11766, 0.662266, 3.79115, 8.86963, 17.3425, 25.6807, 30.5115)
(5.48769, 8.86833, 12.1682, 14.8922, 27.5205, 16.2674, 2.72918, 2.74095, 1.74043, 2.03892, 5.54619, 8.57489, 7.18578, 7.37951, 8.71871, 12.7583, 12.6317, 15.1141, 8.69215, 7.73856, 5.73713, 5.46917, 2.17552, 2.41169, 1.45878, 1.93453, 1.43433, 0.412497, 4.80357, 13.2944, 19.3116, 25.9232, 26.8398)
(5.64515, 8.8793, 11.844, 18.1437, 20.3126, 19.5378, 4.7813, 1.86115, 0.719571, 2.75495, 5.52043, 7.44933, 7.05454, 7.78665, 11.4091, 8.66491, 9.48336, 11.2717, 10.2987, 9.28352, 7.27309, 10.0252, 2.72167, 1.82611, 3.18318, 3.88695, 2.48338, 0.69494, 4.55212, 10.5162, 20.427, 24.2523, 25.4561)
(8.66954, 9.81878, 11.0533, 14.0285, 18.3149, 14.2102, 4.32096, 1.91007, 1.77539, 4.12817, 11.7703, 12.8968, 8.17311, 8.88227, 7.12488, 8.56358, 8.44034, 8.90593, 8.34317, 9.77271, 8.3671, 10.5301, 1.69211, 3.37525, 3.32007, 3.33983, 1.69325, 1.12864, 4.68266, 10.1627, 16.093, 22.7353, 31.7772)
(6.71261, 6.63225, 10.4187, 16.7223, 21.5194, 14.5467, 7.94799, 3.09192, 1.92594, 3.87924, 6.60288, 13.0901, 10.1823, 7.40233, 7.28035, 8.05649, 10.2918, 8.61388, 6.9608, 8.54384, 9.61966, 9.9584, 3.39663, 5.03192, 6.01638, 5.03961, 1.81116, 0.744111, 2.61636, 8.19966, 14.5991, 20.6193, 31.9257)
(8.94877, 9.97683, 10.2986, 10.3637, 13.763, 12.9436, 7.10197, 5.27782, 3.06309, 4.96612, 13.2964, 10.9586, 7.56956, 8.94461, 10.3527, 7.951, 7.91294, 9.28173, 9.19424, 9.22498, 8.17507, 10.4346, 3.79277, 6.56158, 6.74109, 4.87321, 2.02632, 0.73015, 4.39051, 8.63218, 12.6009, 19.2671, 30.3841)
(6.37726, 7.96642, 18.3622, 20.295, 24.119, 9.8629, 2.12693, 2.7732, 0.369387, 1.61944, 6.12831, 1.47494, 8.80812, 10.1442, 17.5655, 10.5656, 11.6921, 12.5601, 5.59269, 6.61582, 11.0441, 3.93686, 1.74235, 0.352197, 0.57608, 0.517346, 0.395764, 1.27452, 4.26612, 10.4011, 16.3616, 31.1561, 32.9568)
(7.31173, 6.42502, 8.25972, 13.5796, 24.3338, 10.9952, 2.80305, 4.54129, 3.63697, 6.33704, 11.7765, 10.03, 8.23268, 8.18908, 14.3976, 9.95153, 4.64673, 5.52182, 10.8427, 6.42985, 8.20857, 13.5494, 7.26115, 2.82487, 5.4477, 2.76907, 1.84687, 0.908333, 1.00967, 17.9549, 18.0838, 23.5201, 18.3735)
(9.35388, 7.38643, 14.8034, 23.007, 22.4679, 8.72431, 2.5206, 0.864474, 1.52842, 0.959901, 8.38362, 3.90122, 7.96001, 11.2428, 14.1411, 12.4791, 9.82438, 11.2209, 7.83219, 7.18677, 8.84771, 5.36374, 1.02656, 0.698236, 2.00642, 0.951816, 0.728795, 0.208357, 3.6774, 9.79941, 20.0552, 28.0144, 32.8334)
(8.72693, 9.80952, 11.2383, 13.8651, 19.8099, 16.4602, 3.87304, 2.75697, 1.8525, 3.7093, 7.8983, 7.82477, 8.63477, 8.7405, 9.12618, 7.67576, 10.4502, 8.94116, 9.62163, 11.724, 9.22797, 8.03303, 3.1571, 2.50141, 2.66296, 2.15511, 1.78827, 0.748246, 4.49955, 11.0569, 16.3931, 20.7123, 34.3252)
(7.37905, 10.0715, 13.8199, 20.2055, 18.1244, 14.4806, 5.22016, 2.38789, 1.23563, 1.62056, 5.45483, 6.87427, 6.50111, 8.94225, 10.855, 11.3942, 11.272, 10.3179, 9.27696, 10.4995, 7.0696, 6.99721, 2.81592, 1.43566, 2.67771, 4.25645, 2.51425, 0.630516, 2.89568, 8.79736, 16.6813, 25.908, 31.3871)
(6.2284, 10.0173, 10.7198, 13.5027, 20.0471, 19.6895, 4.01813, 2.3099, 1.095, 2.83246, 9.53971, 8.07597, 9.97293, 9.05554, 8.08373, 7.03638, 8.83403, 8.793, 8.87228, 12.2778, 10.0306, 8.96774, 2.62131, 3.55891, 3.55721, 2.32578, 2.29722, 0.784771, 3.65262, 10.2879, 18.0807, 26.1534, 26.6802)
(8.62833, 9.64562, 11.3961, 11.8796, 16.0072, 14.771, 5.18, 3.63638, 3.33115, 5.01158, 10.513, 12.6122, 9.99777, 9.24476, 8.32083, 7.95742, 8.27513, 8.48285, 7.88728, 8.70299, 8.59047, 9.9283, 6.72194, 5.0739, 4.69941, 4.30602, 2.7676, 0.720351, 4.68371, 9.47995, 16.0021, 21.0919, 24.4531)
(7.06602, 7.7461, 9.97973, 14.4546, 21.7549, 14.6965, 5.05236, 4.10345, 3.44349, 3.93088, 7.77199, 13.7019, 9.18698, 8.10135, 8.71447, 9.67593, 8.83057, 9.05766, 7.76427, 7.27913, 9.19608, 8.49169, 4.54337, 4.43377, 3.60306, 3.61444, 2.78538, 0.944093, 4.43267, 12.8912, 17.4638, 21.701, 23.5871)
(7.32966, 7.22368, 11.9929, 15.6059, 18.4612, 17.8137, 3.35259, 2.70164, 1.61044, 4.31646, 9.59178, 10.2934, 6.70815, 9.48411, 10.4427, 10.4308, 8.66174, 9.35229, 8.73768, 9.13634, 9.44609, 7.3067, 2.40643, 3.5196, 2.55091, 2.08071, 2.27879, 0.384905, 4.99922, 9.10867, 19.0112, 23.2946, 30.3649)
(2.79021, 9.05123, 17.8623, 21.6823, 16.2365, 19.0924, 4.31052, 1.54353, 0.341465, 0.488873, 6.60065, 5.67254, 6.63889, 5.28832, 13.9333, 12.9398, 12.5823, 7.32425, 9.29426, 11.232, 6.96531, 8.12891, 1.62586, 0.581648, 2.74689, 3.9442, 3.59954, 0.176754, 5.93957, 9.22213, 23.4837, 21.8112, 26.8686)
(7.83621, 7.49151, 8.62296, 11.348, 15.707, 15.7714, 6.81811, 5.78934, 4.08473, 5.44913, 11.0816, 11.0857, 8.13024, 8.75149, 9.36868, 8.18413, 8.67264, 8.2584, 9.22065, 9.12369, 9.43333, 9.77105, 4.95152, 3.81815, 3.22837, 3.14066, 2.16313, 0.716125, 3.36689, 9.31418, 15.6628, 20.6263, 33.0119)
(10.0411, 9.42963, 11.4506, 12.2019, 16.0621, 13.5982, 5.92831, 3.95174, 3.40145, 3.46554, 10.4694, 11.8362, 9.4555, 9.84597, 8.36159, 7.11841, 8.2228, 8.86241, 8.19656, 9.2799, 9.61398, 9.20668, 4.36389, 3.52829, 4.05581, 4.39427, 2.45404, 0.674254, 3.66249, 8.72682, 15.1371, 21.7555, 31.2475)
(7.95602, 7.77187, 10.6532, 13.2139, 16.1013, 13.9605, 7.35636, 4.78904, 3.68319, 6.02093, 8.49365, 13.1194, 10.1027, 8.00102, 7.02446, 7.06602, 8.83781, 7.43049, 8.44355, 9.8673, 8.85839, 11.2489, 5.23106, 6.53347, 7.68218, 6.07005, 2.08244, 0.723354, 3.8847, 7.87301, 13.1203, 18.4863, 28.3132)
(8.92289, 11.53, 12.3442, 8.23423, 18.164, 14.073, 5.46944, 6.53532, 3.6606, 1.38613, 9.68015, 6.46113, 7.5724, 8.63228, 13.2483, 14.5144, 10.1628, 7.63715, 10.4593, 8.54143, 4.76092, 8.00994, 2.62442, 4.22074, 4.03314, 5.09947, 2.09865, 0.198456, 3.81681, 7.72074, 12.6338, 23.3879, 34.1658)
(6.96354, 8.00698, 12.1728, 9.6576, 16.5412, 18.8811, 3.83955, 4.66756, 4.31736, 1.26965, 13.6826, 4.7909, 8.01547, 4.54735, 14.1456, 14.1583, 10.2785, 8.04305, 12.6789, 5.64487, 7.97877, 9.71821, 2.19166, 2.48468, 2.45087, 2.36426, 3.11708, 1.35696, 6.98149, 16.3411, 11.5501, 16.6692, 34.4926)
(11.3796, 9.01378, 9.56706, 11.3025, 13.144, 10.231, 4.50994, 8.00376, 4.70215, 5.4171, 12.7292, 6.59454, 8.86355, 8.15951, 13.6126, 8.87656, 7.55605, 11.13, 12.2659, 6.28632, 8.16105, 8.49383, 4.95909, 8.96691, 5.48523, 5.71965, 3.76096, 0.39333, 2.56532, 6.91906, 12.165, 19.2773, 29.7882)
(8.52336, 10.7511, 11.1613, 13.2489, 12.511, 12.5168, 7.54957, 5.11693, 3.92802, 4.31654, 10.3764, 9.69677, 7.31455, 7.77254, 10.0767, 8.6912, 10.616, 8.07632, 7.75867, 8.73693, 9.2115, 12.0489, 4.44281, 6.78693, 7.9534, 5.46451, 1.8684, 0.399081, 2.82319, 7.1998, 12.8676, 20.3126, 29.8817)
(8.8429, 9.61165, 10.766, 12.0044, 15.4144, 16.111, 5.93659, 3.60102, 3.32405, 4.37097, 10.017, 10.8876, 9.38797, 9.34676, 8.33808, 7.62835, 8.29676, 7.85894, 8.06561, 9.62939, 10.9086, 9.65192, 6.01143, 5.14749, 4.72264, 3.5552, 1.85659, 0.952048, 3.54503, 7.69602, 14.5945, 22.5402, 29.3788)
(9.19285, 10.2076, 12.0866, 13.3637, 14.9952, 16.3773, 6.89104, 3.46594, 2.18353, 2.95709, 8.27915, 9.13682, 8.21227, 8.76693, 8.77348, 8.43752, 9.37614, 8.68367, 8.75263, 9.78543, 9.30231, 10.7728, 3.18579, 3.55967, 5.00439, 4.69874, 2.88097, 0.92217, 4.43816, 10.0308, 15.0628, 22.4309, 27.7856)
(8.72662, 9.23404, 12.1095, 13.5732, 15.6774, 13.7325, 6.27371, 3.21157, 2.18202, 4.79391, 10.4856, 10.5112, 9.33953, 9.22935, 8.23105, 8.28991, 7.87506, 7.37645, 8.82896, 8.38829, 10.1886, 11.7416, 2.48502, 4.13183, 4.02993, 4.05136, 2.45241, 1.07592, 4.24705, 9.77236, 14.8856, 20.96, 31.9085)
(3.61309, 5.28129, 11.4008, 17.3673, 21.3828, 11.2346, 16.0403, 5.10054, 2.60118, 2.19249, 3.78559, 10.7552, 11.0204, 11.0379, 7.60534, 9.47761, 5.16661, 9.68571, 11.5191, 6.09347, 6.6071, 11.0316, 11.3247, 6.16445, 5.39435, 2.32562, 1.46345, 0.344121, 1.61602, 6.01852, 10.6784, 20.5064, 34.164)
(9.19008, 8.94483, 11.4218, 13.2152, 17.8718, 13.185, 4.79727, 1.92311, 1.82775, 4.70047, 12.9226, 12.3479, 8.17686, 9.01624, 8.21587, 8.85281, 8.28952, 7.8728, 8.04143, 10.0058, 8.3452, 10.8356, 1.95327, 3.51605, 2.91041, 2.92864, 1.78584, 0.907196, 5.16362, 10.4374, 16.1056, 23.4996, 30.7923)
(11.2022, 10.9949, 10.6803, 10.2182, 9.86306, 11.3597, 5.65402, 5.64097, 3.94787, 8.05076, 12.388, 15.319, 9.60759, 6.67509, 7.10945, 8.02196, 6.19766, 5.89271, 10.2257, 6.81208, 6.84607, 17.2926, 8.68551, 7.16191, 7.3198, 5.65628, 2.02174, 0.418315, 2.95144, 7.26253, 12.7743, 15.8577, 29.8904)
(5.49154, 10.2569, 11.8772, 12.0996, 13.9347, 11.0953, 8.56822, 8.18802, 4.57634, 5.15769, 8.75451, 14.8702, 9.58815, 7.43382, 7.95581, 7.28692, 5.67231, 7.27418, 8.18543, 7.67372, 10.3123, 13.7471, 8.56281, 7.97089, 6.62209, 5.3116, 2.03556, 1.60345, 3.49587, 9.59467, 12.0527, 17.7506, 24.9998)
(10.2291, 7.87554, 10.7422, 12.934, 17.736, 13.0305, 5.18238, 3.11332, 2.11863, 5.64445, 11.3938, 10.496, 10.5539, 8.88901, 8.95858, 7.44314, 6.77486, 7.26382, 7.69339, 8.91357, 9.5291, 13.4846, 2.47211, 3.19296, 3.14011, 4.4105, 2.23798, 0.607202, 4.12441, 9.95853, 16.5512, 25.8311, 27.4739)
(9.6631, 8.51278, 9.32346, 11.3263, 13.3332, 13.9371, 6.61895, 4.13148, 4.11635, 6.34508, 12.6923, 12.0372, 10.318, 9.00927, 8.43019, 7.39566, 7.33798, 7.29769, 8.11003, 8.36274, 8.18432, 13.517, 5.37241, 5.3271, 5.40353, 5.25145, 2.2971, 1.24275, 3.32904, 8.23687, 14.3237, 22.523, 26.6931)
(11.297, 8.90153, 10.2421, 13.8693, 16.4798, 18.7151, 1.78397, 1.5457, 0.311841, 6.37294, 10.4807, 6.86538, 13.6923, 8.95803, 7.80216, 7.70246, 6.48755, 4.2339, 7.70444, 13.6173, 10.1646, 12.7719, 1.55035, 2.75397, 0.471174, 3.94052, 3.72846, 1.2292, 5.00331, 11.281, 21.0717, 27.652, 21.3183)
(7.9911, 9.88004, 13.1152, 13.7237, 12.8913, 12.8345, 7.38346, 4.19806, 3.41254, 5.79535, 8.77474, 13.5408, 10.0399, 8.97866, 7.19248, 6.99204, 7.51055, 7.45239, 7.8875, 8.72503, 9.75089, 11.9297, 4.1921, 6.0302, 5.63261, 5.75227, 3.10278, 0.807671, 3.43761, 8.32919, 13.3983, 19.4733, 29.844)
(8.26371, 9.78603, 13.9316, 14.237, 13.3135, 10.2119, 5.90635, 4.19385, 4.32677, 7.05487, 8.7744, 10.7686, 8.87286, 7.72967, 10.3299, 10.0389, 8.91137, 10.0993, 11.273, 5.5953, 7.29178, 9.08931, 6.39705, 7.83114, 5.69975, 3.62911, 1.8274, 0.377273, 3.78284, 7.54158, 13.2315, 18.3062, 31.3762)
(9.90727, 7.70654, 11.5649, 9.04509, 10.0183, 13.5457, 7.83523, 6.35611, 5.15312, 5.42313, 13.4446, 13.6199, 9.2028, 7.60377, 7.77723, 7.92427, 7.59353, 7.45778, 7.39038, 9.05382, 9.21618, 13.1603, 6.55834, 6.8905, 8.25253, 5.64175, 4.03379, 0.637831, 5.27979, 8.28392, 12.0435, 17.0242, 25.3539)
(12.7921, 10.0474, 9.72116, 10.4822, 11.4617, 9.75488, 5.33498, 6.00817, 4.28946, 7.8656, 12.2423, 9.55468, 11.2181, 9.73508, 9.31719, 8.47447, 6.81322, 8.29994, 9.58193, 7.41983, 8.07193, 11.5136, 10.0258, 8.52826, 6.95784, 5.03778, 3.37254, 0.550174, 3.42, 7.36436, 12.8702, 19.7394, 22.1337)
(8.43371, 8.87467, 11.3421, 10.1463, 10.9118, 12.7299, 7.78164, 6.92591, 5.04375, 6.28268, 11.5275, 12.3916, 8.31423, 7.83529, 8.07571, 9.97659, 6.59268, 7.89689, 8.10403, 8.97737, 10.1829, 11.6527, 8.09757, 10.1371, 8.99028, 6.46575, 2.7249, 1.12154, 4.28771, 7.31105, 11.7833, 15.8868, 23.1941)
(7.87977, 10.7271, 10.7749, 10.2367, 11.2096, 14.3092, 8.88635, 5.91923, 4.87116, 5.17774, 10.0083, 12.2228, 8.87886, 8.45372, 8.53245, 7.09211, 7.59281, 8.32376, 7.79714, 7.57477, 8.63339, 14.8982, 4.5273, 8.63318, 8.72365, 6.9189, 2.6399, 0.430611, 3.50045, 7.26899, 11.2637, 20.2392, 25.8541)
(14.4953, 13.8757, 12.9167, 8.65337, 8.22857, 8.61432, 2.72705, 3.81893, 5.27724, 5.42418, 15.9687, 12.6765, 9.23489, 9.20467, 8.67279, 7.45418, 4.35629, 8.02364, 7.18838, 10.3096, 9.60667, 13.2724, 16.3762, 8.71667, 8.32428, 4.18513, 4.165, 0.914403, 4.74416, 9.13657, 11.2158, 13.8662, 18.3556)
(13.8675, 9.2701, 7.74728, 8.54407, 10.824, 9.67392, 7.10046, 6.11465, 6.07409, 7.28864, 13.4953, 15.3936, 10.2059, 8.0202, 6.75815, 6.26029, 6.28314, 6.54133, 7.97304, 8.91179, 10.8872, 12.7654, 17.8573, 12.6751, 9.11166, 5.80592, 3.1786, 0.725213, 3.11013, 6.89514, 10.0067, 13.4986, 17.1356)
(9.28838, 8.46858, 8.65148, 8.76895, 12.2478, 10.6756, 6.53665, 5.55594, 5.76702, 8.10952, 15.9301, 12.9978, 9.76942, 8.43701, 8.18889, 7.79144, 7.79312, 8.26868, 6.94984, 7.5597, 11.5906, 10.6535, 13.0154, 8.41925, 8.40066, 6.61809, 3.61549, 0.974723, 4.74019, 10.1146, 11.6709, 14.3815, 18.0492)
(8.19495, 10.4563, 13.356, 15.1888, 16.5849, 13.45, 6.82508, 2.30631, 2.29259, 3.34307, 8.00198, 10.4058, 10.7374, 6.62562, 7.91965, 9.86052, 8.34019, 8.01545, 8.95489, 10.2822, 9.31389, 9.54451, 3.8893, 2.56722, 3.88826, 3.8947, 2.98798, 0.80751, 3.28057, 8.32872, 17.2901, 22.3689, 30.6968)
(9.39848, 9.63921, 11.7986, 11.8158, 14.1906, 12.6469, 5.49442, 5.27737, 4.21338, 4.91496, 10.6102, 11.0848, 9.07082, 9.13436, 7.90179, 8.26965, 7.93862, 8.21107, 8.93793, 10.2254, 8.96911, 10.2564, 5.58423, 5.15313, 5.81777, 3.45499, 2.24825, 0.886897, 3.6835, 7.55815, 12.8481, 20.0066, 32.7583)
(8.55847, 6.18468, 5.82224, 8.48185, 8.24422, 16.0177, 12.0383, 7.95882, 4.21229, 9.43634, 13.0451, 16.9028, 9.75541, 9.14639, 6.30553, 8.92939, 5.40264, 9.29246, 6.49192, 8.4209, 8.1068, 11.2458, 8.7698, 9.11361, 10.4161, 8.01003, 4.14676, 2.24355, 5.05231, 9.69064, 12.7407, 15.3899, 14.4266)
(6.06371, 12.1273, 13.2242, 19.9924, 13.5953, 11.1984, 10.3716, 4.08561, 0.847129, 2.37795, 6.11644, 8.34548, 5.15368, 8.91362, 8.67405, 14.8651, 12.4405, 6.60375, 10.2204, 9.53076, 6.86488, 8.38778, 1.90614, 1.12816, 5.58806, 6.70385, 4.15986, 0.489052, 3.836, 6.88814, 15.3311, 23.6033, 30.3663)
(10.8798, 9.33262, 9.73922, 10.7625, 12.7884, 13.6197, 7.63837, 4.93332, 3.56379, 5.22362, 11.5187, 11.8476, 10.3515, 8.82307, 9.36493, 6.86705, 7.98921, 7.71588, 7.28276, 8.70754, 9.03918, 12.0112, 7.55746, 6.47008, 6.26638, 4.84651, 2.56618, 0.909201, 4.05647, 7.40596, 12.7972, 19.8951, 27.2293)
(9.10553, 8.81373, 8.82262, 11.2322, 13.0652, 15.4201, 7.67304, 6.04491, 3.62824, 4.83722, 11.3573, 15.54, 10.223, 8.22276, 7.72338, 7.98199, 6.95844, 8.12922, 7.34481, 7.72081, 9.86672, 10.2889, 7.64217, 7.29672, 6.93343, 6.18212, 4.16649, 1.13783, 4.2828, 9.11745, 13.3147, 17.1451, 22.7812)
(8.66079, 11.3588, 13.0805, 13.3738, 14.7083, 16.9106, 7.94732, 3.13557, 2.00352, 2.24485, 6.57603, 8.94539, 7.53667, 8.28232, 8.73868, 9.98877, 10.0686, 8.74136, 9.01154, 9.18539, 9.81811, 9.68319, 2.17847, 2.26935, 6.46147, 4.41624, 4.44955, 1.02481, 4.04064, 10.1389, 15.5583, 21.788, 27.6743)
(10.7791, 10.7377, 9.45295, 10.1508, 12.9712, 13.7639, 7.62337, 6.01839, 3.5906, 4.03015, 10.8817, 13.6301, 10.0433, 8.77015, 8.64501, 6.81295, 7.46482, 7.26829, 7.42502, 8.55285, 11.3461, 10.0414, 9.06208, 6.11487, 6.73973, 5.35105, 2.93351, 0.629008, 4.35842, 8.44936, 12.9635, 17.3966, 26.0019)
(16.0909, 7.78434, 11.7665, 9.57094, 12.8225, 10.4091, 11.297, 2.79492, 2.48339, 2.78287, 12.1975, 11.3606, 6.4158, 8.12755, 8.61707, 7.88336, 9.28903, 8.69021, 7.39125, 9.32682, 8.7526, 14.1457, 2.04554, 1.78801, 7.5445, 9.07456, 4.71553, 0.219418, 3.34746, 12.0959, 11.9858, 16.0744, 31.1089)
(8.13151, 10.0689, 12.5841, 14.6289, 22.4172, 14.1216, 3.84071, 2.19507, 2.07999, 2.58214, 7.34982, 9.39027, 9.21652, 8.88392, 8.50725, 8.12375, 9.10556, 9.19817, 9.27041, 8.79431, 9.7158, 9.79405, 3.15318, 2.36564, 2.15975, 3.25205, 2.16396, 0.79749, 3.69042, 11.8467, 19.1625, 24.789, 26.6194)
(7.59887, 8.44162, 14.0068, 17.2079, 21.1018, 15.0159, 3.05393, 1.18928, 1.81405, 3.58887, 6.98099, 7.44624, 9.6011, 9.40014, 8.21158, 9.33372, 9.32817, 9.21374, 10.0717, 10.2695, 9.44459, 7.67943, 2.03276, 1.39787, 2.07239, 2.25506, 2.75829, 0.873112, 4.37184, 10.2534, 17.5698, 25.3722, 31.0433)
(6.36335, 9.02703, 11.6047, 13.5751, 19.5572, 14.7608, 6.72832, 2.38354, 1.92202, 4.571, 9.50694, 7.07689, 8.40231, 7.84518, 9.1291, 9.02993, 10.9371, 13.3248, 9.60831, 6.55647, 9.6242, 8.46569, 3.89432, 4.71263, 3.57056, 3.32747, 1.88568, 0.966039, 4.69223, 8.7797, 16.4065, 23.5389, 28.226)
(7.62654, 9.1484, 8.11701, 12.6963, 16.3604, 13.6875, 8.11217, 5.73111, 3.39389, 4.14394, 10.9827, 10.4362, 9.39094, 7.73466, 7.90975, 9.53161, 8.1834, 9.95269, 9.21218, 10.8889, 8.25954, 8.50019, 6.42989, 6.49564, 6.27181, 5.50443, 3.09139, 0.741103, 3.18121, 7.94493, 13.1564, 18.5335, 28.6497)
(4.52838, 8.02501, 10.4354, 13.5909, 17.0698, 17.6351, 8.53725, 6.04314, 3.82629, 5.31452, 4.99426, 8.3555, 8.21739, 11.2586, 6.38831, 8.90842, 6.96977, 9.39995, 10.0406, 10.0097, 9.41105, 11.0408, 7.82123, 6.61391, 4.33758, 2.87642, 1.76647, 0.42802, 3.2492, 6.486, 14.5465, 19.5873, 32.2873)
(8.99379, 8.34289, 9.16259, 10.0932, 12.8623, 13.8527, 8.13766, 3.86437, 3.73487, 7.47107, 13.4845, 12.6805, 9.82658, 8.83762, 7.77589, 7.17302, 7.17474, 7.20809, 7.97576, 9.54496, 9.37413, 12.4287, 4.45515, 5.45992, 5.81353, 5.23949, 2.7454, 1.14906, 4.51278, 8.61983, 12.9829, 20.0518, 28.97)
(8.00902, 9.11933, 9.66995, 12.4278, 14.1588, 14.293, 7.36758, 4.85126, 3.31977, 5.34504, 11.4384, 12.4554, 8.87162, 8.45939, 7.92665, 7.42286, 7.06584, 8.64968, 8.92258, 9.37327, 8.60141, 12.2513, 5.55577, 6.59009, 6.9166, 5.26664, 2.65081, 0.735708, 3.79006, 8.89047, 13.7965, 18.6197, 27.1878)
(9.21748, 9.44127, 10.8124, 11.108, 12.005, 13.4044, 7.38462, 4.86005, 3.84448, 6.04478, 11.8776, 13.0859, 9.77029, 8.36231, 8.10537, 6.58431, 7.43579, 7.37567, 8.52531, 8.86424, 9.05345, 12.8374, 5.40319, 6.46982, 6.90351, 6.02044, 3.4091, 0.864656, 3.63776, 8.24247, 12.3976, 19.6324, 27.0191)
(9.77888, 8.94239, 8.75402, 9.05871, 11.5603, 12.9075, 8.39223, 6.09394, 5.00268, 6.45198, 13.0574, 11.6444, 8.74688, 8.83163, 9.08884, 8.41825, 7.79, 8.40372, 7.80044, 8.01776, 8.35077, 12.9073, 7.02604, 8.53009, 8.21569, 6.74289, 3.32262, 0.979546, 3.8711, 8.31364, 11.5134, 17.0107, 24.4743)
(8.12249, 9.16461, 12.5064, 17.6785, 18.2202, 14.5823, 4.34394, 2.16323, 3.17612, 2.941, 7.10121, 9.18254, 8.96704, 8.32502, 9.12694, 9.74159, 9.5082, 8.32524, 9.49595, 9.12156, 7.81441, 10.3915, 3.61191, 3.16705, 4.1099, 3.68832, 2.16931, 0.489186, 3.72847, 9.51019, 18.1583, 23.0879, 28.2795)
(10.9214, 11.8474, 10.6207, 12.0101, 13.577, 13.8341, 6.07637, 3.24689, 3.61201, 4.2181, 10.0359, 11.0587, 11.0133, 8.28445, 8.49748, 7.94534, 7.33149, 6.67976, 7.85819, 9.76539, 9.5971, 11.9688, 4.77988, 5.21364, 5.14983, 4.13899, 3.64562, 0.852724, 4.02352, 8.91023, 14.385, 21.0506, 27.8499)
(10.4784, 9.607, 11.2937, 11.7523, 12.6055, 13.9737, 7.4382, 5.09936, 2.75329, 4.07037, 10.9281, 12.0958, 8.26708, 8.03335, 8.2966, 8.28617, 8.45329, 7.33817, 8.92902, 9.19302, 9.10155, 12.006, 4.34184, 5.06469, 7.10788, 5.43612, 3.39356, 1.36622, 3.4511, 7.73521, 13.318, 19.6477, 29.1377)
(8.20389, 10.5162, 12.0373, 13.6048, 14.3298, 15.6297, 8.67882, 4.92787, 2.15318, 2.67416, 7.24414, 10.9535, 7.33786, 7.56029, 9.1798, 8.16175, 11.1526, 9.19248, 8.14251, 8.79575, 9.13954, 10.3838, 2.72949, 3.14263, 6.03745, 7.03609, 3.30998, 1.41419, 4.60343, 8.68432, 14.5751, 20.0002, 28.4671)
(8.19178, 9.20327, 12.8786, 15.185, 21.9625, 15.4916, 4.25871, 1.27373, 2.06847, 2.83546, 6.65088, 9.59621, 9.18847, 8.15733, 9.43067, 9.86826, 8.4986, 9.00167, 9.23914, 9.7554, 8.97128, 8.29297, 2.461, 1.86433, 2.59985, 2.72018, 2.66413, 0.764266, 4.18021, 9.91195, 17.6078, 23.3481, 31.8781)
(12.1403, 10.403, 11.5586, 12.6413, 15.1676, 13.9719, 5.45941, 2.55912, 2.44766, 3.02282, 10.6282, 10.1691, 8.94787, 10.1711, 8.58654, 7.90057, 9.15477, 8.76944, 7.3204, 10.067, 8.88063, 10.0326, 3.07534, 3.09719, 4.31823, 4.21986, 2.34123, 1.56877, 3.71098, 10.3347, 14.9186, 22.3855, 30.0296)
(8.13909, 8.84773, 13.7687, 15.7708, 19.2387, 15.8184, 3.69494, 1.38002, 1.51572, 3.21229, 8.61363, 8.07267, 7.50488, 9.43594, 8.74646, 10.0543, 11.3875, 9.95738, 9.6844, 9.63666, 7.87124, 7.6485, 1.79444, 1.56101, 2.78609, 2.95197, 3.19499, 0.840164, 4.114, 10.8141, 17.6322, 23.8495, 30.4616)
(8.37319, 9.5063, 12.0053, 13.6664, 17.6269, 15.0297, 5.82264, 3.25884, 2.02662, 3.22759, 9.45648, 10.1976, 10.0886, 9.47839, 7.9197, 7.39059, 7.37794, 7.81943, 10.3994, 9.00047, 9.14778, 11.1801, 2.73733, 3.52529, 3.99375, 3.26388, 2.38815, 0.822929, 4.58885, 11.5401, 16.4518, 23.0774, 27.6105)
(3.39097, 5.82956, 17.5022, 20.8105, 17.1725, 17.9515, 4.53958, 1.15868, 3.95882, 5.03357, 2.6521, 4.48885, 7.08356, 10.7347, 11.6617, 5.57628, 10.4961, 14.7927, 13.8888, 9.66701, 5.9443, 5.66604, 5.30258, 3.28619, 3.24305, 0.940764, 1.53385, 0.203339, 3.89976, 12.9243, 14.7877, 20.114, 33.7644)
(7.56852, 7.01129, 9.62812, 12.3808, 14.622, 15.135, 7.90529, 5.05896, 4.80706, 5.66776, 10.2152, 11.5744, 10.8944, 7.92792, 9.31205, 7.21259, 7.6126, 8.50623, 9.18318, 6.65913, 9.05735, 12.0602, 5.68146, 6.25985, 6.34962, 4.97906, 2.78858, 0.973073, 3.85041, 10.4663, 15.1345, 19.2866, 24.2305)
(10.9823, 9.85653, 10.3391, 9.61672, 11.4389, 13.2984, 11.6037, 3.95214, 1.92066, 3.91125, 13.0804, 11.6601, 12.7408, 8.73687, 9.22771, 7.43293, 5.6442, 7.9713, 9.28928, 7.72952, 8.66704, 10.9003, 2.8589, 4.14601, 9.33767, 7.53911, 4.09766, 0.976548, 3.29277, 7.78853, 13.2788, 21.5897, 25.0943)
(10.796, 10.3521, 11.6867, 12.8125, 8.92647, 12.0041, 9.57294, 4.64257, 4.37918, 2.61192, 12.2156, 15.2127, 6.70587, 8.1685, 8.33907, 5.96321, 7.31031, 6.17456, 6.1576, 9.13373, 12.4087, 14.4258, 6.21113, 5.64945, 7.18242, 6.1667, 3.01538, 0.270297, 4.68224, 6.85526, 12.9562, 21.2393, 25.7716)
(9.86826, 10.8323, 12.5694, 13.2656, 16.9848, 14.9278, 6.74938, 2.10472, 1.51034, 3.18129, 8.00611, 6.79949, 8.69974, 9.55916, 10.4274, 9.86934, 13.0948, 10.4187, 6.80061, 7.35757, 7.15795, 9.81523, 1.92822, 2.14008, 4.65598, 4.45435, 2.69323, 0.984691, 4.02227, 9.896, 14.4595, 23.2002, 31.5655)
(7.51079, 6.73884, 9.075, 12.7525, 20.2656, 17.3203, 6.5453, 3.04785, 2.3205, 3.85326, 10.5701, 9.7226, 9.4219, 9.41726, 8.27852, 7.31768, 7.41415, 8.91501, 8.57855, 8.90566, 9.17297, 12.8557, 3.50809, 3.42992, 4.26522, 2.7861, 2.39413, 1.21037, 5.34527, 11.0499, 20.3976, 19.6211, 25.9923)
(6.79974, 6.58431, 9.95549, 14.2681, 22.5375, 17.6079, 5.54109, 2.3507, 2.04119, 3.22542, 9.08857, 10.2145, 9.8079, 8.41858, 8.01866, 7.37462, 7.37551, 9.10991, 8.66659, 8.87161, 10.5423, 11.5998, 3.23614, 3.10001, 4.4944, 3.25462, 2.14494, 0.585439, 5.49938, 9.98439, 21.2794, 23.5049, 22.9163)
(6.5785, 5.89161, 8.65519, 9.84865, 16.167, 15.5885, 8.44302, 4.0732, 2.99795, 5.41887, 16.3375, 10.8274, 9.18624, 8.69366, 7.81139, 8.1103, 7.8141, 8.48976, 9.56361, 9.41768, 8.71607, 11.3698, 4.50921, 4.53878, 5.6602, 4.94842, 2.65881, 0.92723, 3.6308, 10.9261, 16.2014, 19.1024, 26.8966)
(9.60198, 8.89096, 7.8016, 9.90708, 14.2791, 17.0583, 7.98155, 3.24943, 2.42891, 5.61659, 13.1845, 10.5908, 9.56139, 9.35273, 9.5926, 8.26287, 7.37466, 8.74013, 8.30786, 8.37228, 8.44626, 11.3984, 4.42101, 5.40588, 6.15781, 5.60351, 3.35689, 1.20849, 5.074, 10.1973, 13.754, 18.0658, 26.7553)
(7.46038, 8.09243, 9.59859, 10.9913, 12.9518, 15.1129, 9.0772, 5.6079, 3.94975, 6.07799, 11.0797, 11.6936, 9.26635, 9.03465, 8.51019, 7.64788, 7.62471, 8.24944, 8.32672, 9.37222, 8.87611, 11.3981, 5.59555, 5.50451, 5.75196, 5.14196, 2.83642, 0.784083, 3.69051, 6.89756, 12.1578, 21.2685, 30.3711)
(3.91354, 10.2964, 12.5175, 14.5596, 15.1913, 14.1503, 8.24351, 6.77939, 2.48168, 3.95502, 7.91179, 7.44075, 7.09359, 11.2992, 10.85, 8.20564, 8.18514, 8.28984, 11.8688, 8.26473, 6.55613, 11.9462, 4.5547, 4.98334, 5.60993, 6.45529, 3.1013, 1.34837, 3.33158, 5.84111, 13.8962, 20.4157, 30.4626)
(8.71344, 10.0221, 10.5836, 11.2148, 12.3274, 12.535, 7.29111, 5.14588, 4.38786, 6.68592, 11.0928, 12.8934, 9.58099, 8.9713, 7.80195, 7.3488, 6.48514, 7.44613, 8.39805, 8.47878, 8.90708, 13.6884, 8.48997, 7.4441, 6.25913, 4.65729, 2.80276, 0.865463, 4.2576, 8.34368, 12.1875, 17.8509, 26.8416)
(12.5554, 9.75078, 7.46223, 10.5906, 9.69179, 13.8572, 9.17437, 3.63616, 4.0366, 7.35354, 11.8913, 11.5795, 8.82663, 12.2647, 9.89395, 7.66427, 8.06662, 6.50651, 7.30726, 8.60273, 6.73279, 12.5551, 10.2902, 7.11814, 8.598, 6.98406, 3.39686, 2.36592, 4.54399, 8.66662, 9.74366, 16.9684, 21.3241)
(10.6903, 6.78253, 7.70036, 7.97899, 9.97821, 16.4354, 9.03076, 4.0936, 4.56765, 7.4169, 15.3254, 12.7894, 10.6014, 8.36453, 7.40222, 7.95506, 6.82618, 8.21673, 7.85595, 8.54846, 9.15449, 12.2856, 6.35067, 6.20182, 7.32519, 8.18268, 5.1484, 1.31012, 3.89399, 7.23801, 11.3184, 17.7834, 25.2473)
(10.4796, 9.04761, 7.59325, 10.6347, 10.2388, 14.997, 7.52104, 5.27904, 6.19261, 7.10799, 10.9084, 12.2935, 10.79, 9.35541, 7.92151, 7.08972, 7.53697, 7.10563, 8.40888, 7.53576, 8.93494, 13.0276, 8.73847, 7.49203, 7.19044, 6.07005, 3.22982, 1.10463, 3.23483, 9.46661, 11.5857, 17.5637, 24.3237)
(4.75834, 6.17402, 15.4008, 17.1558, 17.8071, 16.2759, 4.95938, 3.22337, 3.47966, 4.16969, 6.59592, 10.0121, 8.40917, 7.37226, 7.91559, 8.41566, 7.25201, 9.98412, 11.3228, 7.80359, 10.0719, 11.4407, 3.31551, 2.67948, 4.20479, 4.49195, 3.42892, 0.901616, 6.82132, 11.3425, 12.8294, 21.796, 28.1885)
(8.34107, 7.23311, 10.0611, 10.5926, 11.435, 13.9347, 9.37702, 5.69467, 4.76667, 7.38307, 11.181, 15.3042, 9.72454, 7.51238, 7.71136, 5.90433, 5.72695, 7.13199, 7.76229, 8.74115, 9.97442, 14.5064, 6.71496, 7.25992, 7.10856, 6.62187, 2.64626, 1.10087, 4.36858, 9.37914, 11.7228, 19.3255, 23.7515)
(5.84201, 6.86072, 9.11957, 19.4522, 18.7953, 16.2764, 8.6373, 2.42957, 2.87807, 3.1506, 6.55828, 8.17971, 8.70431, 5.688, 10.3005, 10.0132, 7.79287, 11.2647, 10.6782, 10.35, 8.0636, 8.96487, 2.65866, 2.93075, 6.34251, 8.34783, 2.5467, 0.975852, 3.86586, 8.19429, 16.6035, 20.8779, 26.6561)
(8.70004, 8.6467, 10.7124, 14.4339, 22.2243, 13.6903, 3.04998, 3.3012, 3.56002, 3.88489, 7.79619, 8.68544, 7.83401, 7.13467, 6.65291, 10.4541, 11.4052, 9.3495, 11.2886, 10.6935, 8.8157, 7.6863, 6.42815, 3.85958, 3.37914, 3.57504, 1.63297, 0.570251, 3.91618, 9.59557, 18.79, 21.6574, 26.5957)
(11.9057, 8.64081, 8.1513, 8.76895, 10.3968, 11.4466, 8.04739, 6.111, 6.14432, 8.12643, 12.2606, 14.3004, 9.73724, 9.37977, 6.23831, 6.28687, 6.44039, 6.99275, 8.26888, 7.91566, 11.1003, 13.3395, 12.7804, 10.9647, 8.22841, 5.96271, 3.45801, 0.740529, 3.51524, 8.28648, 13.6333, 15.9188, 16.5114)
(11.8003, 9.09168, 10.7596, 8.62053, 13.0015, 9.83867, 7.54593, 5.37587, 4.28472, 6.8432, 12.8379, 10.3114, 12.2351, 6.15169, 6.72255, 5.72067, 10.0628, 7.07197, 10.1354, 9.58344, 10.3224, 11.6827, 13.2908, 10.3168, 7.97837, 4.53929, 3.08039, 1.45036, 2.30278, 7.87881, 16.3968, 15.536, 17.2295)
(7.03761, 8.23357, 10.7243, 10.7875, 17.3955, 14.3117, 9.2516, 3.74968, 3.70443, 4.28223, 10.5219, 13.058, 10.3933, 7.48471, 7.73106, 6.94891, 8.77615, 7.92794, 7.36502, 8.52765, 9.60402, 12.1833, 4.80063, 5.11445, 6.91398, 4.72142, 3.55797, 0.603268, 3.60878, 10.4137, 15.8992, 20.9212, 23.4454)
(6.97199, 7.9372, 20.3267, 18.3998, 15.8405, 11.1958, 6.02075, 2.01351, 1.41797, 2.35654, 7.51927, 9.21245, 7.04666, 6.67378, 9.83866, 9.69649, 11.7944, 12.2768, 8.78847, 8.80617, 7.03308, 8.83305, 3.87374, 2.32269, 3.16633, 4.26998, 3.14524, 0.674179, 2.86084, 7.53515, 14.1358, 23.4503, 34.5657)
(10.134, 10.7887, 10.9762, 16.0072, 10.9127, 15.2303, 6.28627, 2.90251, 4.4806, 2.2278, 10.0538, 10.9872, 8.45068, 4.30406, 6.61867, 5.9474, 11.3834, 6.59294, 12.2651, 10.8351, 13.1584, 9.45708, 3.3027, 7.05701, 5.48739, 6.15421, 3.5371, 1.68823, 5.99663, 5.96331, 16.2609, 21.0097, 23.5428)
(14.9889, 7.47111, 7.59149, 8.39145, 9.91382, 10.5473, 6.29031, 6.21213, 6.25277, 7.49798, 14.8427, 12.5496, 10.6238, 10.222, 7.07697, 6.72955, 6.70272, 5.65238, 7.71132, 8.68379, 12.3607, 11.6872, 14.505, 10.2685, 9.10509, 6.17393, 3.80045, 0.599537, 3.64228, 5.676, 12.4152, 16.1177, 17.6963)
(8.91128, 9.01646, 12.1704, 17.0725, 16.5611, 14.6577, 4.78216, 1.94348, 2.22339, 3.73686, 8.92462, 10.7421, 8.89519, 7.37163, 8.95146, 9.22784, 7.29678, 8.60914, 7.35357, 10.5604, 9.72129, 11.2706, 4.63313, 3.21433, 2.96462, 3.0871, 2.38375, 0.923028, 4.18265, 8.96433, 15.1036, 22.8023, 31.7412)
(11.5804, 8.478, 7.47488, 8.65333, 12.0686, 10.6254, 8.99674, 7.04037, 6.70503, 6.49594, 11.8813, 13.5183, 11.0153, 7.56377, 6.36031, 7.01682, 7.0457, 7.02386, 7.91933, 9.88965, 9.73249, 12.9144, 10.77, 9.62502, 7.85947, 7.00291, 3.03369, 0.972608, 2.8292, 6.91313, 12.3108, 15.8073, 22.8759)
(11.8777, 10.2257, 9.53053, 11.2026, 11.991, 12.4606, 7.90987, 5.52054, 3.59058, 5.20633, 10.4847, 13.9858, 9.54695, 8.71657, 7.25384, 5.73071, 7.47806, 5.99005, 8.19299, 10.8707, 10.5606, 11.6737, 8.63456, 6.84305, 6.26867, 6.90688, 3.38545, 1.35611, 3.33051, 7.81674, 12.2607, 18.5828, 24.6146)
(7.98029, 9.39382, 14.3399, 15.2162, 17.9089, 14.7232, 6.95301, 2.17358, 1.56488, 2.57529, 7.17094, 8.64482, 8.39253, 8.22588, 9.15944, 10.7755, 9.53214, 9.21403, 10.365, 9.01646, 8.07111, 8.60299, 2.56214, 3.06102, 4.16376, 5.67067, 3.66672, 0.599158, 3.75136, 8.69556, 16.0424, 22.6307, 29.1565)
(10.5593, 8.71002, 10.5243, 11.6778, 15.578, 15.1889, 6.66212, 2.9072, 2.47632, 4.36832, 11.3478, 11.0488, 9.03946, 9.21919, 6.878, 7.49282, 9.0853, 8.86565, 8.62195, 8.79355, 10.4818, 10.4734, 5.79075, 4.59252, 5.41992, 4.49545, 2.99848, 0.997598, 3.51033, 10.1879, 13.0837, 18.8238, 30.0996)
(9.61989, 9.37504, 10.9561, 13.7675, 18.5813, 17.4038, 5.57172, 2.40439, 1.77197, 2.6763, 7.87194, 10.4576, 8.95333, 8.77411, 8.03833, 9.55002, 8.65266, 8.66517, 9.21307, 9.26752, 9.50771, 8.92048, 4.0117, 3.07289, 3.82387, 3.80848, 2.91752, 1.00415, 4.13329, 9.81432, 16.5902, 21.0328, 29.7908)
(12.2229, 12.6158, 11.1407, 12.1038, 11.2024, 11.2931, 9.00272, 4.05472, 2.24334, 3.9421, 10.1783, 9.73219, 7.13279, 10.1309, 10.4928, 9.23373, 9.33914, 8.23655, 7.6802, 7.4678, 6.54476, 14.0092, 3.06638, 6.02743, 6.45789, 5.25195, 3.2116, 0.945309, 3.04012, 9.67211, 13.2312, 21.6228, 27.4733)
(3.22319, 6.06573, 17.0835, 14.9451, 21.6148, 18.6956, 4.07784, 1.77774, 3.03859, 2.15018, 7.32771, 6.00931, 5.72783, 6.47831, 14.0315, 8.24357, 11.8811, 15.8629, 7.91445, 6.3882, 8.74688, 8.71594, 3.13293, 1.81517, 3.4068, 0.919845, 0.590415, 0.14704, 3.55549, 10.3697, 17.8554, 19.4769, 38.7302)
(6.42213, 5.16214, 9.0463, 17.2166, 20.5778, 15.0461, 5.23272, 3.92522, 2.39821, 5.37894, 9.59384, 8.88517, 9.34601, 11.0326, 9.26998, 9.25238, 8.08188, 10.9402, 6.3049, 7.80629, 9.23232, 9.84831, 3.24245, 3.68711, 3.8307, 2.19176, 2.19351, 0.567141, 3.65515, 8.7949, 16.9868, 25.0634, 29.7871)
(8.48461, 7.89479, 13.335, 17.7541, 15.3563, 16.5886, 5.53935, 2.43693, 1.69031, 2.72785, 8.19227, 8.28704, 9.49239, 9.63433, 9.10054, 12.6511, 8.68688, 9.30884, 8.80102, 9.26398, 8.6903, 6.08363, 2.46883, 3.58535, 3.39804, 2.49036, 2.27107, 0.34947, 3.37066, 7.39099, 15.4478, 22.7714, 36.4561)
(4.25829, 6.28549, 3.26411, 13.231, 19.2286, 24.5705, 5.09368, 1.44592, 1.32269, 5.92818, 15.3715, 4.44489, 10.7922, 11.855, 17.1626, 7.48289, 4.18771, 8.54368, 9.61355, 8.52365, 6.41477, 10.979, 4.79483, 2.67287, 4.86939, 1.57668, 2.49278, 1.20157, 5.96818, 18.3944, 18.0122, 17.5052, 22.5119)
(8.88154, 7.26361, 8.52636, 10.5459, 13.7238, 14.8205, 7.85267, 4.41235, 3.75118, 6.53614, 13.686, 11.504, 9.39144, 8.77841, 8.52905, 8.55532, 7.33857, 8.14342, 7.92805, 9.4602, 8.82198, 11.5495, 6.40831, 5.55207, 5.42332, 4.71584, 2.73237, 0.933716, 4.01128, 8.44719, 13.3943, 20.0535, 28.3281)
(8.39454, 11.6955, 12.9271, 19.2207, 17.3847, 13.4138, 2.91725, 1.3951, 1.4494, 3.4657, 7.73626, 7.618, 5.74392, 9.98523, 8.53008, 8.97585, 10.4619, 9.9828, 13.4626, 9.94217, 9.88453, 5.41287, 2.63456, 3.85993, 2.57936, 2.28925, 0.629769, 0.408776, 3.43516, 8.01529, 16.1437, 23.5891, 36.4151)
(10.3155, 7.50813, 6.27731, 14.5948, 22.1366, 11.9374, 3.74361, 3.48224, 2.07296, 2.63582, 15.2956, 7.56581, 11.5344, 10.8596, 4.88506, 11.5957, 4.67697, 12.8316, 8.98287, 13.9748, 9.98324, 3.10991, 9.84219, 5.44545, 4.89296, 0.753101, 2.78519, 1.42021, 1.92785, 9.67777, 12.3572, 26.1893, 24.7088)
(6.13819, 9.20803, 9.42097, 18.9201, 18.9752, 15.5088, 4.53589, 3.32148, 3.59907, 3.88131, 6.491, 12.778, 7.77255, 9.31773, 8.12175, 9.48485, 7.58728, 8.07443, 9.08676, 9.50858, 8.23878, 10.0293, 4.15482, 2.63818, 3.43163, 3.16441, 1.6282, 0.431096, 3.70457, 8.52568, 15.206, 26.6732, 30.4422)
(10.2582, 8.0115, 7.61883, 8.01589, 10.4851, 13.4467, 10.0415, 6.27547, 4.88767, 8.53879, 12.4204, 13.7598, 10.0757, 7.20467, 7.27349, 7.55473, 7.28752, 7.15216, 8.56563, 8.25619, 9.57941, 13.2907, 8.79378, 6.69942, 8.72139, 6.86215, 3.75916, 0.818119, 3.98012, 8.11513, 10.6395, 17.1786, 24.4326)
(7.98667, 7.65179, 9.49293, 11.3041, 14.0138, 16.6987, 7.07932, 4.27657, 4.64085, 5.98893, 10.8664, 11.4519, 9.94002, 9.46109, 8.48743, 7.57128, 6.58191, 7.44485, 9.43025, 7.90138, 8.76415, 12.9658, 6.15588, 5.43788, 6.04614, 4.52193, 2.74284, 0.851553, 4.63632, 8.67684, 15.3197, 19.9359, 25.675)
(7.0801, 7.32812, 8.67901, 12.2533, 17.5723, 17.7012, 7.83333, 2.75359, 3.10167, 4.23491, 11.4624, 11.4384, 10.0997, 9.15984, 7.53444, 9.08398, 7.82636, 8.19673, 8.92325, 8.21203, 8.70714, 10.8181, 3.95758, 4.2566, 5.41028, 4.10636, 3.75849, 0.752885, 4.11515, 12.4146, 16.2448, 20.9647, 24.0184)
(6.7172, 7.43833, 10.0292, 12.0631, 16.7423, 17.5755, 9.34767, 3.81829, 3.41751, 4.33575, 8.51513, 12.7952, 10.43, 8.42475, 7.25341, 8.04461, 7.59199, 6.84323, 9.125, 8.81093, 9.41547, 11.2655, 6.06793, 7.04574, 6.77915, 4.9005, 3.24495, 0.685426, 4.71787, 9.74487, 14.9369, 18.7276, 23.1491)
(5.44752, 10.3589, 14.4099, 24.9753, 26.2185, 8.89468, 2.06976, 1.55537, 0.422172, 1.76617, 3.88178, 5.30553, 8.78899, 4.01769, 9.53452, 12.1976, 14.7046, 14.8272, 9.56019, 10.5425, 5.27627, 5.24481, 4.56503, 1.78943, 1.81246, 1.88446, 0.476732, 0.107621, 1.95795, 5.49801, 20.4932, 27.6893, 33.7257)
(8.66583, 8.69024, 12.9175, 15.0924, 26.3671, 11.3739, 1.29477, 2.24994, 1.52826, 3.32313, 8.49693, 8.00462, 5.35573, 6.69087, 13.1534, 10.3162, 8.93177, 10.2716, 10.3694, 12.6841, 7.83092, 6.39143, 4.59731, 1.0694, 1.80945, 1.01251, 1.43776, 0.203703, 1.8582, 11.6125, 21.9499, 23.1476, 31.3017)
(10.5307, 9.8401, 8.58537, 11.2496, 14.506, 12.9803, 5.9181, 5.39958, 4.93922, 4.79127, 11.2597, 13.0518, 9.2057, 7.10166, 6.8129, 7.12579, 6.65204, 6.88092, 9.17566, 9.4508, 11.7672, 12.7755, 9.16611, 7.37786, 7.1197, 6.12704, 2.97023, 1.18854, 3.07388, 8.7373, 13.081, 17.4749, 23.6834)
(6.91679, 7.70087, 16.7924, 22.8233, 18.2088, 12.2549, 2.99369, 1.53055, 1.15425, 1.76223, 7.86226, 6.15076, 7.8085, 7.02485, 9.75863, 11.9123, 11.5459, 11.436, 9.2831, 11.1858, 6.90916, 6.985, 2.7886, 2.26254, 1.72623, 2.96002, 1.85057, 0.346776, 3.8877, 9.48077, 14.7894, 27.6236, 32.2838)
(8.72816, 7.8711, 11.8067, 13.1364, 14.5454, 11.3909, 6.79777, 4.07927, 3.18901, 7.5332, 10.9222, 11.0443, 9.2289, 8.16501, 7.47584, 7.67978, 10.0082, 7.01483, 7.70125, 9.17928, 11.0356, 11.467, 8.01801, 4.93595, 6.02418, 3.24839, 2.14459, 0.516207, 2.17103, 6.22687, 11.6686, 21.122, 33.9241)
(4.52847, 6.83463, 19.5641, 21.7397, 24.3527, 13.6093, 2.60227, 1.34599, 0.994957, 1.54345, 2.88444, 5.92701, 5.55385, 6.89963, 14.2457, 9.99195, 12.6531, 13.2835, 12.0359, 8.64519, 5.25085, 5.5134, 3.73678, 1.8254, 1.80439, 1.70537, 1.34059, 0.238015, 1.98483, 8.65027, 17.4583, 30.0458, 31.2102)
(11.4896, 10.9131, 11.6993, 10.836, 11.8597, 11.577, 7.48557, 5.16486, 4.14827, 4.63631, 10.1903, 11.4383, 9.82921, 9.1207, 8.30245, 8.14311, 7.64785, 6.59267, 8.87386, 8.89535, 9.15569, 12.0008, 6.87891, 6.20561, 6.43685, 5.18182, 4.00228, 1.26698, 3.33729, 7.83773, 12.995, 17.254, 28.6035)
(10.9605, 13.575, 10.4797, 6.33784, 9.32749, 12.0258, 8.5243, 6.70168, 2.4475, 3.22358, 16.3965, 15.1236, 8.13061, 5.86515, 10.7234, 8.64952, 5.15487, 9.22012, 10.7837, 6.68022, 11.4629, 8.20577, 3.99291, 5.36643, 9.04707, 8.98562, 4.59118, 0.825567, 5.26481, 5.91577, 9.29405, 17.6958, 29.0208)
(11.8101, 9.01817, 8.71591, 10.0989, 9.03364, 11.8339, 9.13856, 8.18556, 6.51312, 5.6152, 10.0369, 11.0343, 10.828, 10.3119, 8.31526, 7.55512, 7.05293, 6.82757, 8.41482, 8.35745, 10.5243, 10.7785, 16.3362, 11.9346, 10.028, 5.46561, 2.90273, 0.593684, 2.31074, 6.24299, 9.19034, 15.0273, 19.9679)
(11.933, 12.9167, 9.28622, 10.2379, 10.261, 10.7775, 8.59823, 4.80785, 3.94913, 6.06527, 11.1673, 12.0631, 8.85747, 7.79187, 7.21804, 7.34144, 7.72774, 7.58785, 8.53684, 8.49882, 10.0839, 14.2929, 17.0056, 9.51639, 6.95091, 5.40014, 2.40005, 0.420815, 2.47019, 6.83654, 11.001, 15.7895, 22.2089)
(9.04643, 8.94479, 11.434, 13.0636, 15.649, 15.6667, 8.20109, 2.12288, 2.14028, 3.63688, 10.0943, 10.9816, 9.67096, 7.758, 5.48274, 10.892, 7.29749, 6.80676, 9.12897, 12.9122, 9.04884, 10.0205, 6.35788, 4.18472, 7.25944, 5.28751, 1.62702, 0.490381, 3.68063, 8.39236, 16.299, 22.2216, 24.1994)
(6.27786, 8.51723, 10.8341, 15.9661, 20.6731, 19.6444, 5.21125, 2.5271, 2.05371, 2.75977, 5.53551, 10.7496, 7.81488, 9.3164, 7.30649, 11.2231, 8.08868, 10.9553, 9.15516, 10.1894, 7.95443, 7.24657, 3.91498, 3.07355, 2.70787, 2.75283, 2.24729, 1.3563, 4.42071, 9.84155, 19.4689, 23.118, 27.098)
(5.72363, 4.75272, 17.1223, 22.4237, 15.7158, 17.3135, 7.52266, 0.272341, 1.16802, 1.31177, 6.67358, 11.8119, 7.72588, 1.89324, 4.78813, 17.7525, 11.8399, 9.8517, 8.84614, 11.8082, 2.90693, 10.7754, 1.31794, 2.28167, 4.36811, 3.38165, 3.21843, 1.06305, 5.29956, 5.85818, 16.5078, 25.9825, 30.7211)
(6.15483, 6.6503, 15.4623, 19.6516, 17.4822, 13.5204, 6.73248, 3.27779, 1.48757, 2.8041, 6.77656, 8.43623, 7.16474, 8.10976, 8.30993, 10.0373, 10.6899, 9.99654, 9.93059, 9.62838, 9.1756, 8.52098, 2.58326, 2.88926, 4.07998, 4.88298, 2.70813, 0.599742, 3.47052, 7.54478, 16.2334, 23.0107, 31.9972)
(8.48775, 6.75094, 11.742, 15.1761, 15.3593, 14.1108, 6.73835, 4.52031, 3.63895, 4.83713, 8.63833, 10.4624, 10.3765, 9.84359, 8.56298, 9.83715, 7.18306, 8.88651, 6.27692, 8.40927, 9.77191, 10.3897, 4.35448, 3.92483, 4.01095, 4.06606, 2.34558, 0.634684, 3.45438, 6.10552, 12.7398, 23.852, 34.5117)
(9.44543, 7.30475, 3.67005, 6.86552, 14.9823, 27.3123, 4.45727, 3.18335, 1.1894, 5.2253, 16.3643, 8.59093, 9.43943, 6.64768, 13.2213, 7.60613, 12.2146, 10.334, 11.2315, 7.4296, 4.68981, 8.59503, 5.26926, 5.18489, 3.3147, 1.36665, 4.99286, 2.00469, 10.9119, 12.4077, 18.5759, 17.2344, 18.7371)
(10.361, 6.06695, 7.66408, 9.83329, 16.1748, 17.1884, 6.8829, 3.65212, 2.78605, 4.91903, 14.4713, 10.5192, 8.80214, 9.46647, 8.56542, 11.4345, 9.17288, 8.28923, 8.39758, 7.59517, 8.29751, 9.45989, 5.54583, 4.78523, 4.87949, 4.30131, 2.61953, 1.33646, 5.24603, 10.8968, 13.9435, 21.0063, 25.4396)
(8.02188, 8.51081, 10.3686, 17.2607, 14.4101, 11.7464, 6.48822, 4.46494, 4.82382, 5.45445, 8.45, 10.386, 9.69286, 8.92429, 9.50244, 8.82711, 7.39334, 8.0176, 8.71013, 8.13827, 10.3972, 10.0108, 5.32066, 3.65543, 3.16112, 3.08166, 2.10957, 0.469939, 2.56462, 6.59601, 13.4282, 22.5464, 37.0664)
(9.04807, 12.9474, 14.3222, 20.4957, 15.8814, 7.47898, 2.80463, 3.50455, 3.50969, 2.94775, 7.05957, 6.8872, 8.8389, 9.24945, 9.52486, 5.267, 7.74716, 11.7708, 10.2031, 11.0425, 11.7889, 7.68006, 2.9402, 1.4522, 1.21291, 1.00754, 0.431189, 0.222365, 2.58671, 8.42532, 16.2967, 25.8459, 39.579)
(8.98327, 7.96582, 10.7339, 11.7298, 13.7141, 12.3351, 6.70778, 3.56848, 4.26887, 4.90498, 15.0879, 11.5539, 9.43744, 8.41447, 10.1473, 6.86429, 7.99753, 8.69026, 9.94576, 8.5022, 7.4273, 11.0195, 5.47769, 4.2633, 4.42933, 3.5391, 1.81993, 0.491331, 2.69671, 7.7126, 12.7988, 20.186, 36.5852)
(9.55079, 9.41749, 8.58902, 10.3968, 10.1561, 13.9195, 6.19529, 5.81509, 2.68756, 9.65591, 13.6164, 12.9443, 12.7097, 9.0206, 6.91648, 6.85815, 5.75461, 6.84454, 5.85485, 10.0659, 11.0929, 11.9379, 10.8738, 2.96843, 2.37094, 3.74513, 2.46015, 0.657061, 3.67906, 8.39012, 14.2183, 20.366, 30.271)
(7.62223, 7.77317, 10.6197, 12.9639, 13.6306, 16.1146, 6.68285, 4.49743, 4.3062, 5.83739, 9.95191, 11.6243, 9.9661, 8.53256, 8.18906, 8.00827, 7.26143, 8.19826, 8.54231, 9.41933, 8.88088, 11.3775, 6.87098, 5.56214, 4.93941, 3.98133, 2.46311, 0.777604, 4.15341, 8.18703, 13.5821, 21.4989, 27.984)
(7.77221, 9.06726, 12.3865, 19.2325, 15.7007, 12.7657, 7.71455, 2.04997, 2.91143, 4.32927, 6.06995, 8.00445, 9.80748, 9.34378, 9.05594, 11.5837, 8.62374, 8.84475, 10.5456, 8.26697, 7.60117, 8.32251, 12.0046, 4.69553, 4.06076, 2.77317, 0.725537, 0.972804, 2.09583, 5.33417, 11.5963, 23.3093, 32.432)
(9.12308, 9.97572, 8.89578, 11.245, 11.4475, 13.154, 5.53764, 3.97033, 6.84861, 7.81708, 11.9852, 8.47722, 11.2112, 8.95972, 8.64822, 8.63858, 8.45418, 6.80075, 9.24294, 9.81405, 8.12086, 11.6323, 9.22473, 7.08136, 5.41338, 3.17685, 3.20062, 1.81565, 3.64639, 7.45251, 12.6952, 18.6592, 27.6341)
(8.61298, 8.16697, 8.75055, 11.5518, 14.8092, 14.0048, 6.77743, 4.29156, 5.15689, 6.17052, 11.7073, 13.9593, 10.6376, 7.82085, 7.88314, 6.62616, 5.88412, 6.8012, 7.63577, 9.32926, 9.856, 13.5666, 6.14533, 6.01544, 5.58508, 4.73629, 2.50018, 0.662825, 3.95333, 9.44237, 13.319, 20.7754, 26.8648)
(5.73958, 7.41343, 10.168, 13.2745, 17.9192, 17.0747, 7.3348, 4.26397, 4.42367, 4.05148, 8.33662, 10.8308, 9.87672, 8.76359, 8.07916, 8.1693, 7.5958, 8.23445, 9.49416, 8.66702, 8.69574, 11.5932, 5.41948, 4.8296, 4.89791, 4.27165, 3.06351, 0.974838, 5.16038, 9.99067, 15.0823, 20.6535, 25.6561)
(10.8061, 8.70017, 9.6279, 9.69422, 8.97585, 10.7593, 6.56028, 5.38629, 11.0346, 6.67379, 11.7814, 17.6364, 8.7677, 6.76884, 7.55245, 4.66299, 6.50468, 6.54206, 8.49219, 10.3937, 12.6083, 10.0707, 11.8916, 15.2322, 6.54057, 5.37386, 2.26198, 0.0914089, 5.16772, 10.4067, 13.9468, 15.3039, 13.7832)
(8.77028, 8.15125, 10.3852, 11.879, 13.0509, 14.7887, 7.33978, 4.4223, 4.40562, 6.19676, 10.6102, 12.9035, 10.6779, 8.75921, 8.05852, 7.12892, 6.5546, 6.51072, 8.44812, 8.62646, 9.58126, 12.7508, 9.2778, 6.45256, 6.7967, 4.54516, 2.64164, 0.644887, 4.02105, 8.76477, 12.5583, 18.4057, 25.8914)
(10.1839, 8.72379, 14.1696, 15.4134, 20.9499, 14.4301, 2.17057, 1.66396, 2.68593, 2.60672, 7.0022, 7.25452, 6.82802, 6.94626, 10.9394, 10.2726, 11.7794, 11.9774, 11.4654, 8.18024, 8.58675, 5.77013, 5.3961, 3.57655, 2.27989, 2.34172, 1.56884, 0.462297, 4.20474, 9.29041, 16.2404, 24.5032, 30.1359)
(14.2308, 8.8319, 13.0113, 12.9929, 16.0049, 13.3179, 5.88493, 1.7021, 3.03317, 3.96546, 7.02472, 10.879, 6.07219, 8.45732, 9.38798, 9.95989, 9.54349, 8.05398, 9.06743, 10.1289, 10.7326, 7.71721, 6.6289, 4.81496, 5.86424, 3.20206, 3.97353, 0.282863, 5.69558, 9.47994, 15.9804, 18.6424, 25.4352)
(6.98355, 6.2131, 9.55136, 14.7292, 17.2545, 17.5002, 7.80736, 1.49345, 1.55244, 4.87085, 12.0439, 11.6718, 8.45184, 7.34046, 10.0278, 10.829, 10.6898, 3.96451, 10.2201, 9.40967, 7.31471, 10.0804, 1.89314, 3.45842, 6.5354, 5.54993, 2.9508, 1.66277, 6.23779, 10.044, 18.3944, 18.868, 24.4054)
(7.33329, 10.0786, 16.0214, 14.3489, 17.1955, 13.9105, 3.65273, 3.31143, 0.930981, 3.05288, 10.1638, 8.83379, 6.90379, 9.80972, 7.97119, 7.07757, 6.93229, 6.92319, 10.6348, 11.9373, 10.2661, 12.7104, 5.07363, 3.68647, 1.84368, 2.74648, 2.51822, 0.314814, 2.18768, 8.06092, 15.5651, 20.7049, 37.2981)
(12.9755, 9.6935, 7.38941, 9.24677, 12.101, 11.8602, 7.5384, 6.37319, 6.39187, 5.79015, 10.64, 13.2858, 9.00665, 8.7418, 6.63152, 7.42386, 7.63845, 6.70708, 7.79799, 9.16421, 13.1706, 10.4321, 19.7993, 12.3562, 6.97163, 4.95671, 2.57461, 0.475687, 2.51464, 7.20407, 11.871, 16.8371, 14.439)
(8.37793, 8.65851, 16.7134, 15.9587, 17.8587, 15.3607, 4.40079, 1.63036, 1.9351, 2.7555, 6.35023, 7.10283, 8.61479, 9.52228, 8.68464, 9.70739, 9.5262, 8.33406, 11.3591, 10.2879, 7.33484, 9.52592, 1.8206, 2.70674, 2.26058, 4.08505, 3.44954, 0.861625, 4.31879, 10.6297, 15.6986, 25.0861, 29.0826)
(12.7362, 8.61612, 12.0901, 8.35682, 11.0363, 12.5694, 7.34624, 5.73584, 4.22211, 3.6547, 13.6362, 13.2223, 9.84826, 6.81622, 8.10004, 9.01878, 8.05745, 6.69279, 8.28117, 11.0677, 9.78767, 9.10764, 4.19871, 4.05636, 7.63646, 7.23278, 4.51988, 1.37492, 3.35507, 9.511, 9.38368, 16.9283, 31.8029)
(10.2295, 9.98041, 12.429, 13.951, 16.7753, 15.237, 6.81823, 2.16188, 2.02784, 2.89267, 7.49713, 8.87645, 9.09073, 9.05011, 9.0177, 9.13053, 9.36618, 8.50549, 10.1842, 8.69214, 8.70987, 9.37661, 1.72936, 2.74003, 3.98603, 6.18129, 4.4619, 1.15573, 4.12195, 9.82237, 16.331, 20.6494, 28.8209)
(17.4802, 8.72009, 8.88558, 8.47842, 9.43356, 7.95418, 11.088, 5.18046, 0.506497, 3.39041, 18.8826, 12.2759, 9.99386, 8.0372, 6.47202, 5.33331, 6.58498, 6.54353, 5.83895, 10.5863, 10.0044, 18.3295, 11.7492, 7.47898, 8.87486, 4.08026, 3.04107, 0.769, 1.18128, 8.57953, 12.7618, 18.8849, 22.5992)
(10.1864, 16.3155, 10.0825, 10.6619, 9.69502, 7.6676, 8.99657, 4.98636, 5.41166, 2.73964, 13.2568, 9.96932, 8.84814, 6.41258, 6.23967, 9.82033, 9.98356, 10.4778, 7.18999, 8.17655, 9.10078, 13.7813, 4.2581, 4.13948, 8.40838, 6.80528, 3.3935, 0.244897, 4.91797, 8.47254, 11.6929, 15.5998, 32.0672)
(12.592, 7.54147, 8.72588, 11.049, 13.1031, 12.3028, 9.47009, 3.75373, 2.35314, 4.89428, 14.2146, 11.7077, 8.73528, 9.22669, 7.97095, 8.30468, 7.31608, 7.62477, 6.84185, 8.77219, 8.88603, 14.6137, 5.87652, 4.33199, 7.13017, 5.03196, 2.09443, 0.470025, 2.65077, 8.7438, 15.6329, 20.9818, 27.0556)
(8.2833, 6.43677, 11.7345, 17.7108, 18.097, 15.2483, 7.00495, 2.49273, 1.87872, 3.22505, 7.88788, 10.5412, 9.47366, 8.49748, 7.7953, 10.0453, 8.62377, 7.92285, 8.25029, 9.54958, 8.98461, 10.316, 3.14475, 3.25405, 4.79469, 4.153, 2.21016, 0.784972, 4.08386, 9.21814, 16.8506, 23.2625, 28.2432)
(7.27299, 11.3933, 15.4424, 18.6467, 12.1504, 18.5228, 3.5962, 2.33877, 3.05851, 5.02861, 2.54936, 13.3722, 10.8528, 9.3235, 7.50879, 10.0992, 5.72574, 10.6665, 6.44158, 8.29732, 7.58756, 10.1249, 1.61372, 2.32118, 2.42503, 3.93442, 1.29485, 0.944869, 1.5329, 7.25423, 12.5406, 16.7508, 49.3874)
(7.1577, 12.838, 15.8984, 24.7338, 14.8774, 7.80218, 2.66341, 1.67389, 2.21198, 3.29966, 6.84352, 5.83615, 6.40963, 11.0711, 9.51667, 9.37775, 6.68355, 9.34972, 12.6711, 13.042, 10.735, 5.3073, 2.05046, 1.49738, 1.34755, 1.05465, 0.625786, 0.241869, 2.49288, 7.31263, 13.1588, 26.3206, 43.8973)
(9.73504, 6.61385, 8.02386, 13.3128, 18.2848, 17.4822, 6.223, 3.35374, 2.03314, 4.65868, 10.2789, 9.40237, 8.16819, 10.2016, 9.87219, 10.2967, 9.60773, 9.12191, 8.50255, 8.06333, 8.90009, 7.86334, 5.31531, 4.16094, 4.70401, 4.4047, 2.19703, 0.827119, 4.36819, 9.60655, 14.9465, 21.7597, 27.71)
(6.69024, 8.26093, 17.8811, 20.0828, 19.5233, 10.0013, 0.742251, 7.02566, 4.51786, 2.30624, 2.96834, 4.31535, 5.57414, 4.37075, 9.62287, 14.7343, 17.6446, 9.8879, 5.93145, 8.42112, 8.73234, 10.7652, 6.14913, 9.972, 1.92029, 1.77328, 0.274491, 0.0963348, 0.634165, 5.62047, 12.1725, 23.3318, 38.0555)
(4.48538, 12.005, 6.62332, 27.6229, 19.968, 8.45511, 2.37639, 2.11729, 3.99134, 4.12874, 8.22652, 4.52433, 6.42223, 6.37113, 11.9944, 13.8619, 8.13623, 11.9832, 6.48425, 6.38924, 10.1022, 13.7309, 6.28891, 4.08233, 2.17362, 3.95879, 0.0889812, 0.0647453, 5.82642, 8.0498, 21.6302, 20.6586, 27.1776)
(10.2786, 7.49394, 10.335, 13.2095, 14.045, 11.7419, 5.06943, 3.65184, 3.43584, 6.47114, 14.2678, 11.6749, 9.52063, 7.44425, 9.16376, 8.2059, 6.51678, 8.40645, 10.2474, 10.3274, 9.16719, 9.32538, 6.31075, 5.59059, 4.30828, 3.73306, 1.09121, 1.17034, 3.37983, 7.9828, 12.2041, 21.6394, 32.5897)
(6.2358, 13.4079, 10.4768, 9.1779, 9.01617, 15.6668, 9.54186, 3.05928, 5.10539, 6.63011, 11.6819, 14.634, 8.9235, 6.98642, 10.4629, 7.14649, 6.0707, 7.02226, 7.12965, 9.23332, 9.79886, 12.5919, 8.6497, 7.83402, 6.4495, 6.82472, 2.78825, 1.18803, 4.20222, 8.95061, 10.7302, 18.547, 23.8358)
(10.5325, 8.17671, 9.11877, 9.02461, 11.2046, 11.8312, 7.40485, 6.70307, 6.95404, 7.43983, 11.6098, 13.4467, 10.0033, 9.09331, 7.87673, 6.34873, 6.32805, 7.30597, 7.43182, 8.19715, 10.9318, 13.0364, 12.3427, 8.84103, 7.11093, 4.83572, 2.93916, 0.808508, 4.34784, 8.59871, 13.3754, 15.9729, 20.8271)
(10.14, 8.96168, 8.37098, 10.1136, 12.3056, 12.7014, 8.36164, 5.69691, 5.16153, 6.47427, 11.7124, 13.4304, 10.1415, 8.97883, 7.56331, 6.60711, 7.09168, 6.11134, 8.51421, 9.27956, 9.4386, 12.8435, 11.2162, 8.45245, 7.5804, 5.67893, 3.1434, 0.619509, 3.2085, 8.15902, 12.5468, 15.8632, 23.5315)
(8.97486, 8.03381, 7.8504, 10.9716, 14.0907, 17.3392, 7.18686, 3.50269, 4.33228, 6.98233, 10.7353, 13.6481, 10.6203, 9.04873, 8.17226, 7.32725, 6.5174, 6.13546, 7.35453, 8.70229, 9.67928, 12.7944, 6.34689, 5.49285, 5.80273, 4.71153, 3.41092, 0.93132, 4.15997, 9.63812, 13.8807, 19.9475, 25.6775)
(11.335, 9.38725, 10.5168, 13.4033, 14.1829, 11.8691, 5.28585, 3.98882, 4.32893, 5.16644, 10.5357, 11.5105, 9.71119, 8.14661, 8.74698, 7.45863, 8.01301, 7.78429, 7.75257, 8.30652, 11.3419, 11.2277, 7.67182, 6.71112, 5.94311, 4.38234, 2.48733, 1.34549, 4.18323, 10.1735, 14.7888, 17.8687, 24.4445)
(7.68506, 7.06509, 9.0223, 12.1179, 16.5924, 19.4257, 8.67433, 2.53142, 3.03355, 4.97393, 8.87834, 11.5926, 10.8276, 9.06688, 8.00766, 8.62065, 8.18723, 7.2276, 8.97045, 8.28098, 8.45542, 10.7629, 3.85472, 5.15578, 5.56456, 4.99603, 3.13466, 0.838811, 4.61695, 11.3638, 15.4763, 19.6657, 25.3326)
(7.72262, 9.20111, 13.4863, 19.6395, 15.7437, 11.3942, 3.69872, 3.23031, 3.90108, 3.76709, 8.21537, 7.05838, 9.17516, 9.15169, 9.49693, 9.19491, 8.99851, 9.10289, 9.66432, 9.72859, 10.2356, 8.193, 4.40953, 2.97792, 2.73605, 2.94672, 2.16554, 0.712434, 3.25513, 9.13471, 15.6537, 25.6645, 30.3437)
(15.6781, 12.0373, 7.74213, 10.5471, 11.9434, 9.61642, 5.91948, 6.51395, 2.64749, 5.46122, 11.8933, 17.807, 10.5922, 8.02494, 6.98738, 6.87195, 8.98255, 4.00673, 4.43729, 6.06967, 11.6083, 14.612, 8.61644, 6.28384, 6.80446, 4.5317, 1.93347, 2.94857, 3.06194, 5.46092, 10.8913, 22.6007, 26.8666)
(8.94769, 9.01433, 11.6644, 14.1255, 14.5103, 15.2755, 6.45541, 3.61949, 3.67044, 3.38518, 9.3318, 10.2379, 9.60486, 7.55333, 9.64909, 9.06497, 9.36523, 8.58691, 9.80978, 8.04357, 8.60952, 9.4748, 3.00063, 3.42212, 4.14858, 4.535, 3.55037, 1.3294, 3.76056, 8.93558, 14.7986, 21.5012, 31.018)
(9.58924, 9.5709, 9.71992, 6.34279, 18.9841, 18.8927, 7.63553, 0.192383, 3.73682, 3.86534, 11.4703, 7.88673, 14.0471, 16.6951, 5.94316, 7.87632, 8.66916, 5.08035, 4.13192, 5.97391, 10.4175, 13.2787, 4.08096, 5.6913, 3.07248, 9.23603, 2.8636, 1.84527, 3.82164, 12.2354, 16.3063, 18.4616, 22.3854)
(6.74598, 7.72118, 10.5881, 14.8737, 20.3005, 19.1801, 5.09236, 1.99241, 2.72303, 3.47401, 7.30865, 11.0448, 8.91965, 9.67043, 7.40516, 11.136, 8.8364, 8.37036, 8.2891, 9.37262, 9.26184, 7.69364, 6.17346, 3.96413, 4.29138, 3.89014, 2.02749, 0.942533, 3.71772, 10.2979, 17.6089, 21.678, 25.4083)
(8.48912, 8.10051, 10.9029, 15.2742, 16.231, 13.6476, 7.5858, 2.40868, 2.28538, 4.87288, 10.2021, 10.4588, 9.3033, 10.4295, 7.58264, 9.94292, 8.70895, 8.30924, 6.87935, 8.3118, 8.77314, 11.3003, 5.63066, 3.59745, 5.12469, 5.41269, 2.46691, 0.941672, 3.23684, 9.03926, 16.8335, 22.3414, 25.3749)
(7.07845, 5.2502, 18.1138, 18.941, 13.8248, 10.2827, 8.71133, 3.76012, 1.52714, 4.34957, 8.16088, 11.5371, 5.56227, 8.03949, 7.33877, 10.2084, 14.6221, 12.1173, 8.87583, 6.15168, 6.27759, 9.26947, 3.19193, 4.72209, 4.61462, 4.64863, 2.92181, 0.284574, 1.59046, 8.33943, 12.7708, 22.4012, 34.5145)
(10.7222, 8.95196, 9.68478, 18.7748, 16.2972, 9.71599, 8.86528, 3.29678, 1.25423, 3.37446, 9.06238, 10.1609, 5.91588, 10.739, 6.13818, 7.41014, 9.44483, 19.1069, 7.88139, 10.8559, 5.12992, 7.21694, 1.47383, 4.31645, 6.49714, 4.68431, 4.1547, 0.117448, 2.47315, 7.27951, 20.7021, 21.7754, 26.526)
(4.60598, 17.3913, 15.6455, 17.9917, 16.4856, 15.5039, 4.03686, 1.91865, 0.8313, 2.31861, 3.27076, 6.40097, 9.26112, 15.3958, 11.5861, 11.8311, 7.71915, 6.47779, 3.60231, 4.99476, 15.0555, 7.67547, 4.4066, 3.25798, 0.899852, 0.806764, 3.01601, 0.17512, 3.44018, 7.12774, 16.0124, 29.8793, 30.9781)
(5.74755, 7.96104, 15.9376, 22.2992, 19.0188, 12.3353, 3.66057, 1.89227, 2.31356, 3.2712, 5.56305, 7.33228, 7.36096, 10.43, 9.98035, 11.6516, 10.1763, 10.4788, 9.85603, 8.10209, 8.38395, 6.24763, 1.87006, 2.12889, 1.9149, 1.78729, 1.71079, 0.404952, 2.68433, 6.88461, 17.5414, 26.4533, 36.6195)
(4.40297, 7.8681, 17.5126, 20.1356, 19.4643, 15.1281, 4.04993, 1.12123, 2.45545, 2.82962, 5.03208, 7.85376, 8.57773, 9.13792, 9.07489, 13.1715, 10.2281, 7.37528, 9.89485, 9.24731, 10.8739, 4.56479, 1.65887, 2.72987, 0.884222, 1.06992, 2.07077, 0.183645, 3.30989, 6.76088, 14.2077, 26.8733, 40.2509)
(5.54246, 12.0233, 16.6142, 18.0364, 14.2513, 18.3196, 2.37585, 1.70927, 2.46825, 4.45499, 4.20441, 9.99105, 7.59798, 7.26197, 7.05609, 9.5526, 11.3183, 6.89043, 8.90979, 10.6988, 8.47847, 12.2445, 1.10245, 0.983701, 4.96674, 1.76237, 3.09198, 0.211284, 4.2962, 9.68791, 10.4197, 19.9547, 43.523)
(7.85873, 10.6153, 21.5616, 13.2172, 23.3697, 5.62049, 0.618503, 2.92044, 0.436294, 4.57091, 9.21087, 2.61217, 5.33248, 18.2184, 11.9635, 6.6662, 9.16127, 10.5483, 9.32424, 9.24743, 10.5311, 6.39493, 0.547669, 0.431348, 0.424165, 0.309807, 0.248086, 0.0829575, 1.89073, 11.6233, 15.3694, 21.8843, 47.1883)
(9.39076, 10.9637, 16.2564, 15.2807, 23.042, 7.6914, 1.76218, 1.69476, 1.80947, 4.04654, 8.06214, 4.14602, 8.71042, 11.9199, 11.9176, 9.4196, 10.2929, 11.4008, 7.95983, 8.04378, 9.30545, 6.8838, 1.29055, 1.21601, 1.35051, 0.888042, 1.11587, 0.299232, 4.18945, 10.3701, 17.8191, 23.6559, 37.8053)
(8.04064, 7.72071, 10.4714, 16.524, 17.8441, 16.505, 4.27735, 2.62152, 2.67309, 3.7303, 9.59184, 7.81407, 7.55126, 10.9296, 10.0447, 10.4577, 8.71817, 8.50835, 8.99558, 9.33856, 9.07366, 8.56833, 3.66764, 2.80107, 3.38895, 3.25793, 2.79827, 0.613511, 4.40408, 8.86926, 15.1226, 21.096, 33.9807)
(6.62232, 6.98432, 13.1521, 16.1793, 18.5813, 14.83, 4.78668, 2.9551, 2.90703, 4.33072, 8.6711, 9.1325, 7.994, 8.11448, 9.86399, 9.83874, 8.47291, 9.30946, 9.37463, 10.2125, 9.70058, 7.98625, 5.62251, 4.2914, 4.05351, 3.19425, 1.99481, 0.712511, 4.09154, 8.91522, 14.9343, 22.4825, 29.7075)
(5.10581, 10.2592, 15.3554, 17.7078, 15.4357, 19.4103, 3.59113, 2.40517, 1.57245, 2.60845, 6.54842, 9.67667, 6.81454, 8.42072, 8.95107, 10.1804, 8.25617, 10.0647, 10.3073, 10.6292, 9.27292, 7.42634, 2.94225, 2.265, 2.47321, 2.67214, 3.26962, 0.360007, 6.41533, 9.74158, 16.0932, 21.6861, 32.0816)
(8.5496, 8.33615, 13.5288, 13.2393, 12.4756, 11.2462, 4.5039, 5.22382, 5.59956, 6.49707, 10.8, 11.917, 10.2679, 8.57228, 7.86896, 7.5832, 8.38328, 8.47299, 7.51201, 8.62276, 10.9692, 9.83035, 10.1941, 7.61784, 5.85679, 2.87489, 1.3473, 1.02565, 1.94901, 6.54554, 10.8507, 19.5908, 32.1474)
(5.23783, 8.81519, 13.2869, 15.1022, 19.4948, 16.8833, 4.77434, 3.30767, 2.55706, 3.26223, 7.27843, 9.11484, 9.27306, 8.61592, 8.90556, 9.3689, 8.22927, 7.56363, 9.50677, 10.0301, 10.3547, 9.03725, 4.88064, 4.04857, 3.55621, 2.6583, 4.16609, 0.550437, 4.25352, 10.5716, 14.922, 21.9145, 28.4782)
(11.9288, 8.41653, 10.8923, 11.7574, 10.4588, 13.2377, 8.78441, 7.75763, 3.00112, 4.45966, 9.30569, 12.7483, 9.58229, 10.6385, 8.14449, 8.83572, 7.64693, 6.10014, 7.2404, 7.23631, 11.5817, 10.2452, 10.898, 9.48058, 8.42722, 4.68497, 2.10647, 0.386601, 2.51212, 6.67244, 11.8082, 18.6407, 24.3827)
(6.81829, 6.43582, 7.82712, 10.609, 13.9015, 15.9925, 9.44105, 8.4311, 5.71223, 5.50575, 9.32562, 12.336, 11.0256, 8.44613, 7.34635, 6.69091, 5.6683, 7.09554, 8.64856, 10.1073, 10.732, 11.9034, 10.5309, 8.92102, 8.26098, 6.68365, 2.49121, 0.67538, 4.49069, 9.18661, 11.9479, 16.506, 20.3057)
(5.35604, 5.87173, 9.91259, 14.5731, 23.6002, 17.7749, 5.14548, 6.1089, 2.73577, 2.96276, 5.95847, 9.86509, 8.37601, 8.2999, 8.90515, 7.95446, 10.1306, 9.77731, 8.25009, 10.8432, 7.33452, 10.2637, 4.41517, 3.55929, 4.93914, 3.42219, 4.8132, 0.467535, 5.38062, 10.0226, 18.1877, 20.1733, 24.6193)
(9.02333, 10.9392, 11.54, 11.5362, 12.9536, 10.6392, 6.19094, 4.27631, 4.04352, 7.94416, 10.9136, 11.1619, 10.7633, 9.14441, 7.92203, 5.91746, 8.11574, 7.93505, 8.04068, 8.33975, 10.6749, 11.9848, 6.98651, 6.95764, 6.07659, 5.45382, 2.01365, 0.6914, 2.59675, 6.66359, 11.5227, 18.5145, 32.5228)
(10.9357, 8.8115, 8.863, 8.63112, 8.8259, 15.1938, 9.58598, 4.99218, 4.30685, 8.50602, 11.348, 14.2942, 8.42548, 7.21323, 7.39979, 8.21088, 8.43751, 7.961, 7.36494, 9.23712, 9.1999, 12.256, 16.165, 14.247, 7.46495, 5.45906, 2.483, 0.470152, 3.54114, 6.50996, 10.157, 14.7602, 18.7426)
(6.00768, 6.60254, 11.0197, 13.4069, 18.0788, 17.1498, 6.7812, 4.21552, 4.28037, 4.19594, 8.26162, 11.3859, 10.7108, 8.11801, 7.65894, 8.9002, 6.61661, 7.96485, 9.06831, 8.71122, 9.41718, 11.4479, 6.56444, 6.31257, 5.69456, 4.31855, 3.32667, 1.50299, 4.29283, 10.2766, 14.2096, 19.2872, 24.2139)
(8.77927, 7.92119, 8.71219, 10.765, 12.5804, 14.4235, 8.39696, 5.58667, 4.83929, 6.32075, 11.6748, 12.3378, 10.4384, 8.17666, 7.40288, 7.05326, 7.07126, 6.5589, 8.63967, 9.48233, 9.91225, 12.9266, 7.88977, 7.66131, 6.58454, 5.54632, 3.07234, 0.970032, 4.17145, 8.62876, 13.3328, 17.6873, 24.4554)
(11.3882, 9.55418, 9.72998, 10.5678, 11.6011, 11.6854, 5.62343, 5.9625, 5.46317, 6.70704, 11.7171, 13.5754, 9.72785, 8.15353, 7.25687, 6.96996, 7.26397, 7.76436, 9.09472, 8.79537, 9.58439, 11.8136, 9.71568, 9.46492, 6.62756, 4.95876, 2.51889, 1.08693, 3.01399, 8.06631, 12.0575, 16.55, 25.9395)
(10.5442, 9.00418, 8.78003, 8.97836, 10.2394, 11.5899, 9.48577, 6.33977, 5.34962, 6.89723, 12.7916, 12.2068, 10.3422, 9.13119, 8.91404, 6.98737, 6.14809, 5.96259, 7.53518, 8.49429, 10.1951, 14.0832, 11.1125, 8.7884, 7.70714, 5.17434, 3.8183, 0.934133, 3.75308, 8.66946, 12.1426, 13.9675, 23.9326)
(9.99693, 8.12901, 8.05382, 9.21112, 12.0936, 12.111, 7.41678, 5.37834, 7.41987, 7.70029, 12.4892, 11.9786, 9.5609, 8.83608, 8.09778, 7.0904, 7.28951, 6.27901, 8.59762, 8.477, 10.1125, 13.6805, 9.96154, 7.09175, 8.08458, 6.16346, 1.98146, 0.367639, 2.10165, 9.39087, 14.1565, 16.842, 23.8585)
(12.1075, 7.5146, 7.63726, 8.47865, 9.40914, 10.1874, 9.14447, 7.01237, 5.88675, 3.40792, 19.2139, 8.88447, 10.64, 9.73771, 5.80354, 7.345, 6.68962, 5.61269, 8.08721, 13.2234, 11.6753, 12.3011, 9.16828, 7.92797, 6.65343, 5.92284, 5.50854, 1.79095, 4.54674, 9.27008, 12.2456, 13.0994, 23.8661)
(10.7465, 9.6613, 10.7796, 10.5198, 10.3123, 10.2247, 7.35268, 6.48697, 5.29623, 6.30681, 12.3131, 13.4854, 10.0993, 8.59485, 7.20364, 7.0092, 6.55044, 7.19418, 9.49931, 8.64379, 9.92597, 11.7939, 11.4029, 9.98056, 7.91944, 6.14768, 3.68815, 1.1703, 3.84339, 8.78019, 10.9093, 15.5662, 20.5919)
(10.2977, 6.71124, 6.56202, 9.19448, 7.28371, 14.1539, 8.49762, 7.34479, 5.26146, 10.5911, 14.102, 15.2517, 10.0127, 9.26505, 5.60719, 6.78241, 6.15528, 5.55053, 8.29156, 5.9716, 12.0163, 15.0957, 9.89296, 12.9741, 8.443, 5.87198, 2.87852, 0.830006, 4.72073, 11.4113, 11.4242, 15.287, 16.2663)
(9.25193, 9.63235, 6.83416, 13.8103, 16.8022, 12.8971, 4.18578, 3.35448, 4.64069, 5.44337, 13.1476, 8.44967, 9.68511, 7.54063, 10.2199, 9.47282, 10.2495, 5.52217, 7.65495, 7.56472, 9.80453, 13.836, 3.14982, 4.91074, 3.50279, 3.39984, 1.82512, 0.186911, 5.35795, 14.9698, 16.5889, 22.4116, 23.6965)
(13.3111, 12.362, 8.91288, 11.6589, 19.5813, 10.401, 4.14404, 2.09772, 3.25086, 3.46716, 10.813, 8.87725, 10.571, 7.87385, 10.9188, 7.08236, 7.28072, 8.26465, 9.04866, 10.319, 9.51754, 10.2463, 10.1485, 6.76995, 5.96521, 3.96641, 1.1936, 0.215887, 3.27896, 11.149, 19.3967, 15.4959, 22.4198)
(12.9934, 9.67805, 10.32, 10.547, 11.9115, 11.5602, 6.93035, 5.31836, 3.24722, 5.51022, 11.9838, 12.5785, 10.4528, 8.90126, 7.79, 7.58554, 6.9681, 5.75967, 7.26765, 8.8238, 11.7518, 12.121, 8.01717, 6.6421, 6.2087, 6.04583, 3.04496, 1.25304, 3.6045, 8.09615, 12.1934, 19.1339, 25.7603)
(10.86, 4.6122, 6.56067, 11.0553, 15.7194, 11.134, 6.1754, 6.26736, 4.74635, 10.7222, 12.1471, 12.5638, 8.76764, 8.9595, 6.38235, 7.6438, 6.88846, 7.00445, 8.31414, 7.69608, 11.0027, 14.7771, 10.1295, 8.34367, 4.44481, 3.55417, 0.747834, 0.734624, 3.99745, 9.25897, 17.9747, 18.6371, 22.1772)
(5.98627, 5.88037, 11.4085, 15.5647, 19.6049, 16.167, 6.98187, 3.11431, 2.7452, 4.82925, 7.71756, 8.90948, 9.38573, 8.68373, 9.45104, 9.14505, 7.47034, 9.5453, 7.55781, 10.0655, 9.62704, 10.159, 5.58488, 4.56213, 3.87519, 3.60753, 1.41547, 0.428624, 3.44147, 7.89048, 14.3585, 22.5654, 32.2703)
(7.36879, 10.0901, 14.8097, 21.6106, 16.7157, 14.7282, 2.42503, 1.52186, 1.94649, 2.24467, 6.53893, 6.54781, 10.4564, 10.5568, 10.2574, 8.47257, 7.92571, 7.56028, 8.81857, 10.1743, 11.2787, 7.95156, 2.22654, 2.19528, 2.20324, 2.98688, 2.22726, 0.497422, 4.97811, 11.4823, 18.3323, 24.7104, 28.1602)
(11.9631, 9.9086, 10.5128, 10.3583, 10.8596, 12.2635, 6.85322, 4.77765, 3.79614, 6.6485, 12.0585, 12.4307, 9.61023, 8.43974, 8.4988, 7.29593, 6.45004, 7.48656, 9.15873, 8.49239, 10.4598, 11.677, 6.58942, 7.20513, 6.63141, 4.87274, 2.27442, 1.08777, 3.48266, 7.84989, 12.0241, 19.0439, 28.9385)
(13.1263, 10.291, 10.9792, 10.643, 11.2255, 11.6592, 6.92875, 4.33966, 3.95384, 5.16383, 11.6896, 11.5453, 10.1842, 9.50783, 7.12291, 7.66345, 7.29799, 7.46767, 8.66069, 8.81476, 9.63087, 12.1044, 12.2296, 9.81065, 7.31539, 4.62871, 3.04374, 0.94393, 3.13573, 6.74024, 11.4638, 17.2552, 23.433)
(10.1342, 9.15829, 10.3268, 11.7926, 13.6205, 13.6935, 8.53294, 4.61828, 3.21555, 4.42469, 10.4826, 10.8675, 10.4182, 8.3682, 7.44258, 8.14951, 8.6817, 7.1291, 10.423, 8.81568, 9.01044, 10.6942, 3.66085, 4.75388, 6.24318, 5.56941, 3.06584, 1.29993, 3.12467, 8.18388, 12.524, 21.4599, 30.1144)
(9.70664, 7.7663, 10.1531, 11.0577, 13.3279, 15.0436, 6.35679, 4.14484, 3.64403, 4.57025, 14.2288, 13.447, 9.98725, 8.45284, 7.68108, 7.08466, 6.99388, 6.31835, 8.42561, 8.45202, 10.2301, 12.9272, 5.25005, 5.32863, 5.89563, 4.17898, 1.85396, 0.786097, 3.24282, 8.11265, 13.8241, 24.266, 27.2611)
(10.9365, 11.1597, 10.7046, 11.7356, 12.3695, 12.8431, 7.04373, 3.29512, 2.76152, 5.19421, 11.9565, 10.25, 10.3606, 8.97775, 7.13517, 7.89789, 8.18619, 8.0957, 8.10563, 9.46776, 9.46902, 12.0543, 7.41565, 5.60315, 6.71632, 4.35303, 2.23204, 0.972417, 3.30366, 7.90013, 13.1537, 18.7693, 29.5806)
(6.61147, 10.8759, 11.8204, 9.63028, 16.3149, 22.7527, 3.59665, 0.699459, 2.85766, 2.17122, 12.6693, 8.24996, 9.68774, 8.77052, 12.5973, 13.5541, 8.31571, 6.80986, 7.37138, 5.73268, 6.34562, 12.5651, 5.03202, 4.27275, 5.10622, 2.93509, 3.03913, 1.70228, 5.60808, 10.2979, 20.1871, 17.8915, 23.928)
(6.94011, 8.7683, 11.8195, 16.7922, 18.8189, 15.155, 7.5207, 1.8642, 1.46411, 2.80309, 8.05386, 8.72336, 6.02573, 7.29152, 8.58933, 11.2212, 12.5873, 11.624, 7.45004, 10.5984, 8.7052, 7.18383, 2.12882, 3.44471, 4.75208, 4.59893, 1.52457, 0.876969, 3.43013, 9.96239, 16.1494, 24.9037, 28.2283)
(2.52402, 7.44672, 26.9965, 17.7563, 28.8134, 8.88282, 2.22202, 0.407419, 0.399107, 2.09622, 2.45546, 5.83935, 7.42965, 7.86535, 12.1981, 8.53186, 19.732, 9.44152, 12.4488, 9.14462, 6.15179, 1.21701, 0.401435, 0.476994, 0.355983, 0.379692, 0.417665, 0.103869, 0.680207, 8.74379, 12.1066, 25.8405, 50.4932)
(6.72019, 8.22762, 14.6024, 15.1799, 16.3738, 13.696, 5.15342, 2.83654, 3.13959, 4.96451, 9.10612, 9.56199, 8.56585, 9.57745, 8.52073, 8.43094, 8.38074, 9.23785, 9.14085, 8.40877, 9.71576, 10.4591, 4.43519, 3.9926, 4.45482, 2.90815, 2.56464, 0.597386, 3.63362, 8.34556, 13.8281, 22.9556, 32.2844)
(9.23993, 8.78963, 10.1447, 13.2507, 12.2408, 11.659, 7.33993, 5.3058, 4.54535, 6.51875, 10.9655, 12.59, 10.4231, 8.70707, 8.27834, 7.36309, 7.01904, 7.4265, 7.03404, 8.56023, 9.66059, 12.938, 8.81357, 8.11376, 6.89062, 5.02935, 2.54568, 0.925057, 4.19789, 7.68878, 12.4149, 18.2366, 25.1437)
(8.52257, 12.286, 10.4472, 11.342, 11.145, 13.3363, 10.3609, 6.45973, 3.24645, 3.76245, 9.09143, 10.4111, 13.5603, 8.71753, 8.98572, 9.11431, 8.96527, 6.38391, 6.07606, 7.29588, 9.11429, 11.3756, 8.43248, 7.99097, 8.12507, 4.36024, 2.01346, 0.383043, 5.14361, 6.94314, 11.8606, 19.8997, 24.8477)
(9.79411, 8.6801, 13.6386, 11.991, 11.6084, 11.2771, 7.11041, 4.66297, 5.21229, 6.48068, 9.54422, 10.4951, 7.09235, 8.81872, 9.56141, 7.69251, 10.0364, 6.99234, 6.98868, 10.2364, 10.1088, 11.9772, 9.09319, 7.3994, 5.8527, 3.90395, 2.64172, 1.09712, 3.51744, 8.23041, 12.8697, 19.3837, 26.0106)
(9.49364, 8.01741, 9.36716, 11.0793, 12.4494, 12.7009, 8.33477, 6.39157, 4.17726, 6.78469, 11.2039, 12.1237, 10.6732, 9.62469, 8.87894, 7.30978, 7.4819, 6.81998, 7.32185, 7.93838, 9.95636, 11.8712, 8.35094, 7.38869, 7.38948, 5.08574, 2.44917, 0.766948, 3.68866, 7.80754, 13.2181, 17.5534, 26.3014)
(9.52219, 8.97818, 11.0534, 10.5754, 12.4636, 10.3566, 6.25504, 6.16166, 5.10859, 6.95453, 12.5709, 11.9255, 9.95487, 8.90197, 7.3909, 7.93352, 6.78106, 8.33101, 8.24355, 10.4841, 9.88548, 10.1681, 8.95288, 7.99317, 5.06468, 3.5439, 2.06569, 0.758793, 2.19276, 6.3088, 10.8516, 19.0486, 33.2192)
(14.033, 9.89816, 7.03003, 7.77748, 8.51341, 12.6431, 7.87296, 8.53978, 4.74936, 6.36125, 12.5814, 14.4846, 10.8649, 7.39271, 7.87345, 6.03064, 6.36618, 5.92116, 8.9724, 7.24551, 10.9755, 13.8729, 9.18824, 9.94291, 8.3318, 6.90347, 3.07559, 1.16605, 5.63244, 5.49058, 8.01495, 17.3967, 24.8573)
(9.3836, 7.57755, 8.93218, 10.8054, 13.359, 13.7402, 8.42997, 5.56047, 4.4096, 6.81313, 10.9889, 12.4945, 10.6457, 9.37041, 8.78081, 7.02832, 7.26794, 6.43058, 7.36652, 8.68505, 10.1432, 11.7871, 7.23191, 6.68334, 6.54298, 5.20921, 2.73778, 0.535832, 3.88799, 8.13448, 13.8747, 18.5207, 26.6411)
(8.41565, 7.72175, 8.0382, 8.6752, 13.3245, 15.6732, 9.2115, 4.01402, 4.77882, 8.42792, 11.7192, 13.2393, 10.3745, 8.03357, 8.03062, 6.31803, 7.38763, 7.794, 8.14848, 9.17352, 9.43867, 12.0616, 6.85965, 5.7487, 6.21271, 6.75705, 2.97067, 1.13786, 3.82317, 7.19595, 14.3616, 17.9422, 26.9905)
(9.18161, 8.83605, 8.42104, 9.80086, 13.5013, 13.2016, 7.66284, 6.66566, 5.48978, 7.00933, 10.2299, 13.392, 10.9968, 9.31057, 7.06834, 6.6787, 6.78466, 7.2065, 7.34086, 8.08179, 9.73255, 13.4072, 9.93643, 8.56323, 7.62722, 5.69839, 3.83223, 0.885444, 5.16723, 10.2635, 11.7233, 15.0208, 21.2822)
(10.613, 7.53154, 8.00855, 10.8316, 10.9792, 13.5938, 7.04567, 5.99566, 5.53737, 6.93912, 12.9245, 11.0946, 10.0369, 9.33237, 8.37477, 7.25783, 6.92379, 8.49094, 6.34305, 8.00156, 10.1875, 13.9568, 7.96764, 7.37119, 6.39815, 5.35648, 3.4464, 0.732753, 3.62761, 7.56411, 12.8247, 18.8739, 25.8371)
(10.218, 5.96222, 7.56268, 10.1003, 14.8195, 13.9432, 6.19509, 4.50497, 4.87538, 7.29456, 14.524, 10.975, 10.5438, 9.56519, 8.86341, 6.72583, 6.89793, 7.28004, 7.60822, 7.75709, 9.89793, 13.8856, 6.47183, 4.82541, 7.06932, 3.73253, 2.9463, 0.36704, 3.45879, 7.52356, 14.085, 22.0772, 27.443)
(6.99754, 7.27248, 10.2739, 12.8418, 14.1703, 14.8847, 7.64607, 4.42621, 4.54514, 6.00747, 10.9344, 10.19, 10.1696, 8.6503, 8.67751, 8.36686, 7.39265, 7.4019, 7.39881, 10.0737, 9.79648, 11.8822, 5.88467, 5.64185, 5.32573, 5.26005, 2.26161, 0.802196, 4.09995, 7.7324, 14.0389, 19.8263, 29.1263)
(10.2418, 8.42877, 8.68524, 9.01839, 11.0078, 13.5882, 9.48055, 5.5996, 5.26479, 5.71739, 12.9674, 12.7441, 8.2661, 8.64287, 7.92646, 7.73284, 7.63741, 7.76464, 7.68476, 7.33915, 10.4115, 13.8503, 9.96981, 7.06431, 6.82881, 7.39802, 4.00725, 0.888501, 3.74196, 7.90214, 11.2984, 17.7534, 23.1474)
(6.56967, 7.16372, 10.2929, 14.6494, 14.6073, 18.3563, 7.57568, 4.2198, 3.08141, 6.40877, 7.07503, 15.1006, 9.40387, 9.51952, 10.3182, 7.07478, 6.7774, 6.30595, 7.39502, 7.13221, 9.61253, 11.3599, 5.66263, 7.82314, 4.81682, 4.07279, 2.16825, 0.68376, 3.53167, 10.7135, 13.9189, 20.1654, 26.4431)
(9.74961, 8.00148, 11.7164, 13.6249, 15.9116, 12.1361, 4.32047, 4.34169, 4.42481, 4.24748, 11.5255, 9.15936, 9.81569, 7.97484, 7.69296, 8.54486, 9.62328, 9.10036, 9.55999, 8.16158, 9.82164, 10.5454, 6.04798, 4.76016, 3.87271, 3.67654, 2.43242, 0.967023, 3.93483, 9.77121, 13.7383, 21.1458, 29.653)
(6.75426, 5.89108, 11.0274, 18.3139, 17.9595, 16.6381, 7.78522, 3.10056, 2.54448, 4.18967, 5.79594, 10.7758, 9.71358, 9.60031, 9.03836, 10.3844, 8.47833, 7.88037, 8.2255, 8.57305, 8.95562, 8.37467, 4.51622, 4.15299, 4.35051, 3.20219, 1.71036, 0.800715, 2.9146, 8.28144, 15.8191, 24.6709, 29.581)
(8.95172, 10.5206, 13.4063, 17.6083, 14.922, 14.3778, 5.1292, 2.20918, 2.54357, 2.99045, 7.34083, 8.99864, 9.68866, 9.8121, 8.68114, 10.9156, 10.2451, 7.65748, 10.5132, 6.1966, 8.848, 8.44342, 2.71415, 2.18229, 1.8857, 3.18083, 4.44919, 1.63806, 3.86658, 8.18143, 17.9101, 24.3004, 29.6912)
(11.1029, 8.90346, 11.2015, 12.9609, 16.4176, 13.0506, 6.0107, 2.6532, 3.25569, 4.50075, 9.94278, 9.57586, 8.96292, 9.14418, 8.31332, 10.1267, 9.62173, 9.0192, 8.84904, 7.95892, 9.29565, 9.13245, 12.123, 5.88485, 5.84714, 4.53482, 2.50184, 0.795097, 2.64477, 7.23806, 14.3709, 20.5123, 23.5472)
(4.56123, 4.09504, 11.998, 18.5527, 21.8307, 22.0819, 3.71985, 1.33369, 2.67659, 4.09213, 5.05824, 6.5255, 9.3538, 9.20919, 12.3868, 8.41827, 7.24316, 11.7351, 8.5216, 10.4293, 8.68958, 7.48772, 6.8303, 3.3161, 3.04305, 1.90747, 1.62602, 0.717886, 3.18327, 10.0097, 15.6662, 25.0126, 28.6874)
(4.03766, 4.94099, 11.6935, 21.3969, 27.9146, 15.0401, 5.03405, 1.81235, 1.9296, 2.42818, 3.77209, 6.48859, 9.2008, 8.50222, 10.3627, 11.3189, 12.1967, 11.6215, 8.41277, 8.39931, 7.32552, 6.17107, 4.04095, 2.43656, 2.06427, 2.11748, 1.19701, 0.385402, 3.57194, 10.5148, 20.0581, 25.6265, 27.987)
(4.63486, 8.62502, 10.1766, 17.2675, 24.6387, 16.1867, 3.86493, 2.3174, 1.42189, 3.793, 7.07341, 5.51623, 8.71302, 8.89136, 11.012, 14.7276, 10.445, 9.14067, 8.95569, 9.19393, 6.41083, 6.99369, 12.6391, 4.72033, 2.5792, 1.64351, 1.30909, 0.747789, 3.19038, 9.67425, 14.5896, 23.2288, 25.678)
(11.3403, 8.67552, 9.59429, 10.3614, 11.9487, 12.4651, 9.60329, 4.16471, 3.18187, 3.87204, 14.7928, 13.7792, 10.1796, 8.69682, 7.89243, 7.24443, 7.51465, 5.40295, 7.8682, 10.3791, 9.36135, 11.6814, 3.70805, 4.03789, 8.03865, 5.27965, 2.81009, 0.860712, 4.1578, 6.64865, 13.6371, 21.3901, 29.4313)
(9.69683, 10.7981, 12.2601, 12.5963, 18.629, 16.2094, 4.31586, 1.20606, 1.88806, 3.5106, 8.88971, 8.98331, 9.35679, 7.96741, 8.65522, 12.4781, 10.645, 11.0065, 6.78484, 7.87082, 7.50772, 8.74437, 7.22082, 3.04421, 3.77133, 3.87875, 1.80942, 0.941935, 5.05869, 9.39733, 16.4581, 22.2543, 26.1651)
(9.57854, 9.71264, 10.3866, 13.1493, 15.5499, 16.5877, 7.85063, 1.88859, 1.62218, 3.11351, 10.5604, 10.7138, 8.16478, 7.31104, 9.81779, 8.64527, 9.80269, 9.17929, 7.53518, 8.48039, 11.4573, 8.89249, 3.07587, 3.57399, 4.15841, 5.69094, 3.3732, 1.21629, 3.80795, 9.96498, 13.5002, 21.7414, 29.8968)
(6.68067, 7.42607, 13.8401, 19.9335, 21.7564, 14.0656, 3.84967, 1.23357, 1.21695, 2.73515, 7.26221, 7.45258, 9.96033, 7.4581, 8.01704, 13.935, 12.9702, 12.2266, 7.48057, 7.70509, 6.16366, 6.63078, 3.77963, 2.79426, 3.10265, 2.65175, 2.19491, 0.823517, 3.25357, 11.0801, 15.5751, 27.4502, 27.2943)
(4.84048, 7.05206, 13.4426, 20.4533, 20.9829, 15.6479, 3.8421, 1.10472, 1.04199, 2.44068, 9.1512, 6.67071, 9.55391, 8.47382, 10.4188, 13.1894, 11.3145, 11.2539, 6.97326, 7.65406, 7.32027, 7.17731, 2.13824, 2.68936, 2.85191, 3.26204, 2.13634, 0.49363, 3.30501, 9.58827, 18.8461, 25.6001, 29.089)
(6.06785, 7.59117, 11.023, 23.1005, 20.2439, 14.2479, 6.34049, 1.08831, 2.08706, 2.64589, 5.56387, 8.77755, 7.21682, 6.03248, 12.0469, 11.6055, 12.6152, 15.4108, 5.9144, 7.5654, 6.15446, 6.66044, 4.65836, 4.32375, 3.54062, 3.39157, 2.11944, 1.53565, 3.43891, 7.38791, 14.9041, 27.356, 27.3437)
(4.70118, 6.54764, 13.2605, 18.5138, 24.4321, 14.2476, 5.31613, 1.0591, 0.912452, 2.82505, 8.18451, 6.78977, 5.59529, 8.56531, 8.91647, 12.3195, 12.8467, 17.2781, 5.9579, 8.59868, 7.00631, 6.1261, 2.14648, 2.30005, 2.91542, 4.15358, 1.45064, 0.441759, 3.73594, 9.38384, 17.9075, 29.0212, 26.5437)
(2.28596, 5.53521, 20.56, 24.1774, 21.0515, 16.0469, 2.24158, 3.41736, 0.276319, 0.510046, 3.89765, 4.11037, 4.23788, 7.50702, 15.3396, 9.13559, 11.9043, 21.2927, 13.4589, 8.95519, 1.33553, 2.72297, 1.9826, 1.98734, 0.401289, 1.98104, 0.335364, 1.65964, 5.16531, 5.74499, 11.2566, 29.4037, 40.0821)
(5.97692, 7.08816, 11.5779, 17.7868, 20.1578, 16.5598, 6.49956, 2.0068, 2.86034, 4.07991, 5.40584, 7.56875, 9.33246, 7.77237, 11.7819, 8.7419, 10.5231, 10.6469, 12.6943, 6.90997, 7.67732, 6.35092, 6.56401, 4.24999, 2.19828, 5.03056, 1.72226, 0.270609, 3.16865, 8.50258, 14.3407, 23.1767, 30.7756)
(4.4934, 8.70938, 12.2871, 21.6973, 14.2182, 13.4792, 8.50877, 5.76255, 2.6694, 3.33429, 4.84036, 11.1973, 7.63056, 8.87576, 12.1545, 11.7911, 5.96712, 10.1331, 9.14993, 7.16808, 7.51648, 8.41607, 5.10358, 8.10047, 6.74742, 6.4024, 2.19379, 0.405963, 2.4249, 6.03184, 13.1565, 22.7294, 26.7037)
(7.54352, 7.33622, 11.9832, 13.6736, 14.595, 11.1009, 6.28566, 3.86407, 3.96052, 7.87878, 11.7785, 9.75296, 10.667, 9.40983, 9.50834, 8.69076, 6.76995, 7.80404, 9.10832, 9.23023, 10.3925, 8.66605, 8.90898, 4.42524, 3.35246, 2.37255, 1.00417, 0.467352, 2.68602, 6.94919, 13.0592, 19.7803, 36.9946)
(7.93647, 8.3444, 11.2376, 14.2706, 14.5857, 13.9231, 6.43108, 4.4062, 4.50483, 5.19506, 9.16505, 11.5845, 8.53871, 8.64992, 8.88792, 7.50675, 8.23436, 8.61803, 8.4871, 8.34957, 10.1312, 11.012, 7.44539, 6.79465, 6.09699, 3.99804, 2.20359, 0.984079, 3.78938, 8.55193, 13.8502, 19.9185, 26.3672)
(9.48339, 10.2853, 12.1215, 14.3378, 14.3438, 12.362, 5.54447, 3.94241, 3.1393, 4.93219, 9.50793, 11.311, 9.82915, 8.3253, 7.7227, 7.92548, 7.54209, 10.0324, 10.2411, 8.91845, 8.71258, 9.43979, 5.18348, 4.60768, 3.66605, 3.84266, 1.42585, 0.909998, 3.17724, 7.71016, 13.9769, 21.1563, 34.3437)
(13.7901, 9.67116, 9.2881, 10.0504, 11.8647, 9.13323, 8.18374, 6.65427, 4.4659, 6.31001, 10.5884, 13.0188, 9.22463, 8.36593, 7.60269, 8.64886, 6.54939, 6.28588, 8.46395, 8.41403, 11.9347, 11.4911, 7.77458, 11.098, 7.1936, 6.00906, 2.68197, 0.708125, 3.83308, 5.00566, 9.77122, 14.7338, 31.1908)
(9.9025, 10.1722, 9.73873, 10.1887, 11.9648, 10.8604, 6.64129, 6.40362, 5.27489, 6.80865, 12.0442, 12.7521, 9.70854, 7.88194, 7.59994, 6.99428, 7.53295, 7.99462, 8.59406, 9.69288, 10.7145, 10.5343, 8.17771, 8.22075, 6.79706, 4.49924, 2.35898, 0.649272, 2.94137, 7.53524, 10.4708, 19.7346, 28.615)
(11.5635, 10.4228, 10.2148, 11.3099, 13.1487, 10.8567, 6.90603, 4.46786, 4.34407, 6.19799, 10.5677, 12.0451, 9.75041, 9.03481, 7.7515, 6.15541, 6.95221, 7.43444, 7.80051, 7.44752, 12.4594, 13.1687, 10.6744, 7.16606, 6.38709, 4.01539, 2.91893, 0.581238, 4.39728, 6.97967, 12.672, 19.9073, 24.3007)
(9.2294, 10.4659, 13.2217, 12.1736, 12.2044, 10.8598, 6.63819, 6.79891, 4.53196, 5.31384, 8.56235, 12.3024, 10.0265, 8.34726, 6.6372, 7.21158, 7.63203, 7.73781, 9.5597, 8.93994, 10.6253, 10.9803, 11.074, 8.46184, 8.90703, 4.91912, 3.45761, 1.02673, 4.03976, 9.2008, 10.6533, 15.8833, 22.3764)
(4.17548, 6.49913, 9.39065, 17.181, 20.0846, 16.5079, 9.56744, 3.95823, 2.48174, 3.68505, 6.46887, 11.8794, 10.2044, 7.35564, 10.9606, 7.44089, 7.51551, 8.32086, 8.67939, 8.72423, 9.8701, 9.04892, 4.36357, 6.59589, 4.83371, 4.5965, 2.55817, 0.751303, 4.78292, 10.2064, 14.2766, 21.7682, 25.2668)
(7.76952, 6.78875, 10.3722, 12.7479, 15.6365, 14.2851, 6.82746, 3.99733, 4.39646, 6.4287, 10.7501, 10.6164, 10.3538, 8.89841, 9.17663, 7.88636, 7.57635, 6.97406, 8.14846, 9.13493, 10.0756, 11.1589, 5.59802, 4.70909, 4.25358, 3.49301, 1.559, 0.478443, 3.32617, 7.87361, 12.8087, 20.8712, 35.0292)
(9.61266, 7.52936, 10.5111, 13.8853, 13.8548, 12.9161, 6.06601, 6.07484, 4.14425, 5.99661, 9.40892, 12.363, 10.0533, 7.62167, 7.44266, 7.36585, 8.04851, 7.88158, 9.10639, 8.84659, 10.7858, 10.4847, 6.90473, 6.90801, 6.5628, 4.53716, 3.53638, 0.872216, 4.90983, 9.27191, 13.7167, 19.3642, 23.4161)
(8.73566, 9.1563, 10.9416, 15.4257, 16.1103, 13.1229, 4.83904, 4.64762, 3.47119, 3.97578, 9.57387, 9.86, 9.25569, 9.3135, 10.1234, 8.16164, 10.4467, 8.19068, 8.61063, 7.34505, 9.48897, 9.20376, 6.33986, 5.50579, 5.22345, 3.50638, 2.51732, 0.970206, 3.63999, 10.076, 15.1167, 21.0781, 26.0262)
(12.0505, 6.91792, 8.95503, 10.6933, 11.2527, 13.631, 6.69649, 7.24475, 4.93403, 5.35927, 12.2649, 13.0073, 9.70083, 7.83531, 7.85514, 7.47349, 8.51725, 9.68413, 7.64329, 7.76006, 9.20707, 11.3161, 5.97552, 5.45209, 4.58161, 4.16127, 2.32379, 0.625617, 3.41426, 9.9092, 13.1808, 19.6122, 30.7636)
(6.46945, 7.09568, 11.9561, 15.5664, 20.7637, 16.5406, 7.45548, 2.36908, 2.29237, 3.81513, 5.67603, 6.24469, 9.59379, 10.4769, 8.42826, 10.0705, 10.0093, 10.5564, 10.1778, 8.4571, 8.82838, 7.15684, 7.63021, 4.79791, 2.68627, 2.63112, 1.99596, 0.38961, 4.50146, 9.32022, 15.4647, 21.4037, 29.1788)
(6.70051, 7.0598, 11.7955, 14.9163, 17.4171, 16.1389, 5.22426, 2.48795, 3.41833, 5.41982, 9.42146, 12.1043, 9.5974, 7.79397, 7.17275, 9.00221, 9.41489, 8.30943, 8.04676, 8.46669, 9.5875, 10.5041, 4.53962, 3.71092, 3.51261, 2.92762, 1.55735, 0.638764, 3.26226, 9.75654, 16.4351, 23.1269, 30.5323)
(6.51737, 9.08177, 15.0491, 17.864, 16.1799, 16.6393, 2.02371, 1.47638, 2.42265, 3.65011, 9.09572, 11.4371, 8.33199, 5.85222, 7.66157, 7.77774, 8.41131, 11.3796, 11.3343, 11.3768, 8.66906, 7.76835, 3.8848, 2.16059, 3.51672, 2.01499, 1.42328, 0.279227, 4.09035, 10.2335, 17.481, 21.7062, 33.2094)
(3.66083, 7.09942, 9.82048, 16.964, 26.4517, 21.2636, 4.54245, 1.39186, 1.86321, 1.15335, 5.789, 8.08116, 11.0502, 7.29459, 10.9752, 8.66048, 14.186, 8.00969, 7.26379, 8.59935, 9.16085, 6.71878, 0.92411, 3.58506, 3.32689, 4.45385, 0.839852, 0.252922, 1.97178, 9.70085, 18.2805, 25.4548, 31.2093)
(7.39376, 9.58295, 11.828, 18.146, 20.1504, 11.0784, 3.30663, 2.48978, 3.70426, 3.64027, 8.67957, 8.99181, 9.54486, 9.52768, 9.04992, 8.72405, 11.1078, 7.50254, 10.5395, 10.3091, 7.76683, 6.93595, 3.84307, 2.4393, 2.38436, 1.87693, 1.23234, 0.418842, 4.09511, 10.5802, 16.4656, 21.1754, 35.4888)
(8.47985, 7.62078, 10.6006, 12.3122, 15.5078, 11.5808, 6.37839, 4.87986, 4.79594, 6.16843, 11.6754, 10.9729, 8.94011, 9.68563, 8.27846, 7.72941, 7.10065, 8.47744, 9.02118, 9.12916, 10.4196, 10.2455, 7.15784, 5.49158, 3.92147, 3.24597, 1.49865, 0.52669, 2.89762, 7.30305, 12.9435, 20.871, 34.1426)
(8.04763, 8.10057, 12.1317, 14.7207, 14.3467, 12.4204, 5.59354, 4.07192, 4.40195, 4.96339, 11.2015, 11.9057, 8.12449, 9.45571, 8.35821, 7.37459, 8.30542, 9.53737, 8.73809, 9.17611, 8.78199, 10.2423, 9.67585, 7.35812, 5.29557, 3.50581, 2.53835, 0.62142, 3.36351, 7.33405, 12.2469, 19.4018, 28.6587)
(11.1202, 9.7243, 8.80889, 11.6927, 14.521, 12.5172, 6.64837, 5.65879, 5.10833, 6.18157, 8.01872, 13.5212, 8.50334, 9.97416, 7.59121, 7.70422, 6.5885, 7.92267, 8.64682, 8.43271, 8.81172, 12.3034, 8.67919, 6.88414, 7.38629, 5.44748, 3.22728, 0.848908, 4.55635, 8.16874, 11.2514, 19.5124, 24.0378)
(7.47571, 7.30581, 9.64347, 13.46, 16.1329, 14.4136, 8.82276, 5.25634, 3.2646, 4.28813, 9.93671, 11.029, 9.67821, 8.54109, 10.7504, 7.35138, 7.9363, 8.00498, 8.52165, 9.07609, 8.56093, 10.55, 5.92114, 5.70648, 6.50735, 4.71974, 3.22385, 0.409954, 4.61952, 7.64456, 13.1438, 19.7723, 28.3314)
(7.98238, 9.33441, 10.9636, 12.9632, 12.0627, 12.2248, 6.47425, 7.7317, 5.25327, 5.32891, 9.68071, 11.0416, 10.1045, 9.13268, 7.76879, 8.53006, 7.28816, 9.09549, 9.41806, 8.94978, 9.31809, 9.35285, 7.81272, 6.3918, 4.69163, 4.22293, 3.05253, 0.699157, 3.69248, 5.73879, 10.5217, 18.2436, 34.9327)
(9.7327, 10.452, 14.6883, 11.4785, 14.8331, 9.96556, 5.41486, 6.38407, 3.61777, 3.54828, 9.8848, 12.9675, 8.6555, 9.48689, 5.20099, 7.14323, 6.89186, 8.68637, 8.92802, 11.339, 11.3723, 9.32845, 7.25673, 6.6408, 6.19048, 5.40074, 2.20315, 0.775731, 2.07468, 9.09063, 12.9795, 19.3128, 28.0747)
(7.2864, 9.06665, 13.0375, 15.333, 15.1618, 10.4955, 5.97087, 5.43701, 3.74962, 5.5265, 8.93519, 11.3438, 10.141, 8.58926, 8.40026, 7.90388, 7.09032, 8.1359, 7.65554, 10.2807, 10.4179, 10.0414, 6.21453, 5.93168, 5.42128, 3.69006, 1.97621, 0.455916, 2.18093, 7.53208, 13.083, 23.4624, 30.0519)
(6.94501, 10.1952, 9.72519, 12.4483, 13.438, 13.4729, 7.79028, 8.04161, 4.85772, 5.85238, 7.23343, 13.3057, 10.7812, 6.4696, 11.521, 7.07769, 7.52172, 7.27329, 5.8599, 10.1178, 8.27498, 11.7971, 6.12149, 5.45746, 10.2528, 3.8082, 2.65312, 1.33551, 3.50806, 8.71131, 11.7503, 19.7678, 26.634)
(8.15443, 8.37688, 12.257, 10.6606, 11.688, 16.3067, 7.99168, 5.23601, 4.61277, 3.97945, 10.7364, 10.8712, 7.91802, 7.21412, 7.20566, 6.49828, 7.90684, 8.97687, 7.10032, 10.9708, 12.8092, 12.5287, 3.43039, 6.51324, 3.87668, 6.17974, 3.12751, 1.19433, 3.41422, 5.48788, 17.1222, 20.3679, 29.2859)
(3.2332, 4.01367, 16.4146, 21.1899, 20.3479, 15.8057, 5.4305, 3.24856, 4.4221, 3.13194, 2.76191, 7.23189, 7.30882, 6.49865, 9.16982, 10.5397, 12.2681, 8.93038, 10.5816, 8.86082, 12.0157, 6.5945, 3.84723, 3.76648, 5.66871, 4.06339, 2.27813, 0.326622, 3.38478, 8.10756, 14.6036, 24.9758, 28.9777)
(9.91675, 6.93874, 7.65471, 10.2498, 14.4866, 18.425, 7.56193, 5.81286, 5.44682, 3.95685, 9.55001, 9.58251, 10.037, 9.11359, 7.44166, 6.22691, 10.2952, 7.53893, 7.07786, 10.4165, 9.46856, 12.8013, 7.74854, 5.37066, 8.35419, 4.74849, 4.27947, 1.64606, 6.56502, 9.06564, 12.5848, 16.6061, 23.0311)
(8.33038, 6.41151, 9.73961, 12.3169, 15.7146, 14.8022, 7.13013, 4.263, 4.73094, 6.13027, 10.4304, 10.9268, 9.74279, 9.12422, 8.81394, 7.86703, 7.64428, 7.78261, 8.35334, 9.0549, 9.45254, 11.2376, 5.39204, 4.81196, 4.54534, 3.29308, 1.79707, 0.588289, 3.34081, 7.26998, 13.9165, 21.5107, 33.5342)
(5.32376, 6.15274, 11.2678, 14.7902, 19.2146, 16.8711, 6.47076, 3.08106, 4.49252, 5.49642, 6.83902, 10.6796, 9.572, 9.76519, 8.97871, 8.40514, 8.5855, 9.17924, 8.138, 8.0906, 8.69212, 9.91392, 5.0785, 4.52916, 3.05239, 2.91018, 1.60283, 0.563537, 2.53044, 6.95152, 13.5808, 23.0852, 36.1155)
(5.77869, 4.79775, 11.636, 21.2928, 21.8693, 15.6088, 6.44922, 1.59069, 1.0727, 2.3183, 7.58583, 13.4425, 9.10691, 9.09181, 8.64226, 8.0725, 8.51127, 9.66105, 8.47033, 10.1714, 7.97215, 6.85787, 1.87184, 1.68257, 2.10984, 2.60711, 0.784444, 0.63444, 1.59892, 4.0016, 11.6618, 21.7369, 51.3106)
(7.41838, 8.67399, 13.217, 21.5421, 19.7895, 11.3376, 3.70129, 3.58917, 2.22119, 2.30313, 6.20667, 6.50298, 7.31953, 8.87987, 8.26906, 12.1708, 12.7977, 11.9143, 10.5143, 6.57805, 8.10559, 6.94781, 2.8604, 2.02313, 1.54135, 2.09761, 2.04331, 0.584662, 3.00786, 10.8529, 17.5209, 23.9771, 33.4908)
(5.18215, 5.76386, 12.7401, 18.7826, 22.5978, 15.9203, 5.88778, 2.52164, 2.62075, 3.12121, 4.8618, 6.13495, 8.7165, 9.69005, 11.5759, 11.9523, 10.3889, 10.7142, 9.367, 8.44901, 7.23919, 5.77199, 7.2221, 3.8892, 2.98409, 2.18175, 1.36071, 0.781322, 2.66798, 8.06417, 14.6399, 23.9297, 32.2791)
(9.68151, 6.80463, 10.4761, 18.5401, 19.5889, 14.1038, 4.85249, 3.0056, 2.12118, 3.2979, 7.52776, 10.4951, 11.8856, 8.47623, 8.7984, 7.94802, 8.80651, 6.31123, 8.13181, 8.36079, 11.5762, 9.21008, 5.10756, 3.87233, 2.77061, 2.41767, 1.33706, 0.49715, 3.20762, 9.86011, 14.4021, 27.1529, 29.3749)
(3.48826, 5.55771, 9.97147, 22.1132, 28.2961, 13.9095, 6.52412, 2.09246, 1.58251, 2.87051, 3.59419, 5.49747, 7.33688, 8.88358, 10.4549, 13.2542, 12.2492, 10.9699, 8.71434, 8.05001, 7.27203, 7.31754, 5.46717, 2.39009, 2.34399, 1.98103, 0.77395, 0.263837, 3.00887, 8.87706, 20.3387, 28.0542, 26.5011)
(7.3347, 7.37584, 15.4726, 19.1687, 17.8861, 14.4257, 4.60569, 3.20671, 2.16105, 2.56796, 5.79485, 7.1791, 9.60228, 8.24694, 8.88005, 10.7741, 11.6018, 9.97688, 11.0365, 7.19067, 7.79834, 7.71332, 2.58454, 3.04069, 2.79749, 2.64095, 2.38683, 0.913679, 3.64321, 9.38883, 17.1303, 24.7828, 30.6907)
(7.32224, 7.48424, 12.1945, 17.5251, 18.8008, 14.536, 3.97429, 1.95723, 3.90267, 4.31017, 7.99271, 9.48532, 9.08571, 9.36509, 8.3514, 9.20451, 9.68651, 10.6053, 9.20363, 9.36269, 7.5883, 8.06153, 7.70398, 4.12463, 3.35623, 3.55833, 1.80277, 0.865245, 3.62185, 10.8364, 16.6927, 22.7063, 24.7316)
(4.10258, 1.42946, 13.6575, 21.9261, 30.093, 16.4204, 4.12358, 0.0304829, 4.07097, 2.73877, 1.40706, 2.77981, 5.50844, 8.22822, 12.3174, 27.1818, 9.62757, 8.27255, 12.2816, 8.21673, 5.50056, 0.085425, 10.8937, 1.39839, 0.0317874, 0.0259999, 0.0136955, 0.00663858, 0.0442015, 9.57565, 28.6098, 21.9911, 27.4091)
(6.02796, 5.346, 9.77012, 20.495, 22.0682, 20.0743, 3.54586, 1.60947, 2.4686, 2.955, 5.63946, 6.5976, 11.7334, 8.38263, 7.45973, 8.8777, 10.3136, 9.69758, 12.4008, 7.81809, 11.3859, 5.33305, 2.99702, 3.07934, 2.81124, 4.60176, 1.99823, 0.525554, 4.40469, 11.6778, 18.431, 21.9917, 27.4817)
(7.13282, 7.43845, 10.0537, 17.3559, 19.1128, 17.1548, 6.3276, 1.95704, 1.98921, 3.15586, 8.32183, 9.49958, 9.5684, 8.19524, 7.85566, 8.5808, 8.90787, 10.2535, 10.1714, 8.61913, 10.3744, 7.97403, 3.14864, 3.04201, 4.22269, 4.02285, 2.53436, 0.642659, 3.75247, 10.7372, 18.1425, 22.5579, 27.1967)
(5.49344, 3.13429, 18.0603, 22.1643, 13.9415, 18.4197, 2.80883, 0.158672, 3.83939, 3.95543, 8.02418, 6.95569, 6.90404, 7.99862, 8.01391, 13.05, 5.83964, 8.191, 14.1171, 16.5421, 8.01432, 4.37359, 0.376828, 1.49571, 1.51957, 1.49434, 3.78966, 0.056766, 5.18373, 9.36292, 24.5574, 24.0316, 28.1315)
(4.66309, 7.05523, 11.3941, 25.1494, 22.6797, 18.9865, 1.26106, 1.43585, 0.567515, 1.77199, 5.03555, 7.55433, 8.60743, 7.28947, 6.60883, 9.91654, 19.5086, 10.9336, 10.4859, 10.6523, 5.55407, 2.88893, 0.718491, 0.770202, 0.945736, 1.00158, 0.483658, 0.142903, 4.99405, 10.9379, 26.2997, 22.0008, 31.705)
(7.13366, 6.96139, 10.5027, 11.5249, 12.4281, 11.1069, 7.80537, 4.09253, 6.50463, 5.69001, 16.2498, 11.358, 11.1278, 9.99461, 7.30598, 9.50649, 8.67811, 8.11818, 7.64454, 7.57869, 6.69173, 11.9958, 11.5821, 8.23176, 4.31202, 3.08673, 0.994896, 0.878731, 3.96869, 6.14853, 14.9127, 17.7185, 28.1653)
(6.17872, 8.36422, 8.58477, 13.9023, 16.2252, 15.377, 10.1474, 5.1322, 2.80307, 4.40676, 8.87842, 11.9294, 10.4119, 9.84361, 7.43084, 8.24997, 7.14043, 8.39815, 9.05389, 8.06917, 8.75951, 10.7132, 6.92472, 7.0125, 6.84079, 5.26182, 2.83079, 0.573522, 3.7849, 8.6773, 12.8902, 18.5632, 26.6403)
(4.14016, 7.35452, 15.4009, 23.0941, 22.1417, 8.5076, 3.45584, 3.95586, 3.26115, 3.77266, 4.91552, 8.95318, 7.30106, 8.50221, 9.77601, 10.7984, 9.32038, 10.3678, 12.4012, 9.53993, 6.80172, 6.23811, 3.96, 2.61703, 1.95973, 1.2649, 0.678857, 0.268797, 1.99531, 8.1165, 19.3265, 25.1793, 34.633)
(7.185, 6.48844, 13.2461, 14.8566, 15.121, 14.9746, 6.9345, 4.75512, 3.22193, 4.09864, 9.11804, 8.4628, 7.93151, 8.88529, 10.0461, 8.7409, 7.90771, 7.28323, 9.30373, 10.1323, 12.0404, 9.26605, 3.52821, 5.4642, 5.06231, 4.3873, 2.33174, 1.15707, 3.83588, 8.40632, 12.6393, 22.0913, 31.0964)
(5.11614, 6.26041, 15.8102, 16.8968, 15.1964, 16.1509, 5.30369, 3.7637, 3.85254, 5.54264, 6.1065, 6.09928, 8.25348, 10.3222, 10.2267, 9.45429, 8.65791, 7.7367, 8.67145, 9.80949, 11.1661, 9.60238, 2.91104, 6.05843, 4.42073, 4.63268, 2.17083, 0.865145, 3.32706, 9.72274, 12.6765, 22.6407, 30.5741)
(6.77505, 8.93668, 13.8557, 15.1756, 17.0163, 11.8781, 6.3581, 5.36279, 3.28532, 4.03221, 7.32413, 9.49029, 8.60002, 9.32425, 10.0709, 9.25519, 9.00477, 9.62899, 9.00582, 10.1378, 8.22715, 7.25484, 5.75431, 6.56387, 5.59349, 3.1644, 2.42044, 0.566598, 3.36427, 8.63258, 12.9934, 19.3673, 31.5793)
(8.39616, 7.77309, 10.0434, 13.4406, 15.9327, 15.0376, 7.06659, 3.85228, 3.25478, 4.54215, 10.6607, 10.66, 10.0049, 8.70778, 8.93948, 7.4806, 7.08266, 7.53238, 8.41145, 8.8968, 10.1786, 12.1053, 4.88525, 4.64998, 5.29016, 3.97894, 3.21549, 0.646403, 5.07588, 9.50171, 14.7035, 20.2196, 27.833)
(7.32042, 6.59327, 13.6432, 16.8582, 16.6571, 11.4057, 5.73423, 7.41494, 2.93257, 4.8526, 6.58775, 9.91563, 10.4812, 7.81336, 8.89632, 9.72193, 7.49178, 9.62383, 8.22119, 11.9033, 9.21814, 6.7133, 5.00809, 6.20249, 7.05885, 4.29307, 3.43016, 0.343456, 3.29387, 10.6522, 15.2635, 17.6208, 26.8335)
(6.63719, 6.23219, 11.7761, 15.254, 18.5127, 16.0519, 6.05344, 3.68113, 4.20003, 4.74896, 6.85236, 9.6202, 8.57454, 8.25018, 8.802, 8.95363, 8.70269, 9.21888, 8.78604, 9.50577, 9.40651, 10.1795, 4.35148, 4.68807, 4.73599, 3.78236, 1.94813, 0.654377, 3.26223, 8.94871, 14.6284, 22.1679, 30.8323)
(2.78589, 3.77165, 14.7122, 20.0069, 25.2078, 16.8947, 5.71166, 2.30304, 3.4478, 2.51197, 2.64635, 7.55311, 7.46451, 6.98535, 9.79692, 11.3585, 12.2243, 10.5359, 8.35233, 9.34105, 9.90979, 6.47825, 2.96133, 3.44758, 3.64647, 3.54026, 1.63616, 0.392674, 3.5944, 10.3171, 16.1427, 25.5085, 28.8127)
(2.29332, 5.25106, 11.2001, 19.6233, 26.9258, 18.8696, 6.00886, 2.05491, 3.57636, 2.16453, 2.03229, 7.28421, 9.27711, 7.06164, 8.82201, 11.5428, 13.333, 9.51705, 8.79586, 9.77425, 8.6213, 5.97074, 2.4724, 2.23886, 3.21344, 3.03339, 2.04148, 0.72245, 4.70469, 10.1459, 17.4914, 25.5811, 28.3549)
(4.95764, 5.91018, 9.61828, 13.3254, 18.7708, 16.0172, 10.5449, 5.16907, 3.02904, 4.79048, 7.86701, 15.0519, 8.35081, 9.96141, 5.53557, 5.74881, 6.25688, 7.91856, 8.36268, 10.6945, 9.48919, 12.6297, 9.45325, 3.01445, 3.58711, 2.95845, 2.17664, 0.69605, 2.56899, 7.23285, 16.3405, 22.6945, 29.2772)
(6.04576, 8.21875, 11.6923, 21.0563, 21.9343, 13.3422, 2.99809, 3.3767, 2.86116, 2.38478, 6.08968, 5.83047, 7.04173, 5.46877, 10.049, 12.6415, 15.0741, 11.0323, 11.1511, 8.89835, 7.14926, 5.66342, 2.67458, 3.30694, 1.89683, 1.99462, 1.35356, 0.513207, 3.09688, 12.4903, 15.5864, 25.8235, 31.2632)
(2.22474, 5.78076, 13.1531, 26.0687, 30.8295, 11.7006, 3.06567, 1.83729, 1.16599, 1.92299, 2.25065, 3.30282, 9.79252, 12.6036, 12.8232, 12.2705, 9.27019, 11.4254, 10.5599, 7.06703, 6.23483, 4.64998, 3.68783, 0.544879, 2.5111, 1.7237, 0.230583, 0.100656, 1.20954, 8.9893, 10.369, 24.9539, 45.6796)
(3.11851, 4.66194, 12.4186, 22.9081, 25.5497, 16.675, 4.74588, 1.98232, 2.26116, 2.20359, 3.47528, 5.46583, 8.41647, 8.17532, 10.5554, 13.2507, 10.366, 11.0495, 10.2387, 8.98987, 7.91287, 5.57945, 4.51246, 2.12995, 1.70619, 1.40347, 1.10895, 0.413708, 2.93721, 9.02974, 18.8799, 26.5232, 31.3552)
(8.01746, 7.41509, 11.1146, 17.2624, 21.6654, 17.0771, 3.56543, 2.39141, 2.13407, 2.08972, 7.26732, 8.43733, 10.6096, 9.95968, 8.65907, 9.8239, 9.9374, 8.6421, 8.39559, 8.01439, 10.058, 7.46296, 5.0683, 4.09183, 3.06638, 2.31853, 1.46543, 1.19584, 5.39988, 11.2795, 19.016, 22.1711, 24.9272)
(0.942617, 3.34694, 8.38298, 31.2959, 33.9618, 14.6338, 4.72839, 0.56504, 0.518375, 0.731308, 0.892792, 2.52306, 6.2439, 8.59873, 10.6133, 13.3132, 15.6444, 17.8257, 11.9458, 6.5553, 4.10079, 2.6359, 5.5155, 1.65417, 1.60314, 0.463753, 0.265423, 0.153691, 2.95219, 9.83179, 25.1839, 25.4599, 26.9166)
(4.08476, 6.19395, 15.2138, 26.8947, 20.3366, 9.81461, 6.64986, 2.01604, 1.96416, 1.92174, 4.90973, 6.79758, 4.77347, 9.40691, 9.3325, 10.3764, 14.8695, 11.7886, 11.8231, 6.76586, 6.81061, 7.25544, 4.05021, 4.05891, 2.27267, 2.01123, 1.69927, 0.63133, 3.04419, 5.65469, 12.6008, 27.1803, 36.7964)
(5.53669, 6.36267, 12.4806, 21.1699, 19.8111, 10.7435, 5.1788, 3.64211, 3.82359, 2.81686, 8.43422, 8.14794, 7.52784, 9.54492, 9.9322, 9.59573, 10.4391, 9.58293, 10.5872, 10.3522, 7.62749, 6.66245, 6.00876, 5.12714, 4.23591, 2.16925, 1.55892, 0.704234, 3.28909, 7.62742, 15.1748, 22.4782, 31.6263)
(6.73575, 6.74872, 12.2698, 17.7311, 17.2921, 12.4867, 5.78422, 3.89841, 4.53806, 3.25542, 9.25974, 9.21897, 8.6417, 9.12444, 9.47536, 9.08088, 8.70173, 9.93754, 9.44124, 10.9125, 8.79638, 6.66924, 5.9831, 6.2276, 4.72106, 2.91861, 2.24833, 0.734216, 4.02559, 7.56094, 14.8585, 19.845, 30.877)
(7.17756, 7.19622, 11.1086, 16.3286, 21.1399, 15.5557, 5.49367, 2.15632, 2.1369, 3.10173, 8.60492, 8.01556, 9.23552, 7.93524, 8.84098, 9.40928, 8.48983, 9.52911, 10.2496, 8.3311, 10.5077, 9.4561, 2.45662, 2.53581, 2.6408, 2.92886, 3.25397, 0.410798, 5.35812, 10.1359, 17.9494, 23.506, 28.8237)
(5.61279, 6.93446, 11.4105, 20.5794, 22.2318, 15.7823, 4.09588, 1.94911, 2.3581, 2.27066, 6.77498, 6.19079, 6.19512, 8.87738, 11.8195, 11.5952, 11.5617, 9.96219, 9.22099, 8.57354, 7.4091, 8.59459, 2.00978, 2.49637, 2.82709, 2.70718, 1.83527, 0.345583, 4.8402, 9.02966, 20.2198, 23.2289, 30.4601)
(3.45825, 4.78656, 13.4223, 19.4739, 26.605, 17.3081, 3.59568, 2.10939, 3.38113, 2.50275, 3.35692, 7.04297, 7.64099, 8.51341, 10.0926, 12.1059, 11.9515, 10.9431, 9.67517, 8.70863, 7.40032, 5.92532, 1.92162, 2.19816, 2.53036, 1.78569, 1.32841, 0.36161, 4.26949, 11.2115, 18.7031, 25.775, 29.915)
(4.8283, 6.0501, 13.6589, 20.194, 23.486, 15.5441, 4.78431, 2.16215, 2.50672, 2.80187, 3.98346, 6.25329, 7.02597, 8.04519, 10.4996, 11.9332, 10.6324, 11.347, 10.0575, 8.45485, 8.24524, 7.5057, 3.4726, 2.25178, 1.85356, 1.48587, 1.06086, 0.40461, 4.31589, 7.96779, 19.7622, 24.3976, 33.0273)
(5.19121, 6.5636, 16.0509, 18.6481, 24.5819, 17.6238, 4.22955, 2.14488, 0.590833, 0.713497, 3.66178, 10.9524, 7.96749, 10.9982, 9.59272, 13.4171, 9.36359, 8.64451, 10.9079, 7.82662, 6.30131, 4.02807, 1.57137, 1.4981, 3.8416, 2.86407, 2.72816, 0.121309, 3.06409, 10.8551, 17.6055, 29.1914, 26.6593)
(5.67838, 6.27807, 11.3807, 18.0264, 21.0544, 15.7575, 6.54068, 3.06366, 2.65172, 3.21288, 6.35551, 8.24746, 9.39833, 9.54818, 9.70328, 9.97307, 8.7495, 9.19433, 8.74666, 9.48914, 8.77067, 8.17938, 4.21581, 3.10395, 2.6738, 2.21695, 1.4632, 0.545167, 3.68185, 7.69594, 15.6844, 24.6689, 34.05)
(1.78002, 9.0663, 13.3876, 16.9115, 23.5374, 21.6488, 2.67162, 2.51933, 3.35284, 3.33998, 1.78462, 5.9775, 9.2078, 13.2005, 7.63808, 8.51794, 7.70673, 12.4896, 8.44301, 12.4551, 10.8173, 3.5464, 0.977007, 2.529, 3.34169, 2.51912, 1.6859, 0.0263326, 3.39283, 11.6512, 14.4376, 32.3807, 27.0586)
(3.43992, 4.37494, 11.9042, 23.4922, 25.0339, 14.8413, 4.98517, 2.7737, 3.40792, 2.5351, 3.21162, 6.34377, 8.05845, 7.63703, 10.0799, 12.1873, 11.3635, 10.6258, 10.6738, 9.83498, 7.20706, 5.98843, 4.03699, 2.63972, 2.9474, 1.8062, 1.0892, 0.387064, 2.74279, 9.5381, 17.6701, 26.3587, 30.7838)
(4.62512, 10.0824, 16.2017, 14.455, 19.5406, 15.3117, 2.02605, 5.0264, 1.68306, 3.71865, 7.32925, 8.9326, 8.41605, 9.79893, 4.58929, 12.7305, 7.8763, 5.27709, 10.5291, 12.5176, 12.397, 6.93548, 3.90107, 1.69086, 2.98754, 0.910304, 0.151254, 2.74126, 2.42864, 7.71556, 10.7311, 24.468, 42.2744)
(4.85716, 8.98433, 12.7189, 17.8715, 23.1324, 15.6988, 4.62016, 3.28797, 4.04765, 1.09, 3.69109, 4.18707, 4.3568, 11.1218, 8.40656, 22.0262, 13.3531, 10.4468, 9.58201, 6.01332, 6.58993, 3.91643, 3.47053, 1.38597, 3.1982, 1.08744, 0.781028, 0.342233, 1.55448, 11.956, 18.1001, 27.2299, 30.8941)
(0.942598, 2.44601, 7.80633, 30.3751, 35.1498, 10.726, 8.70596, 0.724457, 0.612054, 1.66855, 0.843119, 1.66978, 5.44016, 5.85764, 14.9441, 16.7384, 10.3686, 17.4016, 11.7136, 8.79586, 4.35149, 2.71882, 2.79512, 0.730701, 1.63183, 0.493597, 0.302251, 1.10946, 3.12764, 8.2858, 24.0508, 29.9462, 27.5266)
(5.68913, 7.26291, 12.783, 16.6652, 19.046, 14.4957, 5.30803, 4.95515, 3.11671, 3.13226, 7.54587, 8.08417, 7.88195, 10.2876, 10.5085, 9.50971, 9.23, 10.4658, 9.7338, 10.2354, 8.13086, 5.93217, 6.18005, 5.3414, 4.36464, 2.61789, 1.98249, 0.475549, 3.13643, 7.4009, 15.6643, 20.8551, 31.9813)
(5.52761, 5.07864, 12.3398, 20.2971, 27.0904, 14.6649, 3.34222, 1.60919, 2.43778, 2.42624, 5.18619, 4.91651, 6.09828, 8.00776, 10.2874, 12.2756, 10.6792, 10.7893, 10.9243, 10.4903, 7.95975, 7.57163, 2.46685, 1.45472, 1.68077, 1.73327, 1.02752, 0.299282, 4.60676, 10.5838, 20.4671, 25.252, 30.428)
(4.4647, 5.14613, 16.1274, 20.7071, 27.0423, 16.7113, 2.33245, 1.24797, 1.70819, 1.92788, 2.58452, 5.02357, 6.9872, 7.76979, 10.156, 13.2436, 12.0185, 12.6996, 9.33134, 8.32376, 7.39856, 7.04807, 2.34215, 1.26279, 1.6041, 1.03702, 1.56775, 0.595365, 5.21424, 10.467, 19.9009, 25.4428, 30.566)
(4.96735, 5.73433, 7.35775, 20.8516, 21.742, 15.6855, 7.21135, 3.43718, 5.40838, 3.51724, 4.08737, 10.7674, 6.84669, 7.49021, 7.92517, 9.57758, 11.228, 11.8353, 11.165, 8.82211, 6.47001, 7.87256, 6.74213, 6.63214, 5.48521, 2.68923, 1.40498, 0.385445, 2.34717, 5.62874, 14.3028, 25.6467, 28.7355)
(2.73742, 3.17252, 8.83661, 22.5313, 30.5252, 20.2499, 5.15181, 2.24235, 1.89344, 1.15113, 1.50831, 4.21536, 4.19441, 7.3054, 12.6008, 17.0498, 12.807, 11.3424, 10.1702, 8.18599, 6.16786, 5.9607, 4.32106, 2.26337, 2.24062, 0.919834, 1.87946, 0.231925, 3.96571, 11.1273, 22.6763, 23.6984, 26.676)
(1.23437, 2.52918, 5.90086, 32.4805, 32.2427, 15.3663, 4.63603, 2.75977, 0.998529, 0.875893, 0.97596, 3.65702, 5.14747, 4.28866, 12.9325, 16.2425, 16.3348, 15.6955, 10.8157, 6.09897, 5.63218, 3.15474, 4.46155, 0.886896, 0.8945, 0.715831, 0.415551, 0.144056, 2.594, 7.51004, 25.3019, 27.0852, 29.9905)
(2.33824, 3.27231, 14.6492, 21.7157, 31.3029, 17.218, 2.76397, 1.79366, 1.88467, 1.3266, 1.73477, 4.34261, 6.40927, 7.8333, 10.4454, 14.2035, 13.0962, 13.1885, 10.7788, 9.94154, 5.75552, 4.0053, 1.59455, 2.35455, 1.51853, 1.11104, 0.966768, 0.21197, 3.96816, 11.1793, 19.4335, 24.6829, 32.9788)
(3.68784, 4.72179, 12.003, 20.5007, 30.7926, 16.739, 4.10001, 1.7166, 2.1668, 1.68967, 1.88197, 3.14811, 5.10962, 7.74535, 10.4793, 13.4364, 12.4649, 12.8186, 10.4644, 12.0711, 6.33791, 5.92432, 1.88665, 1.07105, 1.07448, 0.756949, 0.510168, 0.175609, 3.7462, 13.3766, 22.8717, 25.9099, 28.6207)
(2.59385, 3.80337, 11.5594, 28.0341, 23.2144, 13.9838, 4.84711, 1.95552, 4.82026, 2.79051, 2.3977, 7.14844, 5.84854, 8.71351, 8.99686, 9.94697, 11.2452, 11.4915, 9.25119, 12.3861, 11.2835, 3.68819, 2.34537, 1.92589, 1.96288, 1.58702, 0.477104, 0.147201, 2.42156, 9.63949, 18.0629, 29.7351, 31.6955)
(2.62569, 2.81181, 8.07124, 18.854, 31.0747, 21.1185, 6.52902, 2.72435, 2.84722, 1.98781, 1.35575, 3.41373, 5.7244, 8.07469, 12.974, 12.6374, 12.5735, 10.037, 12.3058, 7.51899, 10.2696, 4.47085, 6.13409, 1.38234, 4.40959, 0.530623, 2.35016, 0.116625, 4.88855, 8.15135, 16.7222, 22.5286, 32.7859)
(0.982884, 1.32655, 8.72866, 23.0092, 43.6531, 14.1969, 3.46585, 0.847687, 2.43234, 0.662241, 0.694571, 1.58237, 3.85625, 4.31133, 9.0384, 20.7959, 20.1641, 23.25, 4.24864, 4.9221, 4.3215, 3.5095, 1.56017, 2.17091, 0.853664, 0.374044, 0.372449, 0.0981204, 1.35776, 6.66149, 15.275, 28.4483, 42.8281)
